start,length,user_id
0,3691,2
465,3362,3
1906,626,1
3571,647,1
4009,3039,9
4031,6253,3
4346,2412,6
4393,986,5
4684,25,4
5705,1105,7
5872,23087,41
5999,1609,5
6063,245,4
6765,8908,22
6796,300,6
6955,48,8
7071,23,8
7219,23,8
7307,441,11
7334,24,8
7444,122,8
7452,54,10
7464,13,8
7519,1936,3
7623,3945,8
7633,33,8
7721,35,8
7804,33,8
7935,26,8
8017,564,1
8113,46,8
8130,185,11
8308,97,8
8489,26,8
8619,25,8
8631,17,12
8653,17,12
8675,2815,12
8690,2797,12
8725,40,8
8856,39,8
8980,45,8
9104,35,8
9406,254,11
9488,49,8
9721,79,8
9811,28,1
9830,28,8
10227,6450,23
10257,27,8
10368,27,1
10402,138,11
10408,4514,5
10438,65,8
10448,302,1
10536,1002,8
10745,49,13
10800,52,13
10857,24,13
11008,8871,13
11290,34,14
11317,1453,17
11505,12,12
11527,13,12
11545,626,12
11559,612,12
11991,8264,9
12155,59,8
12228,500,8
12391,8641,2
12606,30,15
12624,19,12
12634,89,16
12651,15,12
12675,1945,12
12692,2192,12
12729,163,15
12793,130,16
12892,188,15
13080,226,15
13175,887,8
13297,5143,24
13306,186,15
13322,5092,24
13331,647,17
13345,58,18
13659,1358,20
13705,273,18
13777,154,15
14044,15,19
14258,674,17
14358,699,15
14369,65,18
14405,7952,19
14500,456,8
14717,1061,3
14751,18,12
14763,694,15
14774,15,12
14797,115,12
15013,24,12
15046,38,12
15183,327,12
15203,302,12
15210,8047,20
15218,1856,17
15289,98,21
15457,1054,15
15533,35,12
15575,21,12
15604,250,12
15697,205,21
15705,7906,29
16123,49,12
16163,18,12
16178,2529,12
16207,3892,12
16511,28,15
16539,230,15
17064,5106,8
17099,73,8
17365,414,8
17432,2628,19
17616,364,17
18298,1235,26
18597,22,25
18664,113,8
18864,34,25
18918,25,8
19128,9104,22
19186,3938,28
19354,49,8
19395,2211,26
19533,41,8
19746,25,8
19813,129,17
19875,12513,13
20141,35,8
20380,26,8
20500,46,17
20774,31,8
20907,59,10
21561,968,26
21590,68,27
21725,478,8
22007,713,3
22262,31,8
22374,1370,15
22467,77,10
22478,67,8
22623,49,8
22799,1427,3
22848,10,8
22868,25,8
22949,1023,8
23020,49,21
23181,8460,35
23290,72,21
23603,131,21
23793,61,2
23804,114,21
23811,24,30
23919,297,30
24009,28,9
24021,123,8
24127,7500,2
24261,25,9
24266,1015,8
24281,45,10
24447,3617,19
24557,659,10
24587,27,9
24598,76,21
24999,95,21
25040,30,9
25055,114,14
25122,347,21
25222,59,14
25279,847,26
25425,35,8
25428,250,14
25576,174,21
25581,28,8
25644,119,10
25747,77,8
25890,58,31
26266,111,10
26644,35,8
26659,65,10
26844,27,8
26878,413,15
27093,26,8
27230,61,14
27291,779,15
27305,40,10
27383,25,8
27556,38,10
27621,442,8
27641,23,30
27647,25,8
27728,2649,32
28008,54,10
28182,4125,19
28227,5186,10
28504,302,8
28951,83,8
29052,462,8
29066,50,8
29084,5101,3
29321,38,8
29509,10416,17
29574,37,8
29819,43,8
29893,663,34
30046,337,19
30054,513,34
30157,5253,26
30214,64,8
30403,57,8
30416,1788,32
30459,94,33
30504,1509,8
30587,190,8
30651,621,33
30827,33,8
30880,30,8
30939,1047,8
31404,6472,29
32108,132,8
32227,7876,19
32274,33,8
32299,2020,19
32343,1649,32
32503,5207,8
32694,5002,37
32740,5768,37
32926,178,36
33148,9095,23
33164,869,36
33268,40,36
33309,4573,8
33427,1197,10
33811,8507,20
34047,578,36
34321,1274,3
34405,5023,19
34700,525,10
35131,2139,26
35479,61,31
35741,336,10
35968,8323,2
36364,279,3
37877,624,37
37943,77,8
38477,106,38
38487,102,8
38717,68,8
38960,992,39
39176,73,8
39647,2354,19
40112,69,8
40287,67,8
40393,9678,8
42251,4008,8
43341,1704,40
43946,20,36
44047,128,36
44303,14199,22
45065,296,40
45370,79,40
45488,19,40
45518,1696,40
45702,133,36
47488,3908,26
47887,4039,40
48382,145,36
48913,151,36
49517,169,36
50349,31,8
50785,74,8
51022,72,8
51610,1137,26
51791,66,8
51977,91,8
52487,3393,26
53631,4206,2
54586,950,17
58433,14160,22
87154,521,3
87275,67,1
87375,1456,3
87661,28,1
88149,53,1
88189,242,1
89147,2239,3
89581,181,36
89606,4185,34
89617,626,17
89623,5722,34
89643,5108,43
89661,4946,43
89712,4492,22
90723,1151,17
90821,47,40
90834,32,15
90946,39,15
91037,33,15
91173,38,15
91298,43,15
91390,148,15
91546,20,31
91909,365,17
91920,22,30
92031,432,17
92324,2115,20
92391,440,17
92597,4324,17
92652,18729,41
92957,27,12
92992,6387,12
93033,495,3
93423,21,8
93540,22,8
93551,184,3
93573,333,30
93692,64,8
93729,25,12
93751,387,3
93761,960,12
93785,331,42
93830,1171,42
93899,1834,34
94150,623,3
94173,6096,22
94204,27,8
94511,363,5
94552,33,20
94606,7523,20
94738,891,43
94771,3870,43
94780,3860,19
94790,4879,3
95228,8444,23
95320,3330,40
95347,365,30
95370,374,34
95504,5971,24
95643,26,8
95741,1462,43
95746,6558,42
96049,553,30
96551,15130,26
96711,4446,5
96853,1175,17
96991,48,30
97049,2014,33
97857,19,44
97979,57,44
98042,142,44
98691,110,44
98715,244,30
98756,175,44
98788,4492,40
99002,74,10
99440,58,10
99489,390,33
99592,33,10
99714,144,44
99723,43,44
99774,86,44
99857,21,10
99941,28,10
100062,41,9
100181,618,10
100203,5067,22
100339,992,33
100364,175,9
100376,296,3
100560,181,44
100585,162,44
100798,155,44
100963,86,44
101071,7166,3
101085,562,38
101098,219,36
101461,267,44
101480,4621,33
101599,137,44
101644,185,9
102032,1893,19
102130,218,44
102171,179,44
102474,3644,30
102750,23,44
102764,5581,17
102847,228,44
102994,91,44
103369,56,44
103390,4979,42
103771,4773,19
103841,30,8
103965,5963,20
104001,954,9
104017,154,36
104114,51,8
104314,28,8
104338,1152,38
104423,25,10
104521,239,44
104529,231,44
104588,319,10
104753,950,24
105156,31,8
105203,3931,22
105259,984,10
105282,67,44
105363,2077,5
105371,545,9
106377,555,9
106899,54,33
107026,42,8
107164,346,10
107461,52,20
107524,338,10
107621,360,20
108170,34,20
108226,202,20
108272,2693,3
108530,3392,20
108572,55,8
108712,5827,19
108754,475,9
108847,4126,32
108949,1804,5
109068,5674,22
109401,52,8
109644,6464,9
109809,1789,40
109930,762,33
109939,7964,20
110493,4117,5
110951,1750,33
111422,604,30
111666,284,8
111674,1149,40
111734,414,3
111957,3920,37
112011,5897,37
112020,32,20
112025,105,8
112158,914,20
112169,971,3
112736,421,30
112746,936,17
113100,4986,40
113366,86,8
113412,305,3
113608,1440,26
113765,5611,17
113922,187,45
113999,2062,33
114111,115,25
114197,93,27
114387,2273,3
114410,6205,19
114527,1989,32
114656,180,27
114678,2378,22
114810,47,30
115299,2807,2
115318,42,2
115410,146,27
115478,415,30
115612,6816,35
115619,8014,23
115850,72,27
115868,11955,29
116031,376,20
116109,961,10
116314,26,2
116351,3289,38
116362,376,30
116462,49,20
116554,21,20
116909,5909,33
117004,4992,9
117072,3535,42
117234,2607,19
117717,28,20
117896,45,20
117907,7592,20
117985,175,20
118148,4674,47
118202,64,20
118256,2406,40
118291,22,20
118660,35,2
118845,78,8
118943,7818,33
119231,670,26
119293,3955,39
119434,119,27
119546,8408,19
119623,2300,24
119646,354,27
119737,200,27
119813,4881,26
119836,3785,26
119848,34,2
119975,1227,38
120105,5511,17
120603,67,8
120626,894,34
120730,35,34
120801,722,34
120893,86,8
120944,36,2
121130,172,46
121407,77,8
121545,839,40
122081,175,2
122890,1319,46
123222,4583,28
123893,2369,35
124208,327,34
124226,251,34
124293,154,16
125513,5329,20
125606,121,16
125893,1950,48
125919,670,48
126200,179,16
126412,4647,17
126759,1011,48
127818,7519,29
129332,49,47
129633,544,49
130205,129,49
130228,10180,40
130360,1251,49
130856,6331,20
131234,7216,17
132168,5617,9
134215,2188,35
135348,13626,29
137193,4182,20
140421,6368,17
140872,3453,42
144148,407,22
144334,992,2
144600,4148,20
146663,3443,2
148165,2095,2
148759,4181,20
148986,7499,29
150190,3984,2
150526,12707,2
152946,2870,20
155823,69,20
155903,66,20
155975,65,20
156046,65,20
156117,65,20
156188,64,20
156258,65,20
156328,66,20
156399,69,20
156473,71,20
156489,11843,29
156551,65,20
156622,67,20
156695,68,20
156769,70,20
157743,81,20
157831,68,20
157904,67,20
157977,66,20
158048,65,20
158119,64,20
158189,67,20
158261,66,20
158333,66,20
158406,65,20
158476,66,20
158548,66,20
158621,66,20
158693,64,20
158762,63,20
158831,64,20
158902,67,20
158974,66,20
159046,70,20
159122,66,20
159194,65,20
159271,78,20
159357,70,20
159434,68,20
160420,87,20
160514,66,20
160587,67,20
160660,72,20
161638,81,20
161725,66,20
161797,65,20
161867,67,20
161939,65,20
162010,65,20
162080,64,20
162149,66,20
162221,68,20
162295,65,20
162366,65,20
162438,64,20
162509,66,20
162580,71,20
162657,68,20
162730,66,20
162801,66,20
162872,68,20
162945,67,20
163017,65,20
163088,66,20
163160,65,20
163231,67,20
163303,68,20
163377,65,20
163448,65,20
163518,66,20
163590,70,20
163666,72,20
163744,65,20
163815,65,20
163886,65,20
163958,66,20
164030,67,20
164103,64,20
164173,66,20
164245,66,20
164317,67,20
164390,67,20
164463,66,20
164535,65,20
164606,65,20
170319,2120,31
170319,3053,31
170319,3295,31
170319,12248,31
170380,2119,31
170380,3052,31
170380,3233,31
170380,12127,31
170498,2063,31
170498,2997,31
170498,3235,31
170498,11948,31
170499,2062,31
170499,2996,31
170499,3174,31
170499,11616,31
170559,2059,31
170559,2993,31
170559,3174,31
170559,11435,31
170619,61,31
170798,6841,31
170859,59,31
171038,2694,31
171038,4274,31
171038,4969,31
171038,11244,31
171100,394,45
171436,181,31
172873,178,31
173552,60,31
173552,61,31
173612,61,31
174126,143,31
174129,80,31
174269,60,31
174451,8431,31
174504,120,31
174744,3960,31
174805,4019,31
174924,4575,31
174924,4869,31
174924,7358,31
174925,3216,31
174925,3277,31
174925,4927,31
174925,5181,31
174925,7237,31
175044,2653,31
175044,6741,31
175045,3962,31
175045,4164,31
175107,2589,31
175107,3838,31
175107,4077,31
175107,7400,31
175133,2079,31
175133,3069,31
175133,6861,31
175193,2563,31
175193,3814,31
175193,4067,31
175193,6863,31
175312,181,31
176720,193,31
176777,136,31
178011,12795,33
178140,1,50
178142,12871,33
178824,121,31
179199,29,21
180969,62,31
183670,12766,27
183823,1040,27
183938,98,8
183998,3428,35
184044,12520,40
184348,44,16
184449,18,12
184478,35,12
184502,2205,26
184518,11929,12
184532,52,34
184544,1297,12
184567,11856,34
184659,11785,34
184846,212,10
185305,140,20
185326,24,3
185522,11039,20
185621,10833,8
185840,48,16
185939,10723,10
185946,10425,9
186075,65,16
186113,268,3
186151,15,51
186163,10499,8
186504,59,25
186504,206,25
186563,77,25
186563,148,25
186640,69,25
186648,61,25
186709,54,25
187391,8728,21
187628,8599,23
188289,12918,29
191966,14,51
193392,940,52
194894,7877,23
196472,368,48
196503,3699,26
196606,286,48
196755,11,51
196762,6448,40
196801,2924,53
196842,2205,8
196956,11,51
197110,334,26
197313,4533,19
197346,10,51
197428,656,39
197528,22,52
197548,821,26
197609,12,51
197666,2132,16
197703,4962,5
197996,374,21
198113,9,51
198142,2966,9
198254,8,51
198326,216,17
198336,917,39
198353,1169,3
198469,22099,41
198508,680,26
198591,15,51
198770,16,51
199010,34,34
199040,12,51
199234,269,48
199316,1449,39
199327,132,48
199336,56,17
199573,2566,19
199632,448,8
199758,28,52
199797,12,51
200129,45,8
200199,820,8
200271,12,51
200672,37,52
200704,10365,26
200713,124,16
200768,141,45
201043,33,16
201470,254,39
201562,683,8
201605,15887,2
201620,177,17
201637,979,2
201659,21,52
201734,1493,49
201773,35,52
201798,1004,26
201961,110,16
202098,16,51
202108,3359,17
202241,3055,42
202263,1207,53
202566,35,51
202632,10440,26
202657,676,9
202795,16,51
202868,3462,8
203387,12,51
203575,56,16
203597,14,51
203801,12958,9
203868,44,16
203891,22,51
203990,4159,40
204093,11,51
204183,5084,20
204277,9455,19
204311,2045,19
204372,11,51
204445,361,24
204577,13730,2
204753,23,51
204902,20,51
205350,32,51
205375,964,22
205472,386,53
205615,26,51
205732,1676,17
205926,22,51
206004,1409,42
206213,43,51
206327,66,16
206390,30,8
206478,23,51
206544,2318,19
206670,41,51
206850,74,16
206918,27,51
206992,1451,28
207048,186,22
207062,544,30
207194,44,51
207252,100,16
207450,54,8
207655,66,16
207867,346,30
208005,35,8
208033,79,16
208176,743,17
208430,480,42
208488,31,8
208502,363,30
208523,2225,5
208681,51,8
208886,428,30
208934,4332,17
209011,14156,29
209263,4002,19
209416,30,8
209541,16,30
209967,27,16
209990,16,30
209999,65,8
210170,4790,20
210329,1062,39
210404,168,8
210825,495,8
210924,3671,37
211087,11286,26
211295,12370,26
211377,80,8
211732,33,8
211864,52,8
212144,48,8
212290,30,8
212413,2834,37
212593,27,8
212765,878,21
213173,877,19
213440,27,8
213493,1924,17
213506,1921,42
213651,46,8
214053,31,8
214736,506,37
214935,30,8
214976,5023,20
215149,41,21
215198,37,8
215307,2532,8
215831,828,8
216264,5658,17
216311,603,22
216530,6541,19
216841,996,8
217394,1723,9
217650,850,22
218013,17,8
218041,26,8
218580,3051,22
218692,1129,21
218715,32,8
219638,31,8
220157,30,8
220439,26,8
220909,4261,20
220977,33,8
221114,33,8
221250,32,8
221448,31,8
221541,25,8
221569,3145,22
221788,37,8
221910,36,8
222060,36,8
222266,2711,9
222346,37,8
222397,1576,8
223170,17311,29
223775,38,8
223998,36,8
224358,613,8
224480,172,8
224693,3067,22
224737,16,54
224991,35,8
225000,17,54
225180,4266,20
225956,18,54
227060,15,54
227300,15,54
227697,4921,22
228308,35,2
228732,7818,2
228762,4209,17
229456,4353,20
230943,22,2
231169,68,2
232546,5101,22
233820,4302,20
234375,19,2
234835,488,17
235203,4319,17
236846,23,2
236996,57,2
237569,335,2
237607,3040,22
238134,4214,20
240140,129,2
240582,6606,22
241381,10988,2
242166,63,2
242254,10833,2
242357,4263,20
246632,2440,20
247124,6923,22
249088,69,20
249169,63,20
249240,65,20
249313,66,20
249387,63,20
249458,64,20
249531,63,20
249603,65,20
249676,67,20
249751,64,20
249823,69,20
249900,63,20
249971,63,20
250042,66,20
250117,62,20
250187,64,20
250261,66,20
250335,64,20
250407,64,20
250479,63,20
250550,63,20
250621,65,20
250695,63,20
250767,63,20
250839,63,20
250910,65,20
250983,64,20
251055,64,20
251129,64,20
251201,64,20
251274,64,20
251346,64,20
251420,64,20
251491,63,20
251563,63,20
251634,65,20
251707,65,20
251780,64,20
251852,63,20
251923,64,20
251998,66,20
252072,66,20
252146,63,20
252217,62,20
252289,64,20
252360,65,20
253984,2993,22
254236,78,20
254324,63,20
254396,65,20
254469,65,20
254542,63,20
254613,63,20
254684,62,20
254755,64,20
254828,65,20
254901,63,20
254973,63,20
255044,63,20
255116,67,20
256090,78,20
256191,66,20
256265,65,20
256338,65,20
256412,63,20
256483,63,20
256555,66,20
256914,2973,22
257545,78,20
257633,67,20
257708,65,20
257781,64,20
257853,63,20
257924,63,20
257995,65,20
258068,65,20
258141,63,20
258212,63,20
258283,64,20
258357,66,20
258431,65,20
258504,64,20
258525,4092,17
258577,63,20
258648,63,20
258720,64,20
258792,66,20
258866,64,20
258938,65,20
259011,63,20
259082,64,20
259154,66,20
259231,63,20
259302,64,20
259374,63,20
259445,67,20
259520,64,20
259592,64,20
259665,64,20
259737,70,20
259816,65,20
259880,3090,22
259890,64,20
259963,62,20
260035,68,20
260112,68,20
260194,65,20
260267,64,20
260340,66,20
260415,64,20
260487,63,20
260558,64,20
260630,68,20
260703,3935,3
260712,86,20
260725,5606,3
260732,150,1
260807,65,20
260888,64,20
260961,65,20
261034,64,20
261106,63,20
261177,63,20
261249,64,20
261321,71,20
262384,170,1
262733,4010,7
262967,3039,22
263119,28,55
263218,3995,40
263249,131,1
263714,181,1
264066,112,36
264164,158,30
264320,548,30
264495,128,1
264788,595,36
265376,618,30
265958,3002,22
266023,2757,20
266552,924,33
267019,3885,19
267095,63,8
267207,12,45
267337,62,8
267459,4113,22
267577,2133,3
268334,71,8
268566,16,54
268678,62,8
268816,102,8
269055,59,8
269633,1809,32
269769,62,8
269908,2133,35
270048,61,8
270135,5331,3
270326,402,11
270396,1331,8
270602,10844,19
270652,2198,17
270923,36,51
271167,5845,32
271253,58,51
271334,233,22
271354,11505,29
271381,12,4
271578,6,4
271678,7748,26
271694,39,51
271713,3969,37
271725,5393,37
271774,16,4
271808,180,11
271941,5719,29
271959,26,51
272047,63,8
272084,5257,35
272092,111,51
272102,46,4
272371,26,51
272454,69,8
272518,33,56
272587,30,51
272661,1418,30
272747,24,51
272803,83,28
272881,6542,17
272894,43,8
272931,15,51
273151,15,51
273179,509,26
273206,569,36
273254,4022,33
273325,40,8
273344,241,28
273353,36,51
273459,6082,26
273548,84,28
273810,39,28
273951,7091,28
274137,91,8
274237,31,51
274806,427,30
275052,196,54
275066,6308,8
275084,63,8
275458,754,30
275558,63,8
275880,68,8
276045,39,8
276157,70,8
276328,65,8
276509,67,8
276704,16,51
276798,74,8
277050,3805,32
277058,75,8
277248,31,55
277324,17,55
277368,466,36
277682,611,17
278022,733,37
278046,46,8
278120,663,37
278344,1972,42
278358,78,8
278369,3136,22
278537,45,8
278866,47,8
278924,1315,8
279907,272,11
280113,1869,26
280533,778,11
280837,68,8
280966,177,21
281018,72,8
281274,69,8
281381,7873,33
281446,1011,28
281493,529,11
281548,29,54
281812,1142,30
281854,76,8
281906,33,54
281917,316,39
282032,4520,28
282161,73,8
282205,54,54
282254,5495,19
282599,74,8
282860,8150,29
282966,58,8
282975,195,11
282986,19,51
283022,181,39
283170,948,17
283180,81,8
283272,51,11
283444,47,8
283866,57,8
283922,43,51
283937,199,39
284008,1629,11
284067,47,8
284227,80,8
284247,7112,3
284544,3536,8
284619,11381,26
284819,703,17
284838,5567,9
285568,3961,33
285706,85,8
286185,4145,58
286853,12,57
286931,5,57
287064,8,57
287131,4832,21
287309,13,57
287317,501,30
287377,6,57
287441,857,57
288005,260,30
288094,274,8
288283,2961,17
288313,5540,57
288376,1066,8
288400,758,30
288851,5183,20
289460,2717,33
289487,104,8
289777,65,8
289835,2721,32
289851,86,14
290120,93,8
290246,89,8
290567,21,59
290610,20,59
290648,18,59
290683,2012,59
291041,103,8
291064,185,42
291074,2330,26
291153,944,30
291327,128,8
291522,733,3
291744,3731,49
291886,132,8
292218,60,33
292271,2219,17
292348,1054,30
292425,4135,7
292680,161,8
293836,9409,19
293971,1449,20
294046,890,20
294164,2739,26
294346,104,8
294360,5029,19
294431,17,30
294471,1280,30
294498,2070,7
294521,1078,36
294528,217,17
294855,19,51
294866,4312,17
294993,11,51
295177,10465,26
295202,85,8
295575,4835,20
295644,7975,20
295941,15,51
296019,19,52
296149,13,51
296567,8326,2
296588,18,51
296773,3973,8
296937,81,8
297117,93,8
297594,349,39
297868,58,54
297906,30,51
298141,28,51
298311,22,51
298747,3283,2
299003,878,17
299401,2585,19
300085,89,17
300226,596,22
300428,4661,20
300478,320,17
300809,11427,17
301496,330,22
301863,1221,19
303320,60,17
303627,8478,20
305101,4407,20
305426,238,40
308447,2032,40
309518,4714,20
310598,2360,40
312117,4212,20
312177,2216,2
313040,3277,40
313723,6241,2
314129,14276,22
314234,6554,22
314241,4304,20
316086,89,40
316337,4208,20
316871,354,40
318553,4238,20
320553,4243,20
322800,4174,20
324803,4233,20
326987,4180,20
329048,4270,20
331177,12,20
331200,6,20
331213,6,20
331226,6,20
331238,6,20
331250,6,20
331262,6,20
331274,6,20
331286,6,20
331298,6,20
331311,6,20
331323,6,20
331335,6,20
331348,6,20
331360,6,20
331372,6,20
332296,4230,20
333337,4231,20
336536,3637,20
337579,4226,20
341625,14263,22
341820,2947,20
349084,4233,17
352113,3012,22
355061,3015,22
358005,3040,22
360393,470,19
361046,5601,22
361211,7614,2
364395,5497,17
364419,20,60
364868,23,60
364919,8039,13
366583,4100,22
367349,36,60
370097,26,54
370627,3082,22
370943,26,54
372945,3605,61
372963,7931,13
373626,8735,17
373647,3016,22
375878,1027,22
376544,4320,61
377187,258,22
377468,128,22
377801,177,22
377870,4812,22
379070,7786,2
379567,209,2
380795,3215,61
380898,17381,13
380925,40,2
382617,5141,22
383954,2450,61
384593,59,54
384913,38,54
385523,37,54
386339,2512,61
386613,49,54
386898,56,54
387275,62,54
387696,3050,22
388787,3685,61
389200,276,54
389692,276,54
390132,9606,17
390238,336,54
390686,7201,22
391506,4314,2
391907,364,54
392408,4783,61
393214,391,54
393981,385,54
394790,388,54
396777,258,2
397126,3697,61
397899,4611,40
398283,7583,13
399384,9029,2
400760,2429,61
400910,36,60
401810,701,40
402522,139,40
403123,2463,61
404268,3642,17
404953,14274,22
405522,3500,61
405870,7805,13
407927,1477,17
408046,1300,42
408433,10,60
408563,16,60
408959,3304,61
409292,10,60
409327,5,60
409363,24,60
409439,23,60
409445,10263,17
412194,4537,61
413679,7887,13
413962,46,60
414225,21,60
414967,25,60
415004,17,60
415159,115,60
415191,21,60
415228,20,60
415244,19,60
416672,3999,61
419220,568,22
420606,2386,61
421571,15331,13
422929,2383,61
425249,2384,61
427566,2461,61
429958,2405,61
432309,2406,61
434637,4067,61
434980,9487,17
436909,14189,13
438278,1401,40
438654,4516,61
439159,4167,22
443104,3135,61
443262,3137,22
446171,2435,61
446349,5269,22
447039,163,22
447238,7828,2
447648,508,21
448448,201,21
448547,2906,61
448716,325,54
448921,106,21
449193,188,21
449478,317,54
451397,2450,13
451443,2901,61
451458,8069,13
451554,4789,22
452198,333,54
453097,315,54
453534,269,54
453917,290,54
454023,2590,58
454281,3056,61
455538,2612,17
456037,195,62
456279,3623,22
457333,2408,61
458169,10058,17
459592,846,62
459675,2397,61
459839,6060,22
460754,839,62
462010,2401,61
464340,2349,61
465422,50,8
465878,4299,22
466002,21,22
466172,49,8
466225,14,22
466654,51,8
466673,2300,61
468967,2357,61
469842,392,63
470114,3161,22
471322,2514,61
472562,3803,63
473212,3146,22
473771,2389,61
475199,21,22
475627,1274,22
476098,2489,61
476298,880,22
477205,2792,22
478520,2385,61
480797,34314,22
480841,2478,61
481691,4182,2
481943,14188,22
483253,2500,61
485690,2365,61
488048,2352,61
489868,1242,58
490364,1177,2
490403,2798,61
491560,768,2
493135,2410,61
495478,2414,61
497829,2381,61
500201,2428,61
502566,2468,61
504960,2424,61
507332,2416,61
509689,2410,61
512034,2415,61
514381,2527,61
516844,2411,61
519198,2401,61
521526,2387,61
522159,5199,7
523852,3232,61
524716,52,8
525388,19488,41
525578,50,8
526003,54,8
526364,51,8
526678,51,8
526703,61,13
526780,2562,13
526951,51,8
527026,2620,61
527347,2321,13
527375,58,8
527474,1346,8
527703,38,45
528366,49,8
528514,67,45
528533,50,8
528672,52,8
528876,136,8
529067,43,8
529181,52,8
529301,54,8
529351,3927,40
529440,52,8
529629,4416,61
529641,50,8
529679,7992,13
529767,563,64
529773,66,8
529869,12,15
529969,12,15
530001,39,15
530073,267,15
530183,51,8
530271,36,45
530338,51,8
530677,54,8
530788,478,15
531112,55,8
531229,27,12
531260,881,12
531288,917,15
531382,1791,13
531414,51,8
531634,53,8
531790,54,8
532199,37,12
532531,195,12
532748,35,8
533106,36,8
533244,2390,49
533305,385,20
533533,105,8
533641,21,12
533662,20,12
533707,74,8
533725,778,20
533749,3437,12
533811,3414,12
533833,34,8
533916,473,9
533981,3889,65
534003,4768,61
534050,6220,22
534872,63,8
534955,109,45
534983,52,8
535160,31,9
535220,6804,9
535250,285,17
535523,8969,58
535817,863,8
536615,1296,36
536733,30,8
536879,30,8
537197,56,8
537469,117,45
537670,8697,13
537989,39,8
538061,1114,36
538201,80,45
538421,48,45
538466,37,8
538544,7698,7
538580,12498,2
538597,51,45
538724,2991,61
538859,35,8
538973,1740,8
540200,8874,22
540646,35,8
541029,35,8
541306,32,8
541376,129,8
541517,1706,8
541652,2590,61
541910,686,47
542543,3140,36
542946,36,8
543262,34,8
543330,78,2
543614,87,2
543634,55,8
544176,2442,61
544311,37,8
544397,75,2
544524,3699,8
544554,35,8
545051,4218,63
545120,110,8
545298,106,8
545447,67,8
545973,109,8
546100,308,8
546228,7698,9
546376,8015,13
546421,106,8
546538,306,8
546555,2792,61
546726,2620,7
546853,74,8
547249,71,8
547577,68,8
547703,659,8
548464,8949,17
548483,75,8
548565,633,8
549001,375,54
549059,5844,22
549145,31,63
549232,3602,7
549259,4857,63
549276,21,8
549278,22,63
549309,68,8
549316,4948,61
549785,65,8
549985,64,8
550160,70,8
550308,386,54
550341,68,8
550523,70,8
550703,71,8
551080,1165,8
551596,391,54
552319,14,8
552348,69,8
552596,70,8
552773,75,8
552968,75,8
553150,1202,8
553499,77,8
553713,76,8
554135,47,8
554200,4489,61
554396,7843,13
554411,18,8
554436,46,8
554698,4491,63
554844,3911,22
555060,48,8
555494,51,8
555723,46,8
555884,500,62
555948,45,8
556040,410,54
556884,421,54
557008,1478,62
557238,6495,9
557619,29,63
557800,345,54
557807,21,63
557900,239,2
558642,4907,61
558690,5781,22
559186,2723,63
559541,21,63
559625,260,2
559640,1753,31
560237,139,2
560623,13191,17
561707,1584,31
561910,115,2
562241,17531,13
562651,120,2
562904,5334,63
563223,7118,2
563486,5692,61
564361,34,63
564466,6403,22
564473,91,2
566382,86,2
566981,108,2
568227,6130,63
569112,6632,61
569304,330,40
569364,63,9
569504,1083,9
571030,185,9
571239,426,9
571344,85,40
571584,662,40
571749,5774,9
572396,214,12
572543,933,40
572721,44,12
572808,51,12
574285,179,12
574364,4506,63
574549,365,12
574989,82,12
575681,4691,61
577009,23,17
577112,23202,17
578865,3595,63
579771,7708,13
580307,4112,61
582192,18,60
582267,14,60
582306,52,60
582338,33,60
582365,24,60
582458,27,63
582482,7071,63
584355,4163,61
587489,7652,13
588449,4122,61
589541,3639,63
592503,4038,61
593182,3581,63
595150,7768,13
596487,4058,61
596761,3584,63
600335,3522,63
600481,4100,61
601546,69,45
602917,17210,13
603859,2139,63
604510,3696,61
605986,1804,63
607786,1809,63
607850,19473,41
608697,197,15
608713,140,15
609373,3954,40
609522,73,15
609600,1870,63
609866,166,15
610182,3193,15
610330,274,40
610449,269,22
610982,6778,9
611218,7224,22
611226,399,40
611320,1336,36
611414,309,30
611465,1889,63
611726,1627,33
611802,167,40
612131,128,40
612503,690,40
612522,954,30
612807,54,45
613310,102,45
613347,2873,63
613487,2308,22
613708,680,30
613769,161,45
613849,479,40
614346,150,45
614388,4340,7
614425,109,40
614434,54,12
614694,92,40
615009,1294,36
615026,170,45
615354,623,20
615370,283,2
615783,71,2
615796,214,27
615883,77,12
615947,32,51
616222,2901,63
616289,559,30
616455,52,12
616827,569,26
617033,1776,30
617126,11025,17
617149,6920,19
617159,137,40
617332,955,12
617385,92,33
617559,2464,22
618075,109,2
618406,11781,9
618448,36,12
618594,94,2
618676,22,55
618892,142,40
619093,487,12
619119,4069,63
619178,3730,33
619208,152,30
619255,14037,22
619276,10354,26
619504,1195,32
619582,118,8
619718,1366,30
619729,483,8
619882,33,55
620138,15907,13
620289,70,8
620441,666,8
620508,148,40
620727,37,32
620782,1042,32
620789,5982,59
620799,92,40
620995,43,40
621030,186,54
621119,446,8
621179,39,8
621307,10352,29
621445,101,40
621478,9987,26
621751,312,8
621770,164,40
622078,65,8
622172,30,40
622259,113,12
622354,167,40
622523,60,8
622699,66,12
622906,95,40
622999,34,8
623092,64,2
623180,73,66
623187,4527,63
623255,55,40
623296,86,12
623307,32,8
623640,54,40
623703,170,10
623727,166,36
624055,19100,2
624265,38,8
624277,69,66
624534,207,8
624751,704,8
624820,6752,28
625520,38,8
625810,42,8
626254,5677,65
626321,761,30
626494,62,8
626804,68,8
626837,366,18
626909,1872,59
626928,9984,33
626989,53,8
627001,215,45
627314,336,49
627330,617,20
627697,3495,63
627828,343,18
627947,264,20
627987,1547,22
628239,48,8
628373,4528,40
629624,163,54
629695,42,8
629734,2310,30
629790,3140,26
629841,2928,17
630171,6244,15
630425,311,54
630559,1306,22
630645,1826,8
631068,313,54
631138,352,45
631194,3739,63
631325,829,42
631345,12657,9
632441,78,8
632661,60,8
632762,16172,49
632776,124,8
632862,278,17
633229,11791,22
633361,199,54
633450,3867,40
633481,109,8
633555,13513,19
633738,67,8
633801,269,30
633924,4521,22
634019,79,8
634119,4796,65
634133,297,32
634145,596,17
634245,827,30
634255,34,67
634300,5373,47
634308,114,8
634466,987,32
634514,5451,26
634721,117,8
634883,19,52
634927,3486,63
635092,67,8
635356,169,8
635548,720,59
635587,5068,26
635989,380,30
636088,591,32
636095,100,8
636151,144,47
636222,141,67
636548,1631,17
636658,671,30
636746,753,52
637284,54,8
637486,699,47
637709,67,8
637954,41,8
638029,171,54
638132,73,29
638177,578,52
638198,638,30
638241,3163,69
638295,7842,70
638412,3375,63
638521,136,47
638620,66,8
638758,1225,17
638786,167,47
639011,156,47
639084,501,30
639157,569,52
639198,76,8
639293,63,47
639402,65,8
639434,3984,22
639670,57,30
639800,62,47
639808,52,8
639856,47,47
639868,447,30
640006,516,3
640079,76,8
640165,10,68
640354,9,68
640405,238,32
640581,821,30
640663,3648,51
640675,23,51
640711,3796,65
641058,77,8
641401,56,8
641602,21,51
641783,3521,63
641807,33,63
641911,59,8
642045,22,51
642190,2450,17
642602,59,8
642693,25,51
642989,26,51
643607,27,51
644440,13509,26
644595,34,51
644995,6042,22
645087,36,51
645302,3502,63
646702,5085,9
647917,3525,65
648794,2904,63
649293,50,15
649467,8905,67
651701,4457,63
652310,3751,22
653463,5940,61
654718,21581,15
655782,60,8
656088,8837,15
656096,4037,22
656154,4924,63
656245,1068,17
657335,24793,17
658411,3713,40
658429,52,40
658652,7693,9
659345,6322,61
660317,97,40
661069,4723,63
665603,4275,61
665794,3798,63
669589,3525,63
669814,4095,61
673108,3546,63
673843,4202,61
676652,3516,63
678039,4093,61
680168,3552,63
682067,4078,61
683718,3561,63
686086,4075,61
687276,3551,63
690091,4089,61
690817,3547,63
691586,36,45
693036,5936,15
693157,46,45
694114,4117,61
694367,3594,63
694901,101,45
695008,56,36
695651,125,45
696361,118,36
696419,974,30
696451,143,45
697101,103,45
697578,1107,17
697674,280,30
697716,9143,22
697792,89,42
697801,579,66
697915,70,8
698102,45,8
698174,3506,61
698376,45,8
698675,49,8
698702,5643,17
699014,26,22
699152,47,8
699358,44,8
699430,14280,2
699470,14607,2
699568,3721,22
699649,44,8
699854,170,36
699907,45,40
700020,5354,15
700171,62,40
700411,265,8
700587,420,5
700641,12,68
700872,22,68
700906,18,12
701197,155,40
701244,1039,4
701442,323,66
701539,640,7
701577,882,8
701590,206,12
701613,6081,61
702024,32,46
702188,28,7
702199,3930,6
702211,11260,26
702248,14365,7
702259,2603,15
702417,2437,46
702493,15,4
702547,4936,65
702616,1209,8
702727,113,4
702744,139,5
702966,281,5
703238,298,43
703315,9,68
703365,7820,5
703628,53,22
703639,20,68
703931,144,8
704064,16,68
704237,265,47
704252,150,8
704306,55,4
704354,40,30
704524,119,40
704555,300,9
704627,115,47
704667,19477,41
704708,21,68
704728,356,18
704739,51,4
704751,149,8
704793,96,47
704874,11313,17
704972,26,43
704997,156,47
705033,331,30
705216,93,4
705240,140,8
705246,29,68
705336,214,47
705366,66,40
705433,361,18
705599,163,8
705650,16,68
705751,52,4
705818,20,68
705957,56,18
705996,1356,47
706049,42,22
706063,54,4
706356,22,68
706375,62,4
706474,27,68
706498,224,36
706659,369,30
706716,62,4
706773,174,43
706868,9549,22
706910,111,22
706950,42,29
707174,2063,69
707262,617,29
707501,5852,22
707641,4958,61
707731,2830,15
707810,629,30
707863,179,8
707946,1141,9
708031,14791,29
708058,5299,8
708178,35,51
708452,138,51
708863,485,8
709479,197,8
709519,919,9
710017,164,8
710144,3642,33
710351,465,33
710558,47,18
710575,173,8
710628,4983,15
710878,774,9
710932,88,8
711423,92,8
711784,88,8
711795,165,43
711862,709,9
711997,81,8
712635,85,8
712748,2428,33
712831,122,18
712962,157,8
713461,201,8
713482,3756,9
713491,318,71
713512,3014,29
713704,997,72
713719,87,18
713841,102,8
714162,653,22
714192,84,8
714229,393,18
714247,2074,5
714657,1568,26
714779,90,8
714936,296,22
714983,73,18
715006,152,8
715082,132,40
715257,89,8
715366,94,40
715379,754,18
715404,221,51
715427,7224,33
715556,2147,22
715592,146,8
716051,6886,2
716375,146,8
716532,801,30
716606,210,8
716633,111,40
716642,758,2
716653,178,36
716655,2730,7
717048,182,40
717236,3324,40
718295,727,51
718351,5250,19
718586,6358,15
718848,1008,30
718952,6032,5
718983,167,40
719032,233,6
719046,3690,20
719357,1374,26
719399,39,72
719598,2732,59
719606,2713,59
719613,7064,17
719621,7434,20
719629,4956,2
719756,25,72
720053,241,8
720096,3940,51
720133,216,26
720140,273,73
720190,5008,40
720209,32,72
720275,1403,51
720408,333,30
720925,3637,13
721021,58,55
721272,35,55
721849,2346,30
722049,5065,65
722424,80,8
722592,70,8
722698,138,8
722811,16344,29
723403,1165,72
723518,221,5
723732,698,26
723754,853,51
724093,991,7
724110,450,72
724748,1111,30
724956,3943,48
725017,1375,48
725348,1256,40
725396,7104,2
725439,11701,13
725712,14369,22
725827,6185,22
726213,1314,30
726262,36,55
726301,208,66
726532,91,66
726616,165,40
726691,168,22
726784,281,8
726861,36,55
726874,151,22
726929,2955,15
727024,38,55
727038,6265,22
727045,1145,26
727061,273,20
727341,355,20
727356,1964,40
727626,2219,48
727848,3676,2
728176,334,39
728276,147,20
728449,253,39
728480,50,20
728557,6580,20
728585,30,20
728611,150,10
729092,612,72
729346,585,39
729889,349,48
729916,158,48
730181,306,39
730236,796,48
731506,1450,39
732978,11457,17
734357,22682,26
735150,10813,20
735806,65,40
736267,96,40
736776,39,15
736900,83,40
737142,8096,13
737269,69,40
737588,60,40
737671,150,40
737922,153,40
738120,267,40
738510,439,40
738992,9576,22
739349,13861,29
740422,1597,9
740910,156,40
741125,246,40
741264,3838,2
741428,5930,20
741602,806,40
742481,855,2
743130,36,74
743210,2117,9
743340,3545,65
743648,24,74
745035,1048,9
745240,5303,13
745605,23161,17
745971,8006,20
747116,336,9
747492,982,9
748819,1180,2
749142,5876,9
751982,895,2
753218,10242,29
753985,4790,20
758522,8152,13
758783,4328,20
763119,4360,20
767493,4275,20
768765,16851,29
771111,14241,22
771783,377,20
803562,34,74
803738,3424,37
803775,3419,37
804964,24674,26
811655,64,51
811667,4985,20
811961,63,51
812453,80,51
812805,1465,10
812908,2962,12
812971,766,5
813022,610,30
813518,184,36
813634,148,30
813658,55,1
813874,119,30
814015,1993,5
814026,630,39
814059,284,30
814070,2029,30
814182,159,63
814771,1217,63
815458,5712,17
815787,260,39
816788,173,39
817561,6686,20
817755,49,62
818121,50,62
818391,115,62
818462,78,62
818589,147,8
818702,46,62
818906,1346,63
818922,59,8
818992,8917,62
819131,5756,42
819277,10470,2
819335,31,74
819506,14,74
819596,7710,13
819955,24,54
820148,21,74
820192,18,54
820401,56,8
820457,330,54
820486,8398,9
820834,60,8
821054,56,8
821278,80,8
821538,3395,17
821689,362,54
821856,62,8
821982,16,74
822060,55,8
822297,55,8
822493,53,8
822618,55,8
822832,54,8
823025,53,8
823215,55,8
823403,14,74
823552,57,8
823787,17,74
823848,64,8
823856,18,74
824072,54,8
824254,4005,20
824276,53,8
824341,8951,15
824529,54,8
824591,2632,22
824761,55,8
825102,1900,49
825145,16,74
825701,59,8
826368,60,8
826593,54,8
826750,14,74
826776,54,8
826901,53,8
827121,14,74
827234,55,8
827320,17387,13
827361,54,8
827888,17,74
827932,667,22
828268,78,20
828356,83,20
828560,57,8
828909,293,22
828926,61,8
829043,2378,22
829336,111,20
829365,84,8
829628,54,8
829817,54,8
829979,58,8
830319,78,20
830331,56,8
830404,65,20
830477,64,20
830547,121,20
830556,5054,61
830677,119,20
830702,353,22
830803,113,20
830924,160,20
830986,7737,9
831084,9086,22
831092,159,20
831194,59,8
831259,158,20
831426,157,20
831590,157,20
831754,158,20
831787,59,8
832444,57,8
832820,173,20
832988,58,8
833005,158,20
833170,158,20
833429,1185,46
833593,99,8
834236,172,20
834289,10987,2
834418,158,20
834583,116,20
834702,57,8
834940,54,8
835024,7910,20
835544,5688,61
835550,6652,62
836403,9655,17
838119,71,2
838233,67,2
838414,299,2
841162,4289,61
842005,35,60
842124,28,60
842797,30,60
842850,22,60
842918,44,60
845387,2927,61
845915,5486,13
848245,2686,61
850865,2377,61
851403,5225,13
853243,2514,61
855689,2415,61
856624,5270,13
858043,2493,61
860471,2410,61
860565,246,45
861887,15250,13
862403,149,45
862826,2467,61
863728,302,45
864526,60,1
865229,3313,61
865396,11773,15
865459,19492,41
866317,70,1
867223,3980,5
867408,744,5
867426,2727,7
868914,74,51
869150,136,9
869236,215,9
869570,3652,9
869691,134,30
869739,651,51
869839,688,30
870156,11797,26
870406,94,51
870424,1845,26
870439,31,1
870460,6933,7
870731,684,30
870742,366,1
871310,3214,20
871545,197,66
871805,841,30
872554,3973,10
872965,679,30
873069,74,8
873091,275,66
873247,4085,34
873304,4191,34
873807,39,18
874038,75,1
874085,111,8
875781,2325,65
875855,234,8
876176,2432,8
876332,184,43
876360,3640,43
876404,71,16
876464,693,30
876535,681,40
876709,3890,62
876819,246,8
877243,122,51
877274,682,40
877294,3634,16
877336,613,8
878166,3641,65
878536,227,40
878575,109,30
878691,640,30
878718,7142,9
878812,176,5
878856,7313,16
878902,6957,54
879091,258,8
879133,62,40
879206,4023,40
879224,182,47
879348,121,8
879360,105,51
879467,789,30
879687,20,74
879707,3201,5
879755,116,8
879862,144,47
879875,53,51
879964,70,8
880098,93,51
880217,14,74
880330,297,1
880620,590,66
880872,174,47
880919,798,7
880936,133,8
880972,33,1
881092,56,16
881150,57,8
881414,54,8
881617,34,2
881635,32,1
881685,97,16
881830,2613,13
881907,64,8
881920,740,30
882017,5114,26
882132,53,8
882169,17,74
882257,2065,29
882309,84,30
882457,68,62
882549,60,8
882575,46,62
882869,195,47
882952,162,40
882964,90,66
883022,25,74
883075,42,62
883088,59,8
883206,30,62
883286,462,40
883326,55,8
883360,553,30
883576,48,8
883640,167,47
883786,47,8
883863,39,62
883947,60,8
884153,54,8
884168,182,47
884185,1343,40
884336,54,8
884574,54,8
884764,326,47
884834,357,17
884843,65,8
884913,55,30
885125,64,8
885160,3640,62
885201,259,30
885562,692,30
885873,301,47
885893,87,8
885997,995,30
886021,1106,8
886078,77,16
886101,4894,65
886172,1386,40
886203,201,54
886586,861,22
886673,280,54
886685,17960,13
887132,3,20
887135,29,20
887140,155,16
887164,37,20
887200,26,20
887226,57,20
887283,82,20
887365,31,20
887408,41,20
887445,130,8
887449,36,20
887483,3645,29
887485,35,20
887519,34,20
887553,32,20
887585,79,20
887589,885,30
887604,60,20
887664,41,20
887700,112,16
887715,62,20
887776,43,20
887819,59,20
887878,24,20
887902,60,20
887962,61,20
888023,21,20
888041,3700,16
888044,35,20
888079,21,20
888100,61,20
888175,451,8
888256,26,20
888278,3654,16
888282,56,20
888406,57,20
888463,21,20
888484,21,20
888489,996,30
888515,61,20
888576,31,20
888607,31,20
888638,51,20
888654,3686,2
888657,32,20
888707,38,20
888745,60,20
888805,30,20
888835,60,20
888895,61,20
888956,50,20
888981,3634,75
889006,34,20
889040,58,20
889343,52,20
889391,151,17
889428,60,20
889488,29,20
889505,43,20
889517,30,20
889577,46,20
889744,56,20
889790,74,74
889800,31,20
889878,59,20
889937,60,20
890106,3658,74
890185,3642,62
890462,59,20
890521,59,20
890580,62,20
890642,58,20
890700,61,20
890760,20,20
890780,60,20
890840,60,20
891057,55,20
891132,31,20
891163,60,20
891223,34,20
891238,80,20
891318,59,20
891377,59,20
891436,61,20
891497,59,20
891619,57,20
892623,942,33
893552,15030,29
894151,123,51
894296,157,51
894357,34,20
894407,22,20
894428,30,20
894447,34,20
894458,22,20
894480,35,20
894498,33,20
894514,34,20
894531,34,20
894548,34,20
894565,34,20
894582,34,20
894599,35,20
894616,35,20
894651,36,20
894669,36,20
894705,33,20
894721,35,20
894738,35,20
894756,41,20
894773,24,20
894797,46,20
894800,61,51
894808,34,20
894842,20,20
894862,46,20
894863,44,20
894869,94,51
894872,35,20
894907,35,20
894925,34,20
894959,34,20
894967,173,51
894970,22,20
894976,34,20
895010,33,20
895061,31,20
895077,33,20
895092,36,20
895110,36,20
895149,32,20
895181,33,20
895214,27,20
895240,22,20
895262,35,20
895296,34,20
895298,182,22
895303,27,20
895313,34,20
895347,35,20
895365,42,20
895382,24,20
895406,36,20
895425,30,20
895442,47,20
895450,3686,26
895455,34,20
895489,36,20
895507,36,20
895525,27,20
895547,91,51
895552,36,20
895559,82,8
895563,25,20
895588,36,20
895606,35,20
895624,22,20
895646,30,20
895649,26,20
895840,49,8
896109,46,8
896268,85,8
896275,112,5
896389,185,5
896431,36,20
896442,53,8
896444,22,20
896450,34,20
896484,19,20
896501,33,20
896518,33,20
896534,37,20
896571,33,20
896623,34,20
896640,34,20
896657,36,20
896674,37,20
896693,35,20
896711,35,20
896728,36,20
896746,35,20
896764,33,20
896781,35,20
896797,34,20
896815,27,20
896828,109,51
896831,28,20
896859,22,20
896870,80,8
896873,25,20
896898,34,20
896932,25,20
896942,39,20
896957,24,20
896981,23,20
897004,34,20
897021,34,20
897074,37,20
897093,36,20
897111,35,20
897129,34,20
897146,29,20
897163,19,20
897173,62,8
897219,22,20
897219,36,51
897241,20,20
897284,38,20
897303,39,20
897321,20,20
897377,21,20
897382,54,8
897385,30,20
897398,34,20
897432,35,20
897442,24,20
897466,35,20
897503,54,51
897507,29,20
897518,45,20
897563,36,20
897569,55,8
897598,34,20
897616,27,20
897632,28,20
897633,49,51
897635,24,20
897659,21,20
897680,34,20
897686,28,20
897714,34,20
897731,34,20
897748,39,20
897774,56,8
897786,27,20
897795,37,20
897813,33,20
897832,34,20
897846,20,20
897866,30,20
897882,38,20
897891,275,47
897896,24,20
897937,34,20
897971,31,20
897989,25,20
898000,61,8
898014,35,20
898066,24,20
898126,20,20
898173,27,20
898184,54,8
898187,29,20
898200,33,20
898216,26,20
898232,33,20
898264,35,20
898282,34,20
898299,34,20
898349,33,20
898367,30,20
898391,59,8
898403,35,20
898441,252,47
898444,34,20
898459,36,20
898577,60,8
898585,9,51
898612,7,51
898662,60,51
898699,3530,65
898899,55,8
898928,2020,17
899007,263,40
899206,205,39
899281,488,47
899436,3204,32
899594,19,74
899604,392,40
899741,98,8
899954,13,74
900050,1762,47
900205,69,40
900491,20,74
900528,10,74
900544,77,8
900656,219,8
900893,9,2
900937,773,8
900958,87,8
900965,11,2
900971,141,40
901055,651,8
901105,10,2
901262,8,2
901272,39,2
901370,28,2
901452,267,39
902267,50,8
902290,18,8
902316,3621,8
902329,56,8
903031,60,8
903232,55,8
903330,1768,65
903498,2774,22
903522,2301,22
904229,63,8
904970,65,8
905170,57,8
905949,549,22
906421,1302,22
907935,3512,22
908892,61,8
909073,57,8
909473,67,8
909678,63,8
909946,34,8
910161,46,8
910279,47,8
910687,52,8
911041,50,8
911578,61,8
911816,15,74
911864,55,8
911955,624,22
912146,55,8
912611,66,8
912828,58,8
912873,2914,22
913039,54,8
913174,54,8
913988,23,74
914318,63,8
914428,78,8
914661,78,8
914763,117,8
914901,13,74
914923,75,8
915201,12,74
915467,64,8
915694,79,8
915850,14,74
916142,79,8
916428,13,74
916457,78,8
916607,77,8
916827,78,8
917069,12,74
917256,79,8
917574,21,74
919726,22,2
919929,10,2
920049,343,2
948765,3621,22
953349,3708,22
956394,3607,22
959339,3631,22
962305,3668,22
965318,3568,22
965445,11407,26
965554,23,2
965683,24781,26
966081,60,67
966167,396,67
967024,185,54
967051,383,67
967491,394,67
967905,261,54
967930,515,67
968272,3615,22
968717,428,67
969076,198,54
969413,140,67
969812,247,67
970133,66,67
970501,137,67
970707,168,67
971222,3652,22
971991,374,67
973950,453,67
974261,3617,22
974515,20,2
974597,18,2
974663,394,67
976178,4128,67
977213,3599,22
978080,271,54
979552,281,54
980183,3664,22
980489,189,54
981002,64,54
981729,50,54
982136,57,54
983199,3561,22
983982,372,30
984587,635,30
985702,635,30
986153,3596,22
986752,473,30
987108,125,8
987279,164,8
987485,360,30
987781,124,8
988288,177,8
989106,3687,22
989128,22,74
989896,21,74
990120,3634,8
990185,36,8
990627,22,74
992154,21,74
992167,3607,22
992417,13,74
992663,12,74
993198,21,74
993657,21,74
994125,22,74
995005,25,74
995114,2973,22
995912,40,74
996354,25,74
996748,21,74
997758,21,74
998665,28,74
999339,22,74
999770,20,74
1000220,21,74
1023427,10,2
1039778,3694,22
1041411,78,40
1041531,48,40
1041784,19,40
1042026,1468,40
1042836,3620,22
1045789,3197,22
1048259,12,2
1048743,3165,22
1050566,22,2
1051407,21,2
1075985,1367,2
1076001,17,2
1078722,14261,22
1078777,3161,22
1078903,2032,2
1080925,91,2
1081200,5422,26
1081828,16,2
1081927,6085,22
1081940,5227,2
1082412,23,2
1082985,11,2
1083223,127,26
1083346,8,2
1083957,20,2
1084547,5209,2
1096148,14256,22
1100238,1448,23
1107784,25,2
1107861,1362,2
1107872,31,2
1109019,388,2
1110149,4544,2
1110407,14532,22
1110866,1284,2
1112514,38,2
1112959,134,2
1115180,764,2
1123096,45,7
1123459,110,76
1124058,6575,7
1124188,29,1
1125358,4145,1
1128345,59,45
1128751,46,4
1129329,108,12
1129571,94,8
1129752,87,25
1129760,167,8
1130031,692,12
1130376,45,8
1130435,263,8
1130773,11,8
1130789,1049,33
1130794,50,8
1130849,125,8
1131075,59,8
1131146,2829,12
1131151,127,8
1131280,1552,43
1131342,20,8
1131410,31,1
1131633,7751,7
1131939,72,8
1132260,64,4
1132307,82,8
1132509,50,54
1132630,69,8
1132728,13,40
1132853,67,8
1132997,29,18
1133322,618,66
1133827,1489,40
1133840,4008,1
1134469,1249,13
1134680,15,8
1134720,102,8
1134971,136,8
1135125,132,8
1135267,136,8
1135348,2632,40
1135432,32,8
1135684,120,16
1135719,58,8
1135953,24,12
1135991,11,12
1136008,733,12
1136029,10,12
1136036,1273,2
1136053,49,16
1136221,31,8
1136291,27,8
1136342,51,16
1136351,27,8
1136687,39,16
1136898,38,16
1136993,254,13
1137081,108,16
1137117,1718,29
1137240,3569,2
1137462,8115,9
1137824,10572,13
1137872,71,51
1138002,13342,29
1138100,7250,24
1138179,120,8
1138239,8572,2
1138449,4391,65
1138457,168,8
1138506,18,12
1138530,26,12
1138567,2569,12
1138652,266,43
1138894,125,8
1138938,1333,43
1139450,7905,7
1139459,160,8
1139635,28,74
1139641,56,8
1140175,77,8
1140527,58,49
1140599,372,12
1140649,161,8
1141251,23,12
1141281,15,12
1141302,500,12
1141317,407,12
1141391,66,40
1141576,19522,41
1141634,3828,62
1141764,112,8
1142198,22,12
1142225,14,12
1142249,798,12
1142262,351,12
1142373,435,8
1142422,191,8
1142429,4925,49
1142621,112,12
1142837,117,8
1143030,71,8
1143264,187,8
1143271,148,8
1144061,372,8
1144113,18,74
1144579,72,8
1144972,165,8
1145215,116,8
1145338,74,1
1145697,77,8
1145710,47,1
1145780,1463,8
1146142,64,8
1146207,1930,2
1146218,120,8
1146507,78,8
1146609,215,45
1146712,63,8
1146989,64,8
1147345,83,8
1147359,410,40
1147485,43,2
1147709,150,45
1147790,89,8
1147945,152,40
1148073,5077,2
1148329,33,8
1148414,25,40
1148420,8067,13
1148473,73,8
1148652,152,45
1148713,25,40
1148785,175,8
1148819,66,51
1148862,619,2
1148946,28,40
1148953,10,54
1149032,170,8
1149116,25,40
1149464,14,40
1149560,12,40
1149623,12,40
1149661,3640,40
1149718,11,40
1149860,32,8
1149866,54,40
1149964,483,8
1150305,613,2
1150563,86,8
1150646,34,40
1150656,438,8
1150743,11,54
1150962,11,54
1151039,12,8
1151188,147,8
1151309,11,54
1151561,3956,8
1151571,69,8
1151698,20,8
1151750,49,1
1151916,69,8
1152007,9,54
1152034,675,2
1152146,8,54
1152162,5875,62
1152212,93,8
1152458,74,8
1152466,17,54
1152654,7823,9
1152729,10601,29
1152781,48,8
1153019,68,1
1153069,28,51
1153215,851,33
1153275,48,1
1153523,52,1
1153598,38,51
1153632,91,40
1153988,10028,2
1154003,6620,7
1154101,94,51
1154329,96,40
1154460,99,8
1154524,1380,33
1154567,108,8
1154859,109,8
1154889,105,16
1154953,15,12
1154957,79,1
1155161,76,1
1155208,68,8
1155322,107,8
1155335,190,51
1155435,532,8
1155444,31,40
1155623,100,1
1155634,8936,2
1155959,95,1
1155975,59,1
1156130,64,8
1156144,97,1
1156389,91,1
1156489,7347,13
1156615,40,18
1156658,339,33
1156677,130,8
1156971,40,12
1156979,212,8
1157017,650,23
1157065,65,16
1157074,80,1
1157133,12,12
1157267,148,8
1157302,71,1
1157313,98,18
1157314,24,1
1157442,74,1
1157451,416,8
1157621,43,16
1157831,78,1
1158073,74,1
1158345,71,8
1158357,75,1
1158428,1131,8
1158577,68,1
1158868,72,1
1159391,144,66
1159549,65,66
1159582,285,36
1159610,1307,8
1159772,34,23
1159821,682,23
1160015,474,16
1160966,5545,62
1160979,626,8
1161332,80,40
1161479,29,40
1161686,880,8
1161817,58,16
1161919,103,8
1161980,166,40
1162049,138,8
1162136,56,16
1162146,494,8
1162230,861,17
1162810,320,17
1163079,61,8
1163246,710,40
1163323,79,8
1163334,17785,29
1163438,121,8
1163679,74,8
1163841,7329,13
1164235,75,8
1164289,56,40
1164503,66,8
1164701,63,8
1164760,616,8
1165494,1055,8
1166128,3717,8
1166795,2495,8
1168067,6939,2
1168714,6931,2
1169720,34,54
1171100,21,74
1171171,7182,13
1171513,28,74
1172012,21,74
1173439,34,55
1174872,24,55
1175206,20,55
1175541,1915,2
1175678,31,55
1176182,5546,2
1176279,707,39
1176448,35,55
1176632,23,55
1176820,18,55
1176943,14,55
1178358,7474,13
1178889,5400,17
1179935,46,54
1181410,9893,29
1183757,63,54
1183936,4940,2
1184332,65497,17
1184730,42,54
1185835,7453,13
1186910,6471,2
1189885,5636,2
1191306,14994,29
1193289,13024,13
1194636,752,2
1195399,3852,2
1249446,150,54
1249779,3720,65
1251007,26,12
1251085,24,12
1251114,322,12
1251152,205,12
1251317,23,2
1251538,761,12
1251554,746,12
1251661,13,2
1251923,5,2
1251979,5,2
1252026,15,2
1252412,20,2
1252807,18,2
1253693,18,2
1253768,126,40
1254408,987,40
1254672,21,2
1254860,323,2
1255202,179,40
1255734,530,2
1256333,19354,41
1256348,658,39
1257258,396,9
1257565,550,2
1258639,45,54
1258681,522,2
1258730,601,9
1258860,45,54
1259093,44,54
1259175,878,39
1259375,13159,9
1259419,102,54
1259636,6273,2
1259704,45,54
1259886,45,54
1260336,24,54
1260450,19,54
1260614,49,2
1260690,21,54
1260944,48,54
1261768,166,54
1262322,455,54
1262945,23,54
1263242,39,54
1263419,83,54
1263876,85,54
1263965,550,17
1264172,97,54
1264640,4476,36
1264808,71,54
1265077,46,54
1265244,44,54
1265432,46,54
1265612,46,54
1265780,68,54
1266041,71,54
1266327,70,54
1266547,74,54
1266700,8679,17
1266899,32,54
1267131,74,54
1267380,50,54
1267553,142,54
1267884,169,54
1268254,69,56
1268382,5655,2
1268770,35,56
1268839,45,54
1269005,42,56
1269221,35,56
1269332,23,54
1269597,22,54
1269853,76,54
1269868,88,56
1269900,117,36
1269937,361,54
1270030,22334,36
1270423,331,54
1270960,368,54
1271221,193,2
1271539,38,2
1271575,2163,54
1272679,27,2
1272714,118,2
1273438,357,2
1273754,751,54
1274240,143,2
1274377,4248,2
1274523,640,54
1274717,64,2
1275187,34,54
1275427,27,54
1275917,204,54
1276401,6512,54
1279778,25,2
1280116,3758,2
1280878,46,2
1280931,4093,2
1291571,3994,17
1294353,139,77
1296877,4800,34
1296908,4781,34
1297539,1294,17
1297781,3884,43
1297800,3851,43
1298684,12376,7
1298865,6480,17
1299621,19473,41
1300397,1388,40
1300895,31,31
1300895,31,31
1300991,33,25
1301007,32,25
1301530,18,12
1301553,499,12
1301570,12,12
1301589,462,12
1302025,140,40
1302205,170,12
1302223,56,12
1302455,617,12
1302474,219,12
1302711,173,18
1303109,29,51
1303323,19,18
1303369,771,12
1303380,447,18
1303393,745,12
1303410,128,51
1303609,13,40
1303627,29,40
1303664,1115,40
1304199,695,18
1304276,30,55
1304335,69,36
1304512,799,6
1304607,387,51
1304849,147,40
1305039,3008,51
1305165,454,12
1305172,460,18
1305190,342,12
1305547,17856,13
1305635,269,12
1305656,206,12
1305748,237,6
1305977,8591,2
1305998,71,40
1306103,210,6
1306604,4283,6
1306714,5644,7
1307045,72,40
1307293,716,54
1307446,71,40
1307690,538,40
1308272,1569,54
1308299,47,10
1308321,5745,51
1308373,459,10
1308423,116,40
1308632,3229,43
1308989,109,10
1309067,422,40
1309097,1219,46
1309250,18,10
1309654,3716,40
1309672,129,40
1310122,21,12
1310149,496,12
1310165,16,12
1310186,459,12
1310746,1183,40
1311024,15216,29
1311827,13,47
1312179,125,6
1312206,5397,7
1312320,79,12
1312332,469,22
1312471,4631,47
1312597,72,40
1312741,1004,40
1312855,180,54
1313240,230,10
1313655,1318,54
1314009,70,40
1314103,105,40
1314110,99,8
1314221,5304,24
1314250,722,12
1314270,5253,51
1314283,553,12
1314405,83,78
1314765,94,40
1314781,519,78
1314853,4587,17
1315023,755,12
1315042,119,12
1315218,64,40
1315537,105,36
1315987,3634,22
1316021,47,51
1316032,157,40
1316149,1957,51
1316911,3234,79
1317014,3934,58
1317063,100,36
1317336,122,40
1317546,70,8
1317783,310,8
1318032,37,40
1318165,79,40
1318217,150,8
1318325,16,40
1318495,81,8
1318618,442,8
1318674,115,54
1318958,159,40
1319393,31,5
1319610,3106,22
1319624,56,74
1319673,272,12
1319690,161,40
1319843,4466,33
1319855,7775,47
1319874,223,30
1319910,16,74
1319916,20,30
1320243,20,74
1320337,1108,12
1320344,403,30
1320354,815,23
1320403,16,74
1320840,1450,80
1320855,18,74
1320865,112,40
1320897,10360,17
1321066,817,30
1321115,17,74
1321215,4058,24
1321505,21,74
1321560,1191,39
1321744,110,8
1321889,228,8
1321992,1818,30
1322045,161,40
1322226,149,8
1322253,22,40
1322307,31,40
1322367,438,54
1322535,20,8
1322572,148,8
1322710,5365,22
1322723,131,40
1322828,101,8
1322933,692,8
1322966,19,74
1323217,730,54
1323319,1343,5
1323362,7266,48
1323425,218,40
1323492,3910,48
1323692,62,5
1323702,21,8
1323731,79,8
1323740,23,40
1323820,500,8
1323842,22,74
1323862,501,10
1323936,8934,13
1324193,491,79
1324295,2538,80
1324307,121,40
1324383,20,74
1324394,1020,33
1324410,2208,30
1324464,22,40
1324488,170,8
1324514,33,8
1324583,4817,47
1324621,589,10
1324656,456,8
1324671,91,8
1324679,25,40
1324749,2673,79
1325116,1764,54
1325163,129,8
1325184,23,74
1325369,71,8
1325519,154,8
1325682,364,10
1325796,69,8
1325988,70,8
1326249,4825,22
1326265,348,10
1326278,18773,29
1326312,94,54
1326370,19,74
1326419,711,33
1326595,12042,75
1326698,29,12
1326731,1184,12
1326752,18,12
1326773,177,12
1327047,863,12
1327091,2096,46
1327101,73,8
1327360,497,10
1327419,143,8
1327583,3061,48
1327633,17,8
1327998,21,8
1328036,68,8
1328224,652,10
1328385,96,8
1328594,86,8
1328916,38,8
1329112,13,37
1329409,37,8
1329472,2091,49
1329497,21,74
1329695,904,10
1329838,1718,49
1329947,1600,47
1329957,144,40
1330086,28,74
1330115,120,40
1330324,214,40
1330354,70,8
1330547,1205,40
1330619,46,8
1330741,3635,37
1330747,781,37
1330799,3369,79
1330847,32,8
1331005,75,8
1331069,564,51
1331491,144,30
1331528,62,8
1331779,6709,2
1331824,26,40
1331852,2666,37
1331890,119,40
1331917,60,8
1332510,111,66
1332693,284,65
1332808,58,74
1332915,129,51
1333040,7403,2
1333257,4927,51
1333599,4011,40
1333608,4145,61
1333617,80,40
1333805,41,40
1333934,17,40
1334023,24,40
1334036,16383,13
1334059,43,74
1334355,5171,65
1334384,131,37
1334820,33,40
1334837,19,74
1334952,23,40
1335157,39,8
1335212,162,54
1335487,36,8
1335665,34,8
1335817,40,74
1335878,131,54
1336327,21,74
1336347,94,54
1336719,83,54
1337044,606,54
1337488,519,37
1337508,508,37
1337690,3796,61
1338057,1377,48
1338081,1357,48
1338869,10462,17
1340091,165,48
1340120,1793,48
1340371,177,48
1340795,47,81
1340886,41,81
1341422,4359,61
1341485,46,81
1344583,296,54
1345349,552,54
1345739,4902,61
1346443,410,54
1347051,3927,58
1347414,2168,13
1347612,44,40
1347798,41,40
1347925,44,40
1348410,46,40
1348545,46,40
1348633,66,40
1349065,189,40
1349329,57,40
1349655,123,40
1349971,57,40
1350420,17785,13
1350425,10676,70
1350579,2365,61
1351112,5399,22
1351383,695,62
1352880,2520,61
1354399,21,56
1354477,69,56
1354705,230,62
1354962,14242,22
1355340,59,62
1355353,2358,61
1355436,25,62
1355656,26,62
1357647,2371,61
1359953,2374,61
1361142,7858,70
1362263,2369,61
1364571,2402,61
1366905,2592,61
1369002,14625,70
1369436,2371,61
1371745,2371,61
1374119,2381,61
1376497,4380,61
1383604,2051,7
1384926,31455,41
1385835,144,4
1392848,110,34
1393017,241,34
1393017,241,34
1393198,120,31
1393198,120,25
1393258,120,34
1393428,180,34
1393429,179,34
1393668,105,34
1393668,165,34
1393668,165,34
1393668,166,34
1394180,18,72
1394243,45,21
1394937,74,43
1395256,135,43
1396200,11235,13
1396658,1798,5
1398538,6401,65
1400923,3925,55
1401399,65,43
1401699,796,13
1401704,5774,51
1401788,178,43
1402032,601,43
1402064,98,43
1402292,178,43
1402778,213,34
1402778,227,34
1402779,118,34
1402779,162,34
1403022,308,34
1403022,308,34
1403022,308,34
1403022,324,34
1403246,533,8
1403362,146,34
1403362,162,34
1403524,81,34
1403622,48,34
1403686,163,34
1403687,162,34
1403865,81,34
1403963,64,34
1404092,289,34
1404125,308,34
1404141,324,34
1404157,276,34
1404612,307,34
1404628,308,34
1404628,373,34
1404628,373,34
1405033,179,34
1405033,180,34
1405034,115,34
1405034,130,34
1405441,113,34
1405528,36,74
1405587,114,34
1405587,130,34
1405604,131,34
1405604,146,34
1405793,300,75
1406709,234,30
1409824,3923,58
1410050,103,15
1410505,3917,16
1412233,294,30
1412589,66,82
1412608,51,8
1412667,14,82
1412679,3005,30
1412687,90,8
1412693,3519,33
1412769,5265,29
1412781,9,82
1412794,903,82
1413002,51,6
1413093,5627,7
1413271,291,83
1413296,153,23
1413417,114,8
1413564,220,8
1413601,354,83
1413769,10675,17
1413881,62,8
1413900,268,6
1413957,1022,54
1414048,114,6
1414156,97,8
1414521,549,37
1414538,62,37
1414618,456,37
1415210,7378,83
1415241,45,83
1415253,43613,5
1415323,4619,5
1415394,26,83
1415600,6993,8
1415680,90,8
1415851,384,83
1416162,15,82
1416183,1012,82
1416401,2782,47
1416426,3908,61
1417232,25,16
1417277,39,8
1417464,6193,22
1417480,35,8
1417568,37,16
1417614,68,66
1417742,39,8
1417923,33,8
1417981,69,16
1418009,96,10
1418157,36,8
1418198,717,10
1418244,1136,16
1418739,8124,7
1418866,51,66
1419178,54,66
1419312,46,8
1419397,40,8
1419490,59,16
1419549,16,82
1419576,630,82
1419710,451,16
1419795,69,8
1420322,3494,61
1420382,21,74
1420489,63,16
1420504,16,8
1420526,35,8
1420576,124,48
1420606,741,48
1420741,38,8
1421018,1884,48
1421049,37,8
1421196,16,74
1422594,19,74
1422748,42,8
1422798,50,16
1422943,1440,48
1423148,42,8
1423206,546,23
1423254,110,16
1423284,23,74
1423653,3252,22
1423659,15,82
1423678,479,82
1423818,2962,61
1424035,3550,65
1424137,60,8
1424300,43,8
1424453,40,8
1424479,28,74
1424643,36,8
1424841,391,48
1424963,39,8
1425103,7995,13
1425177,36,8
1425260,15,82
1425279,426,82
1425448,65,8
1425829,69,8
1425977,20,74
1426067,60,8
1426375,61,8
1426714,17278,70
1426754,22,74
1426766,2387,61
1426807,60,8
1426878,4850,22
1427039,93,40
1427053,60,8
1427516,64,8
1427748,37,8
1428294,18,74
1428773,1008,48
1428839,930,48
1428988,15,74
1429140,2489,61
1430068,17,74
1430441,17,74
1430512,3322,65
1431603,2291,61
1431874,62,8
1432125,11671,15
1432516,22,74
1433099,5490,13
1433887,2322,61
1436189,2703,61
1436734,154,54
1437353,287,54
1437888,286,54
1438872,2503,61
1439217,164,54
1440219,168,54
1441346,590,2
1441357,2320,61
1443653,2422,61
1445289,14147,22
1446057,30744,61
1477066,590,6
1477087,569,6
1477129,5431,10
1477369,98,40
1477442,59,8
1477616,1886,12
1477642,203,54
1477685,83,66
1477774,2010,5
1478020,54,79
1478165,495,40
1478186,392,4
1478400,3225,17
1478653,7739,13
1478860,13110,70
1479046,108,16
1479366,160,40
1479372,191,16
1479561,5943,79
1479571,3086,40
1479584,9,40
1479601,2736,40
1479895,111,16
1479944,5280,5
1480129,1519,58
1480229,39,8
1480296,47,1
1480404,3917,12
1480411,34,8
1480612,175,48
1480641,137,48
1480709,40,8
1480831,2479,22
1480900,35,8
1481195,39,8
1481319,727,48
1481335,100,48
1481437,30,16
1481457,1189,48
1481462,35,8
1481717,26,55
1481726,115,8
1481733,108,16
1481740,3923,6
1481770,3916,6
1481986,517,30
1482059,39,8
1482073,225,54
1482160,41,8
1482204,1403,47
1482220,179,16
1482229,1350,30
1482360,3921,33
1482367,520,40
1482408,218,54
1482459,160,48
1482518,216,8
1482659,227,54
1482680,4646,65
1482691,226,16
1482862,14,8
1482892,64,8
1482924,3233,40
1482934,2064,40
1483173,61,8
1483194,248,54
1483203,76,12
1483325,5622,22
1483413,1170,8
1483503,330,16
1483880,8199,58
1483893,3856,36
1484004,829,12
1484292,60,1
1484468,35,55
1484532,248,54
1484595,888,30
1484717,242,8
1484967,78,8
1484985,47,12
1485204,72,8
1485271,56,1
1485371,1093,51
1485445,38,12
1485464,1222,17
1485629,78,8
1485669,935,30
1485786,35,74
1485797,353,40
1485813,249,8
1485920,253,16
1485926,59,1
1486013,33,55
1486023,47,12
1486158,213,54
1486176,217,8
1486252,4229,40
1486314,30,55
1486345,185,15
1486387,7886,13
1486497,19471,41
1486547,18,74
1486662,25,55
1486752,18,8
1486777,85,8
1486800,61,1
1486809,1485,17
1486892,1571,5
1486947,2159,51
1487001,29,55
1487135,220,8
1487443,496,8
1487528,29,12
1487541,22,82
1487560,472,12
1487571,875,82
1487578,13,12
1487586,42,8
1487599,434,12
1487782,41,8
1487928,69,1
1487958,44,8
1488134,43,8
1488543,49,8
1488586,86,45
1488714,82,8
1488822,326,8
1488938,5630,22
1488950,2923,47
1489105,1742,10
1489155,781,8
1489259,1771,47
1489391,64,1
1489727,5457,7
1490259,100,1
1490467,2309,51
1490746,358,40
1490853,292,6
1491089,64,8
1491144,9611,10
1491186,37,55
1491227,200,40
1491295,117,1
1491491,9269,65
1491706,1356,30
1491801,80,8
1491961,245,40
1491976,15086,70
1492109,2794,58
1492310,39,55
1492318,223,40
1492530,91,8
1492655,193,16
1492798,107,8
1492880,667,24
1492919,69,1
1492931,16,82
1493076,417,40
1493099,24875,5
1493107,158,16
1493197,7563,33
1493301,170,8
1493370,106,55
1493485,320,8
1493493,162,1
1493511,50,55
1493557,321,16
1493571,264,40
1493838,243,8
1493868,1152,51
1493885,78,24
1493919,6840,40
1493971,38,55
1494005,4820,24
1494095,6664,40
1494132,91,17
1494166,143,1
1494181,14,82
1494396,730,8
1494403,127,82
1494453,34,55
1494601,6155,16
1494633,3273,10
1494706,1850,74
1494791,3350,22
1494796,5957,33
1494985,38,55
1495137,810,82
1495215,5542,55
1495299,91,8
1495487,24,74
1495537,3388,51
1495651,1964,17
1495728,131,8
1495992,28,55
1496126,2477,22
1496247,4176,8
1496339,57,55
1496345,807,82
1496413,19,74
1496678,14,74
1497112,138,54
1497172,3017,47
1497182,342,47
1497397,23,74
1497936,64,54
1498105,178,21
1498126,586,82
1498253,6181,58
1498256,2340,47
1498661,8179,22
1499098,3791,22
1499109,33,45
1499400,9802,7
1499592,442,51
1499916,44,55
1499959,1113,82
1500165,694,51
1500225,7874,13
1500285,36,55
1500822,36,55
1500891,139,51
1500952,109,51
1501067,155,51
1501179,34,55
1501234,63,51
1501274,7769,17
1501323,7721,51
1501391,110,8
1501599,2308,17
1501607,7437,51
1501721,106,59
1502030,84,59
1502163,902,40
1502379,43,59
1502601,50,59
1502870,291,10
1502882,43,59
1502892,34,55
1502998,7,46
1503102,5,46
1503210,5,46
1504267,4095,65
1504487,24,22
1505357,3685,61
1508100,7551,13
1509451,40,84
1509503,51,84
1509910,47,74
1510222,2134,17
1510370,686,48
1510396,658,48
1510814,76,54
1510966,23,74
1511935,17,74
1513265,3953,48
1513290,132,48
1513441,601,21
1513646,3892,48
1514593,31,21
1514617,17,74
1514723,138,21
1516564,17,74
1517242,281,48
1518773,17,74
1519232,2366,61
1519563,272,48
1519610,1081,48
1519617,112,74
1520132,3966,58
1520239,109,22
1520417,3106,22
1521297,31,36
1521572,2351,61
1521799,20,36
1522072,18,36
1522227,16,36
1522338,1135,46
1522637,2341,36
1523860,2383,61
1525082,18291,13
1525162,14641,70
1526178,2759,61
1526352,104,54
1526612,14502,22
1526716,145,54
1527118,2435,47
1527127,144,54
1528396,138,54
1528873,2805,61
1529017,142,54
1529416,144,54
1530111,149,54
1530777,145,54
1531427,134,54
1531612,2517,61
1531958,144,54
1532853,146,54
1533745,243,54
1534067,2466,61
1534637,218,54
1536469,2365,61
1538771,2433,61
1541140,2392,61
1543367,5131,13
1543466,2469,61
1545931,2421,61
1548287,2505,61
1548502,15273,13
1550728,2604,61
1553267,2463,61
1554224,52,12
1554442,31,12
1554562,57,12
1555177,36,12
1555382,923,39
1555668,2522,61
1557157,27,45
1557574,1537,39
1558126,2459,61
1558221,3190,22
1558600,137,45
1558702,25,45
1558914,28,45
1559266,27,45
1559772,27,45
1560085,27,45
1560154,26,45
1560207,44041,45
1560519,2476,61
1561179,292,45
1561349,3065,22
1561774,5462,17
1562932,2879,61
1563778,18540,13
1564351,3065,22
1565746,3235,61
1567034,24,36
1567353,3146,22
1568919,2587,61
1569903,1341,70
1570437,3609,22
1571324,380,9
1571443,3072,61
1572057,389,9
1573097,6413,9
1573982,5800,22
1574451,3544,61
1574628,6907,17
1577088,66,65
1577231,3284,65
1577930,3510,61
1578776,8657,7
1578913,7306,40
1579718,3506,22
1580903,33,22
1581380,2520,61
1581779,115,62
1582168,103,62
1582467,3979,62
1583159,3222,22
1583837,2381,61
1584426,40,65
1584609,3298,65
1586153,2334,61
1586417,4022,22
1586929,856,54
1587519,14951,5
1587787,74,62
1587857,86,54
1587873,2525,62
1588316,1119,40
1588413,92,54
1588470,2476,61
1588913,824,54
1590189,3379,65
1590316,8707,17
1590421,4115,22
1590475,86,54
1590758,2065,54
1590882,3041,61
1592293,93,79
1593857,3293,61
1594474,2952,22
1594818,16281,70
1595453,71,21
1595900,1123,22
1596567,459,9
1597136,3344,61
1597414,5930,22
1597428,6110,9
1597624,203,21
1598386,2324,21
1600506,3032,61
1601524,181,21
1603283,3372,22
1603479,3121,61
1604535,1212,21
1605705,160,54
1606229,861,54
1606567,2883,61
1607202,212,54
1607510,12,85
1607761,224,54
1609260,10,85
1609387,2923,61
1609530,218,54
1609684,12,85
1610296,220,54
1610767,258,54
1611358,15,85
1611369,414,54
1611491,9,85
1611542,9439,17
1611898,12,85
1612246,4382,61
1612724,22770,5
1613552,319,54
1616574,4720,61
1617619,351,54
1618378,349,54
1618892,388,54
1619718,301,54
1621232,2403,61
1623573,2419,61
1625923,2527,61
1628387,2401,61
1630723,2454,61
1633110,2393,61
1635439,2508,61
1637456,14457,22
1637883,2385,61
1640204,2455,61
1642596,2578,61
1643894,128,45
1644788,321,45
1644998,2992,22
1645106,2389,61
1647435,3253,61
1647561,1440,17
1647951,3154,22
1648341,189,21
1649604,329,21
1650281,1239,21
1650432,5280,17
1650628,2921,61
1651072,3058,22
1653593,2397,61
1653612,12411,5
1654067,3004,22
1655865,308,48
1655907,1030,48
1655924,2394,61
1656505,438,48
1657020,4358,22
1658251,2375,61
1658981,2063,48
1659200,6798,58
1660547,7239,62
1660566,2439,61
1661319,5454,22
1661643,11748,15
1662345,9133,15
1662940,6303,61
1663090,2000,17
1663552,17642,13
1663694,3508,13
1664299,142,80
1664440,7746,80
1665623,799,17
1666709,3054,22
1667776,1003,13
1668757,208,21
1668920,48,13
1669021,2432,21
1669156,219,13
1669179,5114,61
1669503,16,56
1669666,96,56
1669705,3405,22
1670581,5208,62
1670795,5652,65
1670818,72,56
1671833,1270,13
1672162,6088,58
1672468,2917,80
1673103,5672,22
1673216,61,13
1673426,14930,70
1674228,4151,61
1675646,2088,80
1676092,3135,13
1676700,2233,62
1677045,3531,65
1678123,787,80
1678317,3357,61
1678712,3515,22
1678793,912,62
1679272,99,13
1679392,46,13
1679576,7519,80
1681611,4088,61
1681753,24963,5
1682165,3676,22
1682696,3291,65
1683589,1634,23
1685635,3102,61
1685779,3094,22
1686493,318,23
1686934,3308,65
1687931,846,23
1688274,23,22
1688675,2401,61
1690089,6473,70
1691013,2372,61
1693281,3933,17
1693321,2454,61
1693422,8304,23
1694388,4090,65
1695709,2387,61
1698034,2520,61
1699634,17593,13
1699811,87,13
1700333,14224,22
1700489,2401,61
1702104,405,23
1702610,5340,23
1702826,4756,61
1703989,2698,86
1707282,7572,86
1707300,7623,23
1707570,5885,61
1713406,5058,61
1714911,11139,86
1714941,11268,23
1718400,5769,61
1724106,3741,61
1726004,751,45
1726354,14240,22
1727784,2382,61
1728258,25,7
1728607,22,7
1728758,86,7
1729327,388,6
1729341,134,6
1729644,3930,7
1730103,2400,61
1730372,30,43
1730412,1026,43
1730844,7182,36
1731059,3043,22
1731485,12544,5
1732221,14,87
1732442,2956,61
1732504,22,55
1732670,12,55
1733134,818,21
1733336,20,43
1733462,78,5
1733595,37,55
1734038,5797,22
1734125,23,55
1734221,47,66
1734618,186,79
1734773,52,66
1734978,206,6
1734990,197,6
1735026,197,21
1735057,7976,79
1735069,176,79
1735249,52,66
1735337,6024,61
1735479,31,43
1735519,16,43
1735590,10377,7
1736007,83,66
1736230,66,66
1736246,10858,58
1736306,16252,28
1736346,11840,80
1737043,4730,64
1737140,125,66
1737299,2569,24
1737390,430,8
1737417,59,66
1737433,1539,13
1737476,923,21
1737759,91,88
1738022,19531,70
1738135,67,8
1738470,555,30
1738514,132,6
1738560,92,6
1738601,146,8
1738830,195,15
1738870,338,66
1739030,604,6
1739078,558,6
1739180,29,55
1739205,4242,36
1739246,19069,41
1739628,47,66
1739723,129,16
1739811,6806,22
1740115,14,47
1740236,71,16
1740250,1165,51
1740342,81,66
1740361,182,13
1740514,3878,48
1740557,4007,48
1740573,77,16
1740723,308,66
1740737,102,13
1740795,51,66
1740849,68,13
1740898,468,21
1740945,107,47
1741101,659,47
1741121,23,47
1741142,11,85
1741356,6558,61
1741396,22,61
1741435,40,55
1741478,672,51
1741495,57,16
1741715,47,66
1742143,30,55
1742287,332,51
1742338,61,16
1742390,8023,17
1742523,9418,24
1742621,888,54
1742794,140,16
1742902,37,51
1743078,884,33
1743227,93,16
1743236,3073,22
1743393,57,66
1743559,25,55
1743660,123,16
1743747,29,55
1743821,6717,47
1743887,69,66
1743893,1512,72
1743955,128,16
1743969,3921,49
1743976,11692,51
1744264,87,16
1744418,523,48
1744600,774,33
1744631,53,74
1744664,79,16
1744837,960,88
1744884,467,47
1744906,51,55
1745161,190,48
1745183,1836,48
1745215,30,54
1745385,78,48
1745507,1513,48
1745728,1441,8
1745755,22,54
1745973,119,33
1746027,70,55
1746065,100,54
1746375,133,16
1746473,19,47
1746598,102,54
1746607,48,89
1746613,5664,22
1746642,37,55
1747094,102,54
1747334,39,54
1747415,39,54
1747449,1926,89
1747532,2987,10
1747851,5699,61
1748069,3939,16
1748130,1432,5
1748182,9509,58
1748192,480,47
1748461,36,55
1748791,348,8
1749229,8103,22
1749538,228,8
1749581,38,74
1749655,3931,19
1749809,394,5
1750228,3925,72
1750513,12477,5
1750632,180,8
1750650,643,10
1750726,5945,69
1751022,161,8
1751030,7051,65
1751408,280,54
1751435,264,8
1751600,1916,30
1751623,989,10
1751835,1538,17
1752047,636,54
1752180,69,66
1752328,42,8
1752333,6328,22
1752448,353,8
1752525,59,74
1752809,340,8
1753059,300,54
1753214,58,74
1753293,3182,10
1753351,9,89
1753378,3895,89
1753481,6967,17
1753495,12799,80
1753592,67,74
1753670,57,74
1753748,7246,61
1753880,133,8
1754033,11,85
1754466,77,54
1754673,169,66
1754851,2150,89
1754962,93,74
1755108,159,66
1755169,77,54
1755290,38,55
1755396,46,33
1755518,109,54
1755574,90,72
1755582,83,33
1756106,594,47
1756198,1650,16
1756222,135,54
1756759,302,6
1756797,6067,6
1756897,410,48
1756907,721,69
1756966,340,48
1757071,319,89
1757308,105,54
1757334,456,48
1757361,317,48
1757445,913,10
1757482,39,74
1757559,3633,70
1757700,4578,89
1757790,357,8
1757797,55,55
1757804,11949,58
1757846,2971,19
1758014,8010,89
1758157,2760,47
1758168,636,54
1758390,480,10
1758398,310,8
1758419,4665,30
1758432,6528,65
1758689,4899,22
1758977,77,8
1759034,913,54
1759369,49,16
1759413,1414,48
1759438,122,8
1759442,1394,48
1759791,123,8
1759804,20,10
1760071,118,8
1760263,4876,51
1760304,231,8
1760706,142,8
1760848,145,54
1760984,6062,61
1760990,232,8
1761034,93,16
1761079,1584,72
1761160,146,54
1761351,231,8
1761735,244,8
1762162,878,32
1762177,146,8
1762345,58,55
1762487,31,8
1762588,248,8
1762664,8022,64
1762767,28,74
1763114,1781,72
1763291,166,54
1763393,43,55
1763631,15,47
1763654,412,54
1763752,17,47
1763849,89,47
1764238,86,74
1764722,694,47
1764744,6220,17
1765003,83,66
1765176,34,47
1765226,114,47
1765500,104,16
1765648,2625,72
1765675,337,24
1766367,239,47
1766773,122,47
1766989,78,74
1767020,2583,61
1767089,16790,13
1767167,3649,22
1767788,76,74
1768331,84,74
1768960,24777,5
1769137,73,74
1769452,8369,23
1769586,2496,61
1770024,51,74
1770507,65,74
1770791,5760,22
1772047,68,74
1772061,2602,61
1772911,63,74
1774022,175,47
1774315,22,20
1774325,33,20
1774335,978,47
1774337,21,20
1774341,33,20
1774358,32,20
1774374,32,20
1774390,35,20
1774406,37,20
1774425,30,20
1774443,30,20
1774455,33,20
1774488,33,20
1774506,32,20
1774521,23,20
1774535,40,55
1774544,25,20
1774569,33,20
1774578,23,20
1774601,32,20
1774617,23,20
1774633,34,20
1774638,2610,61
1774640,26,20
1774645,21,20
1774666,33,20
1774683,33,20
1774699,34,20
1774716,32,20
1774733,31,20
1774764,36,20
1774780,20,20
1774800,29,20
1774813,32,20
1774829,33,20
1774845,33,20
1774862,32,20
1774878,32,20
1774894,33,20
1774910,33,20
1774927,32,20
1774943,28,20
1774959,50,20
1774969,228,47
1774971,37,20
1774978,30,20
1775025,32,20
1775044,29,20
1775056,32,20
1775072,33,20
1775105,33,20
1775122,34,20
1775138,33,20
1775156,31,20
1775171,32,20
1775186,48,20
1775203,31,20
1775204,29,20
1775232,35,55
1775233,26,20
1775259,42,20
1775271,30,20
1775300,33,20
1775316,35,20
1775333,32,20
1775351,31,20
1775365,34,20
1775381,33,20
1775399,32,20
1775414,33,20
1775431,32,20
1775447,32,20
1775463,33,20
1775479,34,20
1775496,34,20
1775513,32,20
1775530,30,20
1775545,33,20
1775560,34,20
1775578,33,20
1775594,33,20
1775611,33,20
1775627,34,20
1775644,31,20
1775660,32,20
1775675,33,20
1775692,32,20
1775708,33,20
1775724,34,20
1775741,32,20
1775757,32,20
1775773,33,20
1775789,33,20
1775806,32,20
1775822,28,20
1775838,34,20
1775849,213,54
1775850,21,20
1775857,31,20
1775871,23,20
1775887,33,20
1775892,9,85
1775894,26,20
1775903,34,20
1775905,31,20
1775934,6,85
1775936,26,20
1775940,21,20
1775944,41,20
1775985,33,20
1776002,32,20
1776018,32,20
1776034,28,20
1776050,24,20
1776051,3019,85
1776052,22,20
1776062,20,20
1776065,34,20
1776072,7,85
1776074,25,20
1776082,33,20
1776099,32,20
1776115,33,20
1776147,33,20
1776164,32,20
1776180,33,20
1776212,20,20
1776229,34,20
1776230,87,54
1776244,34,20
1776278,32,20
1776294,26,20
1776310,32,20
1776342,33,20
1776359,32,20
1776375,32,20
1776535,3386,22
1776771,87,54
1777053,3721,47
1777102,208,54
1777227,3303,61
1777474,16411,22
1778110,286,21
1778529,730,21
1778948,3347,36
1779452,3930,21
1779464,312,21
1779571,4290,22
1779793,39,55
1780499,4360,61
1780606,1425,21
1781054,33,55
1781990,11310,17
1782247,5165,64
1784831,3843,61
1785234,68,90
1786791,10,64
1787522,3636,64
1788640,2704,61
1790817,1849,64
1791341,2598,61
1792036,14687,22
1792702,4921,64
1793908,2462,61
1796343,2407,61
1798719,2496,61
1801185,2343,61
1803505,2357,61
1805833,2331,61
1808139,2359,61
1810466,2431,61
1812870,2411,61
1815257,2504,61
1815393,11217,36
1817696,3000,22
1817737,2329,61
1818186,199,89
1818689,9352,5
1818914,818,15
1820044,2372,61
1820379,2818,30
1820672,3632,22
1821144,33,55
1821413,26,55
1821566,111,10
1821710,1072,64
1822399,2825,61
1822507,186,48
1822615,2399,64
1822676,93,66
1822685,695,69
1822758,3115,17
1823593,253,55
1823628,150,8
1823659,53,66
1823666,3405,30
1823728,207,48
1823763,129,10
1824136,25,55
1824195,121,8
1824270,8530,22
1824514,454,48
1824660,26,55
1824845,58,90
1825054,7780,64
1825203,3051,61
1825325,60,90
1825399,1530,51
1825472,148,8
1825557,47,66
1825954,12043,17
1826178,59,91
1826245,50,23
1826288,324,23
1826293,103,8
1826358,11636,23
1826691,105,8
1826917,131,55
1826972,3353,51
1827233,59,8
1827306,931,63
1827511,56,84
1827614,85,8
1827692,25,55
1827761,2027,69
1828003,24,55
1828093,8905,58
1828194,58,8
1828213,12510,5
1828234,4567,61
1828469,60,8
1828533,85,55
1828663,177,10
1828669,131,8
1828772,8790,24
1828863,10929,36
1828871,55,90
1828883,26,55
1829279,72,8
1829625,79,8
1829655,58,91
1829947,144,63
1830046,6501,51
1830061,65,8
1830408,46,1
1830432,6120,51
1830511,6041,8
1830519,663,8
1830543,30,55
1830612,2277,69
1830972,127,89
1831024,113,16
1831186,314,8
1831213,163,1
1831622,218,8
1831682,2456,63
1831851,51,66
1831871,83,8
1832027,70,8
1832574,83,8
1832677,3418,22
1832690,2923,61
1832829,82,8
1833048,76,8
1833134,78,8
1833362,6733,64
1833473,89,8
1833512,4190,47
1833825,23,74
1833833,175,8
1833961,3920,48
1834179,80,8
1834344,78,8
1834466,8544,63
1834561,74,8
1834816,133,8
1834927,24,74
1835039,115,8
1835065,271,47
1835192,1358,22
1835364,442,18
1835417,111,8
1835579,4767,61
1835617,63,55
1835707,106,8
1835819,999,10
1835841,339,18
1835865,117,47
1835944,26,55
1835981,17,74
1836051,76,8
1836361,33,55
1836434,136,8
1836578,937,22
1837390,143,30
1837397,3912,20
1837462,11,8
1837665,34,10
1837813,77,8
1837838,21,10
1837877,68,10
1838019,66747,17
1838030,38,10
1838135,262,16
1838303,79,8
1838636,3725,22
1838830,5537,22
1839156,88,8
1839692,135,8
1839748,83,1
1839755,12905,29
1839890,2204,70
1839971,49,30
1840332,6158,61
1840503,107,1
1840510,131,8
1840826,79,8
1840866,1956,51
1841443,176,16
1841455,81,8
1841698,69,8
1841711,26,74
1841720,70,1
1841726,12397,64
1841958,71,8
1842087,22323,36
1842354,76,8
1842649,10117,58
1842674,96,8
1842867,147,16
1842948,80,8
1842972,21,74
1843233,77,8
1843397,152,54
1843439,75,8
1843567,482,54
1843662,70,8
1843669,30,55
1843816,37,1
1843951,31,1
1843961,95,8
1843967,342,15
1844121,81,1
1844314,11570,51
1844349,435,15
1844354,60445,22
1844385,325,23
1844541,176,69
1844551,3899,23
1844595,7973,69
1844694,695,54
1844867,24,55
1844960,573,15
1845051,89,16
1845756,29,55
1846029,21,55
1846464,27,55
1846474,6527,61
1846510,44,54
1846812,105,54
1847139,37,55
1847281,88,8
1847470,74,8
1847503,45,55
1847785,3768,54
1848150,26,55
1848197,2779,15
1848420,35305,63
1848834,26,55
1848866,44,8
1848929,55,8
1848978,42,10
1849029,15,12
1849052,15,12
1849073,69,12
1849090,53,12
1849145,68,8
1849195,27,55
1849203,693,51
1849242,54,12
1849309,4111,19
1849481,385,10
1849586,36,55
1849708,8,12
1849748,9,12
1849786,61,12
1849871,123,8
1849926,19,12
1849931,4251,62
1850054,13,12
1850073,9,12
1850090,125,12
1850103,53,12
1850565,40,74
1851593,233,48
1852152,8645,80
1852703,8437,29
1852725,221,48
1852794,3997,58
1852993,5050,61
1853190,3906,19
1853207,3163,48
1853323,537,48
1853898,552,48
1854138,4864,64
1854522,3664,48
1854717,20,74
1855429,18,74
1855883,18,74
1857601,21,74
1857990,4165,61
1858213,202,48
1858322,720,48
1858439,1456,48
1858610,19,74
1859173,25,74
1862143,2501,61
1862377,3962,48
1864682,3929,58
1875102,44,15
1901372,2446,61
1902395,11218,36
1902935,44,15
1903487,100,12
1903754,2346,61
1903877,52,12
1904499,1246,63
1904521,16,12
1904620,12,12
1904636,9,12
1904649,160,12
1904661,147,12
1905423,15,12
1905445,8,12
1905459,135,12
1905472,113,12
1905761,408,30
1906069,2513,61
1906102,19,23
1906158,43,23
1906315,15,23
1906731,1640,23
1906760,8418,22
1906815,15,12
1906836,11,12
1906852,95,12
1906862,5252,64
1906867,81,12
1906888,6588,69
1906911,237,30
1907135,8,12
1907151,9,12
1907170,121,12
1907183,107,12
1907295,1026,30
1907533,14,12
1907551,9,12
1907565,111,12
1907579,98,12
1907598,1692,51
1907688,464,66
1907986,197,10
1908068,250,10
1908090,19,12
1908107,35,23
1908113,9,12
1908126,111,12
1908138,44,12
1908254,29,23
1908262,9,12
1908276,8,12
1908287,108,12
1908299,95,12
1908332,10576,23
1908564,3022,61
1908600,33,8
1908659,514,33
1908975,50,66
1909002,39,8
1909155,3633,29
1909176,16,12
1909195,542,30
1909202,12,12
1909220,133,12
1909232,119,12
1909314,2779,51
1909462,18,10
1909506,297,10
1909939,20,12
1909966,10,12
1909981,117,12
1909993,106,12
1910463,12747,42
1910994,26,12
1911010,878,24
1911027,11,12
1911046,804,12
1911059,200,12
1911065,479,30
1911296,20,21
1911477,10,12
1911492,10,12
1911507,58,12
1911518,45,66
1911574,4189,61
1911632,10,12
1911647,7,12
1911662,84,12
1911702,423,10
1911738,125,16
1911834,22,12
1911879,8,12
1911885,267,21
1911893,6,12
1911903,422,12
1911915,53,12
1911995,2459,48
1912041,2420,48
1912066,1558,30
1912105,5021,51
1912124,10812,64
1912143,14,12
1912167,774,10
1912191,138,12
1912420,1075,21
1912547,37,8
1912633,12,12
1912650,8,12
1912663,443,12
1912674,84,12
1912724,4059,24
1912995,108,8
1913144,5767,33
1913150,623,8
1913165,158,10
1913178,48,8
1913252,2031,58
1913592,100,16
1913708,897,12
1913725,1989,21
1913865,134,8
1913873,32,7
1913963,12464,5
1913988,112,16
1914004,107,8
1914049,21,7
1914180,26,7
1914369,416,10
1914560,1206,48
1914590,631,30
1914600,1159,48
1914762,1128,8
1914798,11269,36
1914904,311,12
1915017,125,16
1915424,3032,30
1915523,1954,12
1915754,3346,61
1916768,177,8
1916945,16,48
1917262,171,8
1917307,33,55
1917344,2187,51
1917392,62,16
1917446,33,55
1917592,11349,62
1917671,16,12
1917696,51,12
1917737,5473,33
1917782,784,12
1917816,171,29
1917829,27,74
1917954,82,16
1918324,603,8
1918405,93,92
1918442,42,16
1918585,760,30
1918598,36,74
1918662,161,48
1918681,108,10
1918687,140,48
1918851,2316,48
1918880,2728,48
1918912,385,12
1918931,2796,33
1919080,5844,61
1919102,35,61
1919183,243,8
1919274,55,16
1919341,9038,19
1919396,681,17
1919556,450,12
1919655,3437,51
1919878,1408,8
1920056,47,16
1920130,114,12
1920253,15,12
1920272,9,12
1920284,409,12
1920296,59,12
1920447,3981,75
1920720,26,74
1920754,4520,29
1921292,1104,8
1921744,53,10
1922073,12286,33
1922407,153,8
1922509,57,10
1922582,965,8
1923608,181,8
1923766,202,12
1923917,4669,42
1924010,159,8
1924082,128,12
1924213,526,8
1924543,4623,12
1924868,702,21
1924906,5656,61
1924933,165,8
1925183,611,8
1925189,50,10
1925716,7475,17
1925780,332,21
1925865,89,8
1926139,11241,36
1926252,1161,8
1926334,378,21
1926431,3538,12
1926528,76,10
1926927,464,21
1926993,198,10
1927025,348,24
1927032,35,51
1927172,238,54
1927280,1438,51
1927563,753,8
1927583,1069,10
1927639,1283,21
1927863,359,23
1927923,372,54
1928194,1810,24
1928326,1195,8
1928618,9703,42
1928767,5473,51
1928954,565,54
1928973,1639,29
1929046,521,23
1929057,17,62
1929168,650,21
1929209,275,5
1929278,13,12
1929296,151,12
1929311,8628,62
1929456,81,12
1929549,22,12
1929575,9,12
1929588,312,12
1929657,74,16
1929690,2344,5
1929706,188,8
1929719,229,10
1929777,637,23
1929827,30,45
1929938,18,12
1929952,636,54
1929991,9,12
1930004,9,12
1930017,688,12
1930028,324,12
1930128,1432,8
1930143,1269,30
1930154,5920,19
1930440,132,10
1930555,4185,61
1930562,637,23
1930616,240,10
1930733,1161,12
1930754,8078,29
1930807,5392,32
1931032,283,10
1931239,597,54
1931556,1220,30
1931591,113,10
1931607,885,23
1931797,2252,8
1931830,87,1
1931846,575,24
1931861,7440,7
1932096,525,12
1932143,1993,11
1932181,88,10
1932255,592,54
1932315,293,48
1932437,481,10
1932529,94,1
1932604,89,40
1932792,1564,21
1932845,320,12
1932879,49,16
1932960,759,23
1932976,326,48
1933066,281,54
1933265,1083,30
1933290,106,10
1933427,40,1
1933448,747,12
1933836,68,1
1934025,256,54
1934180,10087,17
1934279,92,20
1934344,8529,12
1934396,186,8
1934495,60,1
1934535,1799,51
1934613,52,16
1934640,1765,20
1934659,301,54
1934726,5956,61
1934820,185,8
1935156,146,8
1935351,5685,23
1935475,148,8
1935630,181,16
1935694,1866,30
1935702,298,63
1935922,22534,26
1936247,186,8
1936352,67,1
1936439,3971,20
1936478,3952,20
1936479,72,1
1936538,1331,51
1936544,871,21
1936627,85,1
1936717,831,54
1937632,509,54
1937689,768,21
1937936,134,16
1938159,460,54
1938318,13450,36
1938494,1949,63
1938832,8156,29
1939062,35,21
1939074,4116,62
1939087,1238,32
1939094,2379,48
1939135,417,54
1939917,629,54
1940618,2816,61
1940991,112,16
1941182,310,54
1941547,351,54
1941635,683,48
1942104,113,93
1942232,4913,5
1942340,186,48
1942422,418,93
1942668,801,48
1942749,12,12
1942765,8,12
1942777,63,12
1942834,3952,93
1942913,8,12
1942926,6,12
1942937,431,12
1942948,88,12
1943050,3948,93
1943239,3276,12
1943372,2457,61
1943544,1736,48
1945416,752,48
1945765,2393,61
1946825,115,15
1946828,12,12
1946843,8,12
1946854,515,12
1946864,164,12
1946991,8356,29
1947301,12,12
1947366,128,12
1948094,2467,61
1950559,2688,61
1950715,3963,23
1951805,9,88
1953181,2489,61
1955255,790,21
1955606,4525,61
1956324,25,21
1956450,8978,32
1956574,39,62
1956678,36,62
1956716,1349,21
1956729,30,62
1956782,518,62
1956856,23549,15
1958131,8076,29
1958224,4098,62
1958658,7505,17
1958696,31,17
1958728,9731,17
1959072,36,21
1960067,5670,61
1961175,7283,42
1965670,2457,61
1966209,16541,29
1968063,2443,61
1970442,2513,61
1972892,2632,61
1975464,2775,61
1977714,14341,22
1978243,2616,61
1980860,3558,61
1986237,37,45
1987974,37,45
1990108,53,15
2000092,3930,33
2001518,11,12
2001583,146,12
2001698,11192,36
2001814,8008,58
2001855,3976,24
2002002,53,12
2002241,39,12
2002693,34,40
2002782,10,12
2002799,68,12
2002884,132,40
2003021,279,30
2003050,189,40
2003236,111,12
2003315,137,30
2003359,99,62
2003405,96,8
2003503,807,30
2003567,16,12
2003675,68,8
2003916,948,21
2004016,4984,12
2004022,166,8
2004369,981,12
2004564,180,8
2004655,4746,7
2004951,40,92
2005384,360,8
2005804,3206,8
2006228,4006,22
2006570,309,10
2006791,88,62
2006978,31,62
2007000,560,8
2007009,1879,62
2007474,1923,10
2008164,97,30
2008221,750,30
2008289,52,45
2008492,531,30
2008883,341,17
2008999,1344,33
2009095,1202,30
2009174,59,8
2009429,739,28
2009450,382,62
2009649,227,8
2009777,289,10
2009793,9746,7
2009804,14,58
2009840,11989,58
2010011,6891,62
2010198,12,9
2010234,340,9
2010265,34,12
2010321,28,74
2010374,16,12
2010409,13,12
2010426,43,12
2010451,15,12
2010487,8,12
2010499,182,12
2010538,129,15
2010564,3297,33
2010679,152,8
2010879,8942,9
2011171,405,12
2011258,14,12
2011310,51,12
2011350,115,8
2011621,23,12
2011650,22,12
2011675,116,12
2011691,65,12
2011747,34,74
2011766,5786,51
2011847,36,8
2011857,18,12
2011894,355,8
2011896,296,12
2011914,319,12
2012075,43,74
2012291,6651,17
2012400,977,8
2012678,6416,24
2012953,20,94
2013083,12,12
2013169,8,12
2013182,88,12
2013281,129,12
2013432,11,12
2013449,103,12
2013458,166,8
2013505,543,40
2013589,9,12
2013603,408,12
2014033,12,12
2014050,154,12
2014221,163,12
2014398,94,12
2014467,194,8
2014554,25,12
2014585,567,12
2014839,11443,26
2014931,93,16
2015132,33,1
2015227,39,12
2015304,28,12
2015337,334,12
2015487,70,66
2015505,4785,33
2015554,5627,69
2015610,7004,19
2015655,23,1
2015702,117,8
2015823,25,12
2015852,678,12
2015856,2319,12
2016083,194,8
2016144,2698,29
2016183,76,1
2016367,72,1
2016457,3020,61
2016508,50,66
2016773,183,8
2016810,13,12
2016986,88,16
2017141,469,30
2017300,828,12
2017383,2640,8
2017743,260,6
2017755,247,6
2017781,174,30
2017858,22220,5
2017893,68,16
2018107,5365,51
2018209,21,12
2018234,1340,12
2018250,30,18
2018317,111,30
2018327,70,18
2018480,96,1
2018489,58,16
2018707,597,18
2018892,66,16
2018922,49,30
2019080,12533,20
2019112,6267,20
2019364,1292,95
2019413,6171,61
2019965,1575,62
2019975,13545,26
2019977,180,1
2020113,79,16
2020466,122,8
2020494,95,16
2020651,65,31
2020714,13566,17
2020834,60,31
2021012,18,8
2021040,114,8
2021150,64,31
2021208,146,69
2021301,28,36
2021398,68,31
2021407,280,69
2021431,888,36
2021440,76,15
2021489,447,8
2021601,91,16
2021757,23,9
2021868,58,66
2022274,2579,24
2022392,34,8
2022497,240,8
2022520,121,16
2022560,54,54
2022803,1163,8
2022826,308,54
2022990,194,16
2023027,26,36
2023070,24,9
2023129,812,36
2023147,144,54
2023333,118,16
2023609,7175,51
2023669,7884,22
2023678,147,54
2023702,35,9
2023726,51,66
2023915,64,36
2024024,827,36
2024087,50,8
2024119,22420,90
2024237,195,8
2024242,215,54
2024444,55,30
2024483,1398,8
2024937,12765,32
2025205,554,62
2025272,24,9
2025388,4651,20
2025519,6999,61
2025768,10,36
2025795,2160,62
2025941,29,8
2026063,36,8
2026334,38,9
2026343,4002,8
2026492,28,8
2026646,119,8
2026852,28,8
2026928,34,9
2027008,3927,93
2027140,77,8
2027162,128,15
2027236,32,9
2027302,143,8
2027411,125,93
2027575,75,8
2027837,673,9
2027846,111,8
2028546,87,8
2028694,4732,9
2028925,507,8
2029674,12,8
2029695,80,8
2029971,86,8
2030047,5771,20
2030788,74,89
2030964,213,8
2031493,4428,22
2031625,178,89
2031661,9,8
2031827,221,8
2031904,1788,89
2031931,1198,89
2032487,4732,61
2032520,7927,20
2033707,211,8
2034271,206,8
2034634,229,8
2035348,200,8
2035529,2942,62
2035750,248,8
2036446,274,8
2036714,6838,20
2037154,4575,61
2038258,94,89
2038265,210,8
2038568,815,89
2038623,1382,89
2038756,1686,62
2039730,3786,22
2040476,143,62
2040734,101,89
2040783,201,62
2040790,300,8
2041537,103,8
2041628,8695,62
2041636,7989,20
2041656,218,8
2041665,4553,61
2042333,31,2
2043650,28,2
2043790,492,2
2044075,10232,20
2044294,10212,2
2046156,4466,61
2047989,33,96
2048284,28,96
2048547,34,96
2048758,32,96
2049089,33,96
2049273,12,96
2049493,10,96
2049631,7846,20
2050558,4398,61
2054315,4680,20
2054892,4430,61
2057484,7887,20
2059001,4644,20
2059257,4480,61
2063658,1944,20
2063674,4309,61
2065379,7854,20
2067919,4354,61
2069106,11424,36
2071797,30,84
2071951,805,89
2072210,4596,61
2072364,480,84
2072378,987,89
2073244,2251,20
2073338,6360,17
2073572,29,7
2073620,9041,7
2075836,1351,20
2076195,995,20
2076278,29,84
2076495,552,3
2076741,2447,61
2077474,7,20
2077670,11121,5
2077779,240,30
2077937,2994,22
2078159,91,30
2078768,5819,20
2078920,14199,22
2078996,35,22
2079126,2978,61
2079296,3364,22
2080110,27,30
2080628,89,10
2080921,26,10
2080962,222,10
2081594,567,10
2081739,722,36
2081747,102,30
2081897,314,30
2082087,3509,61
2082222,104,84
2082323,15,12
2082332,401,30
2082372,16512,22
2082427,267,97
2082488,608,12
2082676,17503,7
2082757,82,84
2082822,271,12
2082860,156,30
2082968,15606,17
2083115,182,12
2083237,7927,20
2083361,1765,12
2083420,120,30
2083597,40196,36
2084356,202,8
2084419,106,12
2084427,449,89
2084586,314,30
2084873,236,12
2084914,160,8
2085000,134,54
2085022,621,51
2085045,525,89
2085214,42,66
2085245,14,98
2085254,67,30
2085337,9,98
2085387,269,98
2085491,5195,20
2085569,155,6
2085582,59,30
2085587,4842,61
2085650,74,6
2085724,680,89
2085729,80,54
2086076,57,30
2086114,1746,28
2086181,93,8
2086333,55,98
2086506,270,8
2086570,174,30
2086765,3157,6
2087029,142,30
2087191,6887,58
2087219,27,74
2087427,135,8
2087502,7673,2
2087536,148,30
2087600,138,54
2087678,18,74
2087723,58,15
2087835,89,30
2088099,51,92
2088163,7010,28
2088304,80,54
2088501,78,78
2088513,202,30
2088609,1651,51
2088662,812,69
2088905,4585,62
2089096,11193,26
2089180,25,36
2089316,363,30
2089411,4913,8
2089694,263,30
2090374,454,51
2090396,6565,61
2090621,345,30
2090683,23555,5
2090772,2202,28
2090861,48,51
2090884,959,78
2090953,15,78
2091051,254,30
2091059,653,78
2091125,63,15
2091189,11218,20
2091211,3921,8
2091222,336,8
2092059,698,78
2093054,1852,28
2093149,207,8
2093724,285,8
2094361,283,89
2094428,3395,62
2094922,2265,28
2095217,2805,20
2095319,87,8
2095341,97,30
2095622,96,8
2096001,222,30
2096312,916,8
2096394,90,30
2096487,546,93
2096880,2908,2
2096887,326,30
2097177,2267,28
2097411,614,30
2097447,285,8
2097482,264,28
2097615,70,20
2097724,7875,61
2097808,22,20
2097813,694,8
2097819,29,20
2097830,78,20
2097848,60,20
2097908,57,20
2098194,103,30
2098359,5354,20
2098520,187,8
2098561,101,30
2098851,3926,93
2098944,78,30
2098980,72,54
2099027,315,29
2099264,90,8
2099535,33,54
2099621,58,8
2099677,9109,58
2099689,751,8
2099801,30,23
2099807,157,67
2099939,2147,28
2099948,452,2
2099989,10722,23
2100146,140,10
2100175,32,54
2100334,242,51
2100527,266,67
2100561,3954,8
2100570,119,8
2100635,423,10
2100808,751,8
2100894,1060,33
2101275,456,10
2101443,16365,29
2101567,103,8
2101775,101,8
2101932,2146,19
2101998,88,51
2102128,1106,28
2102186,912,67
2102255,136,8
2102387,276,51
2102482,178,8
2102784,199,8
2102990,19122,41
2103083,20911,20
2103138,1873,30
2103148,128,8
2103184,20,26
2103188,11274,79
2103234,4827,28
2103412,188,8
2103434,6058,24
2103495,20,36
2103707,189,8
2103848,7415,62
2104090,106,8
2104204,19941,67
2104455,19540,17
2104493,146,8
2104780,218,8
2105182,3940,7
2105463,14,99
2105557,124,8
2105592,18401,61
2105736,265,54
2105745,116,99
2105779,125,8
2105990,1579,51
2106025,2220,20
2106153,213,8
2106500,234,8
2106609,17533,2
2106851,828,31
2106901,90,8
2107154,168,8
2107699,77,31
2107759,28,8
2107824,369,31
2108103,2241,10
2108225,48,31
2108321,692,31
2108461,15533,28
2108525,95,66
2108634,1710,22
2108955,14934,58
2109692,5663,10
2112464,4004,58
2122144,227,64
2122655,144,64
2127027,68,20
2127870,20,26
2128910,198,36
2129163,3728,2
2129217,976,36
2129774,2625,61
2130024,221,36
2130043,3678,64
2132335,2453,61
2132560,23256,64
2134570,11882,64
2134725,2383,61
2137041,2373,61
2138447,14238,22
2139350,2415,61
2140626,9446,29
2141701,2457,61
2144095,2371,61
2146453,2884,61
2148830,3914,62
2149277,2329,61
2150079,4692,29
2151544,2326,61
2153805,2312,61
2156055,2621,61
2157406,510,64
2157410,1284,17
2157441,393,36
2158392,23,36
2158613,2335,61
2160884,2725,61
2163546,2328,61
2163947,3917,7
2165807,2316,61
2167882,7995,20
2168065,2591,61
2169423,2701,64
2169714,125,15
2169876,23600,15
2170479,11739,15
2170629,9789,61
2170734,9685,17
2174003,1056,64
2174502,12,85
2174686,37,20
2174768,5801,5
2174910,11964,64
2176106,156,54
2177629,3904,58
2181485,13492,36
2184290,4029,62
2185797,9446,15
2185812,11713,64
2186104,34,22
2186158,9222,22
2186329,21,70
2186713,11282,5
2186978,18901,70
2187863,351,17
2187888,1742,63
2187925,5403,17
2188707,931,23
2189621,230,54
2189654,7940,23
2189763,8219,58
2190048,930,63
2190498,416,54
2191340,451,63
2192226,60,100
2192490,334,54
2193542,281,54
2194323,4527,17
2194783,639,63
2195165,3073,61
2196109,880,63
2196228,22,100
2197998,5114,58
2198172,2664,61
2199250,8857,5
2200416,599,23
2200668,5891,23
2200772,2267,61
2202069,319,54
2202605,333,54
2203033,2669,61
2204051,406,54
2204852,396,54
2205353,3702,67
2205639,2582,61
2208158,2940,61
2208751,404,54
2209271,404,54
2210832,32,54
2210845,38,54
2210899,405,54
2211034,2708,61
2213257,12065,64
2213679,2526,61
2216141,2323,61
2217482,4002,23
2218402,2342,61
2218726,3160,62
2220507,15512,15
2220682,2539,61
2223157,2354,61
2225446,2345,61
2226410,5958,61
2232304,2376,61
2234619,2593,61
2237146,2357,61
2239440,2370,61
2239864,14466,22
2241749,2357,61
2244044,2314,61
2246342,2356,61
2248641,2372,61
2250018,13567,36
2250971,2318,61
2253264,2399,61
2254295,20457,64
2255655,2687,61
2258353,861,21
2258713,2607,61
2259264,4069,23
2259574,27,21
2260216,573,100
2261257,2337,61
2262745,6778,58
2263461,507,100
2263533,2435,61
2264237,1116,100
2264268,23512,15
2264368,7525,23
2264436,8683,15
2264516,143,8
2265067,133,8
2265732,114,8
2265903,2327,61
2266148,744,100
2266839,116,8
2267403,102,8
2268207,4002,61
2268389,8825,17
2268504,120,8
2268930,118,8
2269540,5977,58
2272144,2365,61
2272212,60,61
2272492,364,100
2273397,8922,23
2273500,1325,100
2274450,3389,61
2275002,11619,64
2275008,1328,100
2275537,6482,58
2277285,11411,17
2277478,7689,42
2277778,4647,61
2278129,840,100
2279299,5734,13
2280346,718,100
2281345,11108,79
2281465,550,79
2282360,4219,61
2283241,1162,63
2283664,6341,58
2283718,8121,22
2285181,10354,42
2286506,10855,70
2286517,3933,61
2287786,7441,23
2288821,7426,17
2290384,3408,61
2291594,603,54
2292587,43,90
2293729,2455,61
2294059,7951,22
2295166,22465,90
2295784,11797,41
2296121,2518,61
2297265,1085,89
2297363,7587,70
2298574,2595,61
2299783,3982,23
2301105,2348,61
2303387,2811,61
2304761,13046,26
2304953,7710,70
2305660,3691,2
2306136,3721,61
2306524,1990,64
2306538,7923,17
2306554,461,42
2306726,9205,42
2309793,4086,61
2309944,2850,22
2312664,7675,70
2313815,3434,61
2317186,2387,61
2319502,1774,61
2320340,8566,70
2321136,12193,64
2328879,2376,61
2331193,1771,61
2333875,12216,64
2336634,786,64
2340735,1097,5
2340864,8256,20
2340893,5374,23
2340945,4225,20
2341260,104,89
2342107,4910,61
2342402,7922,36
2342472,683,30
2342877,1310,5
2343339,8394,7
2343385,328,30
2343519,10010,22
2343792,73,66
2343834,278,30
2344602,10765,5
2345700,469,66
2346056,2240,31
2346175,8816,64
2346345,1956,51
2346410,3504,6
2346588,13340,17
2346996,6110,61
2347131,10884,58
2347234,8613,23
2347371,4326,24
2347522,69,13
2348116,892,26
2348292,5233,93
2348306,650,95
2348328,3433,51
2348677,1679,20
2348784,955,22
2349239,46,55
2349260,4267,93
2349708,3232,13
2349751,3776,13
2349977,38,92
2350430,707,64
2350817,429,54
2350892,170,95
2350942,2747,78
2350963,7536,20
2351166,245,64
2351740,91,8
2351783,3294,51
2351847,134,29
2351906,201,8
2352384,108,8
2353089,9250,61
2353109,1543,66
2353176,103,8
2353295,326,8
2353733,8862,70
2353753,6254,8
2353823,291,8
2353836,404,93
2354059,13673,55
2354216,116,8
2354818,783,43
2354865,589,66
2355003,4143,62
2355093,124,63
2355260,15506,7
2355417,156,8
2355504,7021,63
2356578,10960,79
2356609,1580,29
2356814,67,2
2356825,8079,6
2356869,246,8
2357495,1338,26
2357598,212,51
2357737,73,28
2357897,3883,28
2358215,256,100
2358251,11016,22
2358261,204,8
2358318,2106,51
2358366,3924,58
2358422,24,36
2358604,2310,24
2358624,1879,11
2358680,148,54
2358701,101,100
2358740,3026,5
2358800,12976,20
2358884,184,8
2359165,5862,62
2359256,7542,36
2359682,244,8
2359699,340,54
2359831,1703,100
2359950,671,100
2360116,59,1
2360141,409,8
2360229,33,8
2360323,62,1
2360425,6888,17
2360439,1259,93
2360481,70,30
2360589,52,51
2360598,52,45
2360644,145,100
2360657,966,30
2360665,85,51
2360779,183,51
2360833,32,8
2360875,216,8
2360885,300,1
2360995,124,51
2361100,344,54
2361136,91,51
2361236,76,41
2361268,175,51
2361476,367,51
2361659,304,1
2361881,141,51
2362056,3768,5
2362066,862,30
2362076,201,8
2362104,172,1
2362227,187,1
2362261,732,93
2362391,1387,10
2362480,2527,28
2362493,146,8
2362522,560,1
2362720,108,31
2362726,141,8
2362852,74,66
2362930,811,31
2363014,214,30
2363039,236,8
2363310,6462,58
2363380,357,95
2363394,189,8
2363426,268,30
2363928,125,8
2363943,180,10
2364010,73,95
2364164,1234,10
2364277,347,95
2364368,23,28
2364391,6610,31
2364529,3916,28
2364612,247,8
2364690,296,39
2365007,1789,6
2365060,19,39
2365094,1944,28
2365105,718,93
2365118,479,39
2365133,321,8
2365180,8463,70
2365764,102,8
2365951,102,8
2366112,1169,24
2366164,184,54
2366191,110,8
2366339,235,64
2366367,414,39
2366425,133,45
2366547,128,8
2366707,670,82
2366817,156,8
2366926,868,78
2367072,155,8
2367339,9449,17
2367433,108,8
2367521,827,82
2367652,984,24
2367693,9882,63
2367723,280,11
2367745,197,8
2367924,7491,61
2368151,230,55
2368194,9194,1
2368401,1245,78
2368451,15,45
2368457,60,66
2368482,262,8
2368727,405,39
2368882,927,82
2368998,121,100
2369342,506,39
2369368,579,5
2369679,9757,62
2369815,11840,58
2369921,1325,51
2369967,208,51
2370202,96,51
2370247,582,78
2370316,247,51
2370585,261,51
2370779,350,7
2370850,611,24
2370874,208,51
2370983,174,95
2371001,4900,31
2371135,204,51
2371289,186,66
2371317,504,78
2371508,25,51
2371596,75,51
2371600,163,95
2371671,1129,5
2371718,11790,2
2371792,12300,20
2371886,18641,13
2372116,7969,28
2372169,11283,28
2372288,472,78
2372586,3916,63
2373078,50,51
2373111,13039,22
2373401,477,51
2373412,1119,5
2373910,8484,51
2374953,16903,70
2375331,6489,61
2375901,3744,31
2376481,9398,20
2377128,46,54
2377227,73,74
2377389,56,74
2377484,894,54
2377849,328,48
2378402,256,54
2378874,41,74
2379149,58,54
2379393,2394,1
2381025,266,48
2381784,4394,61
2381790,252,48
2382006,37,74
2382565,40,74
2382965,11864,64
2383034,39,74
2383330,14481,22
2383395,3212,22
2384064,11367,36
2384167,123,20
2384212,25,74
2384808,37,74
2384949,16348,20
2385174,5060,10
2385317,830,1
2385874,639,1
2385889,7151,20
2386008,31,74
2386142,9716,61
2386332,5515,1
2386408,43,74
2386559,327,17
2386640,5235,1
2386942,46,74
2387259,9181,62
2387495,31,74
2387876,2685,17
2391851,15661,70
2391910,3938,23
2392041,671,1
2392418,8819,2
2392547,18258,1
2393049,8567,20
2393728,1654,64
2395794,8733,61
2396836,1265,62
2398096,5634,62
2398814,18,12
2401306,12110,20
2401625,3966,20
2401849,11916,64
2404462,6928,61
2411308,4235,61
2413427,7987,20
2413981,12525,64
2415485,4596,61
2420015,4908,61
2421271,61,45
2421732,6583,20
2422820,5943,7
2423288,73,1
2423744,3412,1
2424131,139,45
2424896,2950,61
2425612,2042,63
2425944,3528,22
2426271,151,45
2426450,256,5
2426658,913,1
2427734,5609,63
2427895,41,66
2428497,39,1
2428594,45,66
2428624,35,36
2428836,729,95
2428863,20,36
2428947,7105,20
2428980,159,1
2429205,94,66
2429267,3981,55
2429429,5024,22
2429474,55,66
2429489,891,36
2429583,73,66
2429691,2353,1
2429975,2070,95
2430079,15,78
2430203,44,78
2430273,249,54
2430473,513,5
2430698,245,5
2430736,3693,23
2430979,3502,5
2431182,105,8
2431632,156,56
2432212,3355,17
2432492,80,8
2432798,81,8
2432840,13257,58
2433036,79,8
2433100,46,56
2433204,81,8
2433216,37,56
2433272,1212,1
2433283,4790,55
2433333,418,21
2433416,5378,63
2433440,417,51
2433477,143,8
2433724,30,31
2433838,56,3
2433890,100,8
2433917,46,21
2434131,1956,94
2434184,753,1
2434216,3673,51
2434329,60,56
2434339,114,21
2434439,9753,22
2434632,1638,15
2434639,1357,1
2434656,226,95
2434705,88,8
2434716,76,56
2434813,82,8
2434859,1005,100
2434899,60,56
2434965,215,8
2435040,3165,95
2435103,16357,13
2435169,99,56
2435245,585,21
2435330,210,8
2435606,4103,61
2435621,583,5
2435639,117,8
2435817,12872,23
2435832,81,56
2435986,2180,8
2436123,40,21
2436476,21,8
2436731,163,56
2437095,1240,21
2437249,346,39
2437949,11925,64
2438375,120,8
2438445,19,56
2438530,3318,22
2438624,25,21
2438827,125,56
2439025,99,8
2439119,34,56
2439287,70,56
2439381,97,8
2439393,3636,21
2439507,53,66
2439521,275,30
2439593,80,8
2439702,6729,61
2439711,24,66
2439741,10047,51
2440181,83,8
2440243,39,1
2440441,81,8
2440637,6332,62
2440706,78,8
2440990,78,8
2441011,4652,95
2441291,76,8
2441488,85,8
2441510,35,1
2441742,79,8
2441911,76,8
2442092,3943,26
2442159,97,8
2442215,678,15
2442342,479,64
2442492,864,36
2442642,2418,100
2443052,851,63
2443265,21,21
2443620,452,21
2443828,1273,89
2444278,22,21
2444356,7986,22
2444597,646,30
2444703,152,8
2444740,926,21
2444829,2362,63
2445087,6650,7
2445164,13701,55
2445193,5583,2
2445281,147,8
2445298,355,30
2445732,153,8
2445782,1873,46
2446166,1352,30
2446227,1376,100
2446278,53,21
2446287,233,8
2446357,233,54
2446382,4905,61
2446786,1087,21
2446936,116,8
2447082,229,54
2447242,6602,62
2447561,151,8
2447581,270,44
2447926,19,21
2447977,311,78
2448013,175,8
2448031,167,54
2448037,479,6
2448359,118,8
2448399,333,101
2448425,1927,21
2448639,208,66
2448716,1032,6
2448735,1050,100
2448774,66,54
2448900,4003,17
2449017,187,8
2449193,1580,78
2449240,69,66
2449331,72,54
2449489,199,8
2449519,30,84
2449633,75,66
2449937,1304,20
2449966,51,54
2450075,269,8
2450551,1780,6
2450596,29,21
2450864,85,8
2450999,76,2
2451063,102,8
2451143,800,100
2451175,402,78
2451318,1272,21
2451330,199,8
2451342,869,62
2451684,300,20
2451799,285,8
2452017,2437,20
2452362,103,8
2452401,444,78
2452613,3941,44
2452632,174,44
2452642,12647,64
2452657,24,21
2452748,132,8
2452811,922,102
2452868,39,54
2453060,132,21
2453104,93,8
2453248,571,15
2453315,333,78
2453511,89,8
2453573,29,21
2453595,21,21
2453644,142,88
2453771,679,33
2453807,2573,51
2453822,506,15
2453851,59,15
2453917,80,8
2453978,7633,62
2454112,103,8
2454175,10056,22
2454330,497,15
2454480,2860,78
2454591,1636,20
2454595,3290,26
2454788,80,8
2454828,556,15
2454907,65,88
2455093,201,39
2455112,6836,13
2455136,95,66
2455163,31,54
2455196,97,8
2455442,3819,5
2455743,38,8
2455884,35,54
2455895,74,8
2455942,5381,26
2456005,54,30
2456062,19800,23
2456103,191,88
2456197,5599,61
2456233,84,66
2456268,140,8
2456277,51,2
2456449,103,30
2456507,7137,20
2456508,42,15
2456637,73,8
2456803,120,21
2456812,89,16
2456848,224,30
2456954,14,8
2457006,538,15
2457059,72,8
2457108,3565,21
2457449,75,8
2457571,361,36
2457595,46,54
2457676,30,8
2457752,130,30
2457797,1034,63
2457821,11331,26
2457955,12,8
2457968,75,1
2457978,142,8
2458070,1192,1
2458135,3731,2
2458179,3072,7
2458240,223,30
2458337,499,39
2458396,161,8
2458574,190,46
2458612,154,8
2458737,1476,63
2458833,1921,46
2458856,182,8
2459036,4882,1
2459134,159,8
2459414,128,8
2459656,387,93
2459677,169,8
2459986,132,8
2460041,909,93
2460276,150,8
2460579,369,54
2460759,22,21
2461265,14039,7
2461282,342,54
2461537,941,93
2461609,11400,62
2461726,3984,61
2462025,3747,63
2462826,18,74
2462949,525,15
2463474,541,15
2463725,17,74
2463741,13,22
2464015,552,15
2464224,12961,22
2464290,43,1
2464793,13206,1
2464830,240,2
2464947,12371,64
2465120,522,15
2465651,566,15
2465695,2388,61
2466178,25,74
2466209,2175,19
2466216,545,15
2466521,374,36
2466766,523,15
2467291,548,15
2467345,25,74
2467841,532,15
2468040,2397,61
2468302,20,74
2468375,524,15
2468899,528,15
2469366,16875,20
2469431,543,15
2469448,911,93
2469706,23,20
2469976,548,15
2470293,142,56
2470392,3162,61
2470525,519,15
2470531,805,93
2470544,24,15
2470567,274,56
2470591,121,74
2470597,339,56
2471046,536,15
2471079,142,56
2471080,62,15
2471361,771,56
2471450,1077,56
2471583,527,15
2472050,58,74
2472111,542,15
2472655,543,15
2473199,560,15
2473489,2408,61
2473758,527,15
2474288,535,15
2474651,11387,26
2474767,20,2
2474824,525,15
2475351,547,15
2475420,7976,63
2475659,9073,63
2475821,960,2
2475883,2592,61
2475898,527,15
2475929,61,15
2476370,1888,39
2476427,549,15
2476975,568,15
2477533,5382,22
2478185,534,15
2478412,4294,61
2478482,4223,62
2478721,540,15
2478821,2574,2
2479263,528,15
2479792,541,15
2480334,559,15
2480893,543,15
2481437,518,15
2481960,540,15
2482503,536,15
2482661,2500,61
2483038,537,15
2483132,836,2
2483578,531,15
2484032,3951,2
2484110,551,15
2484659,538,15
2485094,2378,61
2485201,536,15
2485739,530,15
2486270,540,15
2486811,537,15
2487348,574,15
2487411,2379,61
2487924,539,15
2488463,545,15
2489010,521,15
2489533,538,15
2489728,2354,61
2490073,519,15
2490594,537,15
2491131,546,15
2491679,540,15
2492018,2351,61
2492220,507,15
2492729,503,15
2493226,507,15
2493741,539,15
2494281,498,15
2494306,2500,61
2494780,539,15
2495321,514,15
2495836,505,15
2496341,512,15
2496742,2370,61
2496856,513,15
2497370,509,15
2497881,498,15
2498380,538,15
2498919,516,15
2499049,2350,61
2499437,499,15
2499937,501,15
2500439,536,15
2500977,513,15
2501336,2502,61
2501490,508,15
2502002,563,15
2502567,512,15
2503081,539,15
2503621,532,15
2503774,2351,61
2504155,532,15
2504690,519,15
2505210,510,15
2505722,584,15
2506062,2305,61
2506307,552,15
2506860,507,15
2507369,506,15
2507878,538,15
2508362,2458,61
2508418,505,15
2508924,501,15
2509425,566,15
2509434,3295,1
2509446,78,15
2509994,501,15
2510284,596,6
2510403,475,6
2510497,508,15
2510757,3056,61
2510963,3651,15
2511006,329,15
2511062,651,6
2511216,190,43
2512123,5691,63
2512730,913,30
2512809,21323,41
2512851,380,36
2512872,381,1
2513470,6569,2
2513537,737,5
2513742,191,3
2513807,3282,61
2514265,20,3
2514304,331,44
2514589,27,23
2514597,4102,22
2514635,353,23
2514717,365,44
2514895,46,9
2515877,1681,5
2515899,173,10
2516188,638,9
2516201,22,9
2516209,130,10
2516589,3921,13
2516617,5583,13
2516623,3106,20
2516744,3845,61
2516997,83,10
2517247,900,9
2517473,96,10
2517548,1512,78
2517675,207,1
2517922,1376,64
2518548,164,9
2518629,155,8
2518636,9086,22
2518909,156,8
2518925,10200,9
2519210,8705,33
2519286,154,8
2519354,560,17
2519372,587,30
2519384,192,51
2519572,153,8
2519712,62,66
2519830,157,8
2519847,1381,5
2520074,13512,64
2520105,98,8
2520312,83,8
2520352,4118,17
2520376,40,51
2520509,394,51
2520519,75,8
2520566,3921,61
2520679,71,8
2520837,75,8
2520909,9849,51
2520958,5098,95
2521050,51,66
2521140,79,8
2521352,77,8
2521589,82,8
2521782,944,15
2521892,642,78
2521950,223,1
2522093,14030,58
2522168,150,8
2522577,210,1
2522615,89,8
2522830,245,10
2522857,155,8
2523106,13,8
2523128,86,8
2523154,47,66
2523230,233,10
2523246,208,54
2523334,1895,51
2523632,78,8
2523652,51,66
2524311,7051,8
2524322,143,8
2524359,54,66
2524469,3535,61
2524706,80,8
2524752,74,74
2525098,81,8
2525351,20,8
2525381,39,8
2525425,1772,63
2525528,215,8
2525864,72,16
2526220,28,51
2526275,5318,51
2526296,89,74
2526398,50,8
2526535,533,8
2526836,361,30
2527077,140,8
2527112,1303,63
2527136,86,54
2527507,77,54
2527694,10284,22
2527736,649,17
2528000,2716,61
2528501,3056,63
2528726,19,22
2528766,76,8
2528864,3461,22
2528893,700,8
2528934,77,54
2529452,207,54
2529553,369,10
2529602,8320,62
2529677,123,8
2529777,459,36
2529834,849,8
2529864,1472,5
2529983,220,10
2530045,160,54
2530409,24,74
2530695,861,10
2530711,2411,61
2530763,978,1
2530847,1084,2
2530903,217,8
2531151,437,8
2531171,74,100
2531381,470,30
2531684,167,8
2531772,3243,33
2531957,49,74
2532056,665,15
2532135,91,8
2532193,3405,63
2532477,98,23
2532718,634,23
2532731,149,8
2533070,126,10
2533093,4055,61
2533127,675,15
2533170,37,15
2533298,134,8
2533480,484,10
2533600,179,10
2533795,717,15
2533828,1092,2
2533839,435,17
2533842,33,2
2533918,201,54
2533973,155,8
2534006,5575,95
2534119,2085,26
2534211,4300,19
2534247,24,74
2534276,7026,23
2534294,660,23
2534505,707,15
2534569,230,54
2534631,141,8
2534674,2278,20
2534704,283,6
2535011,421,54
2535050,456,17
2535223,648,15
2535239,120,8
2535254,77,15
2535315,440,36
2535514,8,1
2535523,2195,51
2535603,768,54
2535694,5391,7
2535882,613,15
2535908,3,17
2536037,343,30
2536050,48,8
2536361,3803,63
2536466,93,8
2536496,475,15
2536507,35,74
2536684,456,30
2536765,126,54
2536959,44,8
2537028,11861,64
2537120,4907,61
2537325,1345,2
2537347,20,8
2537405,253,30
2537429,3722,8
2537532,46,8
2537716,817,15
2537758,74,51
2537879,49,8
2538024,217,51
2538083,3,22
2538104,3,17
2538192,12,17
2538218,59,66
2538229,12,31
2538266,4,14
2538303,22,14
2538512,42,8
2538589,3,22
2538605,23,30
2538624,1144,51
2538652,383,36
2538660,20,14
2538804,243,30
2538820,859,1
2538858,25,39
2538881,8831,22
2538916,40,8
2538995,4945,22
2539017,756,39
2539173,13509,58
2539198,45,8
2539521,43,8
2539668,104,11
2539773,726,5
2539806,361,11
2539812,28,8
2540104,48,8
2540259,1065,26
2540264,1221,63
2540327,563,8
2540354,23,8
2540477,9298,51
2540502,6497,95
2540818,410,28
2540847,6962,28
2540904,28,8
2541000,129,8
2541051,1320,5
2541213,3956,11
2541334,60,8
2541518,55,8
2541634,103,8
2541720,788,5
2541774,68,8
2541959,54,8
2541980,6986,61
2542108,60,8
2542184,3421,63
2542263,235,30
2542336,118,8
2542589,5225,62
2542623,1691,2
2543021,100,8
2543209,66,8
2543357,101,8
2543409,290,30
2543478,311,8
2543527,21,20
2543618,44195,79
2543793,87,93
2543927,196,8
2543999,349,30
2544010,10840,22
2544040,1963,5
2544131,13,8
2544193,34,103
2544207,52,103
2544248,101,8
2544331,31,74
2544467,446,39
2544535,58,103
2544621,17857,26
2544798,310,30
2544919,15,8
2544929,263,39
2545154,101,8
2545285,262,39
2545349,95,8
2545590,13698,5
2545666,3737,63
2545695,81,8
2545805,101,8
2545819,13962,20
2546121,88,8
2546209,10,104
2546231,1397,2
2546407,95,104
2546691,3612,104
2546785,1494,23
2549629,2375,63
2552266,1448,104
2553768,72,16
2553950,418,36
2554393,30,16
2554609,8,1
2554744,13,104
2554894,43,104
2554906,89,16
2555037,84,104
2555202,22,16
2555410,22,16
2555622,24,16
2556096,4515,62
2556277,712,39
2557687,1091,39
2558992,56,22
2559767,107,22
2560111,12238,64
2560264,2512,64
2560556,23888,22
2560609,3612,62
2560616,6933,22
2564065,11836,64
2564218,358,62
2564446,143,15
2564663,857,15
2565012,3584,62
2565234,1036,100
2565471,4000,62
2567511,72750,22
2568678,254,2
2569466,3564,62
2570838,1526,2
2573029,3583,62
2576610,3848,62
2577326,12115,64
2580453,3588,62
2584039,3576,62
2587622,7074,62
2589708,3854,61
2591568,38579,64
2594358,1633,15
2599213,21230,41
2600733,3959,33
2602193,3952,58
2603570,38,20
2603995,164,80
2604469,1201,30
2608722,3309,22
2613923,169,5
2614429,15,8
2614744,686,11
2614789,25190,7
2614837,46,8
2615102,3973,2
2615428,82,8
2615679,82,8
2615817,1193,50
2615845,4213,55
2615999,800,23
2616067,3200,100
2616209,283,8
2616300,421,11
2616325,11447,64
2616358,3057,17
2616809,5889,23
2616823,99,8
2616835,54,16
2617050,940,50
2617424,7451,15
2617756,99,8
2617771,49,16
2617989,43,16
2618025,299,50
2618092,1172,30
2618172,148,8
2618222,40,16
2618310,47,16
2618362,146,50
2618411,606,15
2618504,55,16
2618537,3032,61
2618601,55,16
2618805,504,8
2619073,28,50
2619200,345,50
2619271,63326,20
2619316,69,16
2619401,4401,20
2619448,72,16
2619496,123,8
2619589,55,50
2619717,192,50
2619737,73,16
2619950,204,50
2619992,75,16
2620107,54,46
2620120,47,8
2620232,2156,46
2620336,899,82
2620483,750,30
2620603,84,16
2620605,27,20
2620687,1331,50
2620776,663,16
2621037,8204,55
2621056,38,5
2621220,34,8
2621524,33,8
2621562,2915,61
2621579,9176,22
2621700,34,8
2621713,80,22
2621754,5624,62
2621852,5833,2
2621858,52,8
2622065,860,50
2622088,97,22
2622136,55,8
2622475,1781,22
2622582,3187,106
2622968,1127,39
2623036,1248,50
2623279,77,8
2623296,6718,23
2623364,13583,58
2623398,1371,100
2623477,94,30
2623669,102,8
2623754,3646,105
2623782,122,30
2623795,34,43
2623903,50,105
2624011,88,8
2624061,763,82
2624085,156,36
2624206,11,1
2624344,1786,50
2624464,3069,61
2624512,109,54
2624578,121,105
2624605,5730,33
2624670,302,30
2624725,9,1
2624822,1114,22
2625032,93,66
2625069,1305,100
2625213,1333,82
2625678,387,1
2626024,2740,55
2626089,1064,106
2626096,8520,100
2626122,46,8
2626141,464,5
2626200,12038,22
2626209,729,8
2626240,3429,50
2626583,56,66
2626628,4056,5
2626706,166,54
2627249,3931,8
2627258,45,107
2627267,76,8
2627328,58,105
2627379,4705,62
2627498,347,8
2627503,4487,61
2627555,18,107
2627799,200,54
2627911,37,105
2628237,5345,106
2628245,1163,82
2628329,44,105
2628426,316,30
2628514,70,8
2628838,50,105
2628867,198,54
2628935,50,105
2629255,7686,64
2629348,52,105
2629388,119,8
2629615,390,30
2630070,52,105
2630086,72,8
2630196,857,2
2630202,7662,20
2630301,75719,20
2630346,73,8
2630380,7586,23
2630498,40,105
2630595,18,8
2630889,50,36
2630908,18,66
2630918,81,8
2630960,43,66
2631079,57,8
2631142,188,105
2631195,429,50
2631380,68,8
2631781,3609,15
2631925,2740,61
2632042,48,36
2632080,3637,62
2632439,44,66
2632558,40,66
2633309,115,30
2633733,2229,11
2634656,3609,61
2638963,11496,26
2638975,15,36
2643456,124,22
2643719,7869,23
2644338,77209,64
2650979,456,15
2652045,113,2
2682965,11963,64
2684710,3648,107
2686266,97,20
2686766,3922,33
2687057,639,30
2687483,3497,23
2689571,4459,33
2691003,3459,7
2691145,92,20
2691208,48,8
2691247,92,20
2691271,1380,54
2691341,70,50
2691388,61,50
2691392,32,8
2691779,18722,22
2691956,2527,90
2692206,381,16
2692238,50,8
2692250,97,20
2692356,110,20
2692668,9963,20
2692718,11283,22
2692834,767,20
2692887,33,36
2693215,79,8
2693250,359,39
2693315,38,105
2693333,479,9
2693447,352,39
2693452,2338,64
2693481,14892,20
2693503,242,2
2693529,3926,26
2693545,572,30
2693554,37,8
2693754,33,105
2693803,451,20
2693897,72,8
2694110,429,8
2694120,31,105
2694156,12810,51
2694264,895,39
2694299,1603,20
2694302,26,39
2694408,460,23
2694479,319,7
2694500,63,100
2694649,3295,9
2694661,14068,58
2694713,2044,23
2694820,17,90
2694849,355,8
2694973,14009,90
2694980,15,8
2695113,88,8
2695136,242,105
2695331,114,8
2695339,702,100
2695417,160,105
2695610,228,8
2695745,465,2
2695860,612,8
2695891,29,8
2696110,163,105
2696715,217,13
2696973,803,8
2697243,11554,7
2697387,13116,32
2697571,105,54
2697863,59,105
2697986,77,8
2698123,110,54
2698169,48,8
2698242,47,105
2698312,54,8
2698496,70,8
2698612,93,54
2698620,12107,64
2698673,67,8
2698801,9931,106
2698834,122,8
2698922,50,1
2699087,58,1
2699273,1908,2
2699353,17,36
2699363,95,8
2699464,12,36
2699613,40,8
2699638,13,36
2699721,91,8
2699852,2377,8
2699985,15,36
2699997,38,16
2700115,12,36
2700127,37,36
2700258,9,36
2700474,19,36
2701099,76,66
2701291,41,66
2701789,19,36
2702374,303,8
2702608,25,36
2702780,55,8
2702901,337,8
2703037,85,8
2703141,13240,23
2703338,23,8
2703402,91,8
2703532,7107,20
2703563,89,105
2703790,1111,39
2703825,442,105
2703875,154,8
2704110,141,8
2704345,119,8
2704608,5894,8
2704791,23,36
2705487,1108,2
2705506,445,8
2706574,1856,54
2706880,47,36
2707279,618,2
2707310,62,20
2707377,1124,105
2707750,3527,100
2707833,15980,51
2707938,6442,33
2707965,76,66
2708238,57,66
2708320,93,30
2708352,686,2
2708542,41,105
2708641,401,30
2708661,163,54
2708794,49,36
2709070,108,66
2709169,2038,54
2709197,117,8
2709202,80774,20
2709337,363,30
2709483,36,36
2709703,119,8
2709708,43,105
2709812,34,105
2709971,116,8
2709978,49,105
2709980,303,30
2709997,61,105
2710030,12208,58
2710094,69,50
2710224,11330,9
2710266,134,105
2710308,87,8
2710559,32,36
2710610,11455,64
2710623,143,105
2710656,5970,20
2710833,18820,7
2710905,520,8
2711162,33,105
2711178,244,30
2711237,3998,105
2711301,46,105
2711425,36,20
2711497,47,8
2711567,2470,61
2711595,58,30
2711803,33,36
2711839,27,20
2711875,70,30
2711997,50,8
2712071,613,30
2712279,59,8
2712354,76,8
2712599,79,8
2712670,22,20
2712690,1066,26
2713108,46,8
2713487,13490,26
2713493,1751,32
2713509,720,8
2713956,1030,2
2713973,3315,61
2714277,1757,15
2714298,122,8
2714387,14516,15
2714421,423,30
2714439,10,8
2714525,379,8
2714675,575,22
2714875,86,8
2715063,854,2
2715079,26,2
2715079,90,8
2715256,50,8
2715275,5313,32
2715495,55,8
2715632,48,8
2715780,47,8
2716081,47,8
2716090,412,36
2716256,49,8
2716306,10870,79
2716384,2032,30
2716449,315,11
2716518,108,8
2716633,366,105
2716641,63,54
2716783,117,8
2716951,69,8
2717050,4891,20
2717065,587,54
2717079,118,8
2717087,156,39
2717172,9152,22
2717262,7568,61
2717338,5131,2
2717588,41,81
2717649,50,81
2717841,181,54
2717863,43,81
2717982,230,39
2717997,53,81
2718046,11460,23
2718131,55,81
2718208,851,54
2718330,50,81
2718610,57,81
2718754,1001,39
2718768,41,81
2718804,94,66
2718932,116,66
2718966,273,81
2719135,84,66
2719306,211,13
2719419,863,54
2719427,46,81
2719495,10007,90
2719590,65,81
2719592,67,20
2719725,63,81
2719802,55,81
2719932,51,81
2720079,35,81
2720136,44,81
2720160,8819,95
2720198,50,81
2720263,53,81
2720298,762,54
2720340,77,81
2720352,261,39
2720695,70,81
2720883,55,66
2721021,37,66
2721269,318,54
2721829,625,54
2722323,3915,58
2722501,837,54
2723170,900,20
2724363,326,54
2724495,416,36
2724817,5828,61
2724825,497,54
2724872,3365,15
2725323,22385,64
2726129,5805,22
2726397,1797,2
2727948,14,22
2728121,74015,22
2728210,400,36
2730464,22703,5
2730632,71595,61
2738458,16828,22
2739192,3383,54
2740575,149,13
2784514,8554,58
2786380,13,62
2802954,11573,64
2805325,3957,58
2807732,406,36
2808178,7263,22
2809578,4515,1
2810532,4967,20
2810736,13528,20
2810951,4430,20
2811020,6667,58
2812263,287,95
2812607,2222,95
2812621,60,95
2815034,244,95
2815302,4252,95
2815384,3054,22
2815492,3641,22
2815786,1245,22
2815788,21,2
2816985,910,2
2817806,3989,58
2818022,415,36
2819983,818,2
2820174,3004,61
2820943,4395,20
2821924,2876,2
2823113,3184,61
2826230,2434,61
2828068,6887,2
2828604,4017,61
2832558,3869,61
2833185,20786,64
2836364,2562,61
2838914,2618,61
2841462,2469,61
2843870,2341,61
2846148,2328,61
2848412,2327,61
2850675,2440,61
2853052,2768,61
2854617,463,36
2855759,2331,61
2856017,11977,64
2858022,2403,61
2858540,3085,22
2858909,688,64
2860367,2423,61
2860919,13638,20
2861333,3122,20
2861593,1619,22
2861628,8572,20
2862169,748,23
2862726,2501,61
2864075,3935,58
2865158,4764,61
2865384,45,58
2865651,112,58
2866040,4168,58
2866496,1159,46
2867615,12067,64
2868107,3515,58
2869633,8070,2
2869865,5226,61
2870319,4089,58
2871349,44,54
2871504,520,54
2871760,2929,58
2872037,1508,54
2873132,8131,20
2873573,752,54
2874339,503,54
2874427,9328,58
2875027,3633,61
2875147,495,54
2875700,412,36
2876122,1000,54
2877105,1302,1
2877890,345,104
2878597,2550,61
2879367,11779,20
2880024,11612,64
2881082,2537,61
2881273,6256,20
2881491,38,2
2881547,3238,2
2882471,13,19
2883554,2287,61
2885815,2357,61
2885841,7799,2
2887535,5725,20
2888111,2342,61
2889029,4499,58
2890381,2570,61
2892112,273,64
2892299,99,58
2892886,2352,61
2893570,157,58
2894213,4347,58
2894810,983,54
2894841,3683,2
2895860,2837,58
2896357,33,54
2897035,30,54
2897621,954,54
2898617,3922,58
2898713,24,54
2899027,1458,54
2899913,753,54
2900600,4107,2
2903747,236,64
2903990,2388,54
2905198,1978,2
2906610,796,54
2907286,2410,2
2909086,285,20
2909785,15684,20
2910540,10,54
2910590,6871,54
2910622,1024,54
2924546,210,64
2924823,23221,64
2925054,204,64
2925266,191,64
2925473,189,64
2925664,190,64
2925856,204,64
2926048,190,64
2926254,191,64
2926446,198,64
2926639,191,64
2926839,190,64
2927033,193,64
2927225,186,64
2927420,11626,64
2927609,13006,64
2935977,2503,61
2937937,5256,45
2938228,9615,110
2938423,2553,61
2939200,18,45
2939263,11495,64
2939577,15,45
2939799,13,45
2940063,11,45
2940241,21,45
2940432,12,45
2940614,18,45
2940756,16,45
2940967,2742,61
2940973,18,45
2941467,16,45
2941681,14,45
2941896,11,45
2942014,11,45
2942187,12,45
2942328,12,45
2942485,12,45
2942649,20,45
2942789,126,45
2942846,5363,15
2943152,44,45
2943644,3788,61
2944013,4770,20
2944313,13878,20
2944768,277,34
2945079,132,5
2945088,487,36
2945229,77,5
2945475,360,7
2945586,3966,36
2945869,1168,7
2947014,331,30
2947092,9376,7
2947419,29,45
2948316,36,9
2948339,1041,11
2948602,24,45
2948725,716,30
2948776,79,8
2948792,4835,20
2949024,423,95
2949056,383,9
2949118,2435,8
2949553,3116,95
2949775,10855,32
2950061,754,11
2950159,9315,58
2950386,9367,9
2950449,19,45
2950695,6531,33
2950844,308,10
2951114,66,54
2951184,25,45
2951198,2493,54
2951395,13,45
2951473,16,45
2951757,56,8
2952107,51,66
2952204,491,26
2952219,586,26
2952292,12313,64
2952410,274,90
2952447,64,66
2952628,34,66
2952885,408,90
2953007,471,26
2953035,2692,15
2953060,7659,95
2953357,614,10
2953664,734,20
2953683,8486,22
2953735,16,4
2954057,2563,51
2954168,45,66
2954337,49,8
2954457,7062,20
2954468,60,54
2954566,1809,39
2954883,623,10
2955091,66,66
2955122,73,54
2955208,4724,43
2955531,73,54
2955909,399,10
2955934,181,8
2955942,39,10
2956011,56,105
2956040,482,30
2956205,170,66
2956322,35,105
2956392,923,39
2956452,397,10
2956484,35,66
2956559,28,30
2956662,53,92
2956781,495,90
2956823,13066,51
2956844,70,54
2956985,4820,13
2956999,329,10
2957054,4358,6
2957068,54,66
2957205,45,105
2957322,30,105
2957389,27,105
2957429,52,105
2957540,40,105
2957669,34,105
2957778,113,108
2957795,40,66
2957900,27,105
2957929,56,90
2957956,26,105
2957995,58,66
2958020,34,105
2958082,22,105
2958132,25,105
2958224,38,105
2958292,36,105
2958375,31,105
2958507,36,108
2958515,96,105
2958573,202,36
2958734,7769,33
2958762,99,105
2958882,77,16
2959165,7012,36
2959520,4759,58
2959814,10145,62
2959920,50,66
2959928,83,8
2960055,50,54
2960130,58,66
2960268,704,24
2960372,34,66
2960491,40,66
2960663,509,54
2960912,4983,43
2961126,13,10
2961192,448,10
2961529,10572,20
2961780,19,45
2961848,28,40
2962008,53,45
2962255,4120,22
2962379,28,40
2962452,24,40
2962495,196,10
2962738,36,40
2962771,27,45
2962795,613,10
2963344,37,40
2963422,1125,5
2963798,75,45
2963827,13680,13
2963900,119,30
2963961,27,40
2964045,911,26
2964170,249,30
2964207,773,10
2964471,737,39
2964513,37,8
2964563,250,30
2964617,66,40
2964705,109,8
2964743,32,40
2964758,64,105
2965057,165,44
2965082,141,105
2965092,810,54
2965116,6273,26
2965187,242,109
2965249,179,109
2965438,145,44
2965463,114,8
2965710,77,8
2965722,259,44
2965736,102,40
2965926,919,9
2965964,6149,7
2966003,66,8
2966102,3644,33
2966135,94,109
2966227,85,8
2966245,128,44
2966567,438,34
2966582,95,66
2966607,142,44
2966736,600,34
2966831,102,8
2966925,178,44
2967049,79,8
2967223,103,8
2967264,76,105
2967293,139,44
2967356,139,105
2967435,276,10
2967447,89,8
2967594,108,8
2967735,1960,64
2967801,797,44
2967821,454,10
2967906,1351,11
2967961,25,54
2968230,408,66
2968365,937,10
2968421,62,54
2968530,61,107
2968625,1537,20
2968675,127,105
2968738,50,105
2968818,401,8
2968932,54,107
2968947,4520,19
2969089,52,54
2969176,12131,64
2969230,50,54
2969516,26,8
2969680,78,105
2969705,343,10
2969875,983,54
2969953,26,8
2970163,273,105
2970242,8474,62
2970255,113,10
2970262,28,8
2970285,4220,33
2970433,11777,58
2970549,17,8
2970772,960,10
2970959,7,8
2971070,17,8
2971281,2333,5
2971553,7869,22
2971635,30,8
2971653,158,93
2971802,1257,54
2971959,701,8
2972119,5173,20
2972238,3502,61
2972374,126,16
2972578,43,16
2972743,17,8
2972895,69,8
2973209,73,8
2973424,68,8
2973465,1210,54
2973564,941,26
2973643,13689,5
2973905,7587,106
2973927,128,8
2974316,647,8
2974539,820,26
2974594,260,108
2974603,938,10
2974639,124,107
2974902,1324,11
2975034,6180,8
2975220,59,107
2975263,55,66
2975296,52,107
2975360,738,36
2975466,133,66
2975656,380,10
2975686,43,92
2975718,49,107
2975727,3180,61
2975734,713,32
2975764,86,92
2975807,4079,39
2975853,1401,93
2975911,3475,54
2975943,849,100
2975953,525,30
2975986,1115,33
2976287,243,107
2976301,210,26
2976306,141,105
2976368,193,107
2976566,969,36
2976611,114,16
2976651,369,10
2976687,107,105
2976789,365,30
2976888,249,107
2976906,1349,26
2977245,312,10
2977325,605,93
2977382,16126,26
2977658,231,10
2977674,1235,36
2977729,573,93
2978020,455,93
2978469,2960,93
2978877,4344,61
2978899,243,32
2978931,4601,62
2979191,732,95
2979206,13902,13
2979358,5136,22
2980035,548,39
2980156,253,95
2980215,1286,100
2981503,11632,64
2982224,82,100
2982578,269,100
2982674,4650,58
2983029,102,107
2983172,2531,61
2983495,2416,106
2983559,100,107
2985637,2349,61
2985724,48,74
2985945,48,74
2986141,295,9
2986310,49,74
2986670,190,9
2986948,47,74
2987922,3839,61
2988145,6754,2
2988599,766,106
2988875,2311,9
2989420,3609,106
2989745,14326,22
2989898,121,74
2990140,5312,54
2990513,114,74
2991696,4157,61
2995788,2647,61
2996639,26,2
2996848,10,2
2997025,19,2
2997268,7,2
2997590,41,2
2997798,8692,2
2998366,4071,61
3002012,958,62
3002372,5135,61
3002946,3391,62
3007073,104,107
3007175,94,107
3007415,2707,61
3007587,97,107
3008336,98,107
3008993,98,107
3009523,116,107
3010063,2269,61
3010496,99,107
3010858,33,107
3011813,33,107
3012326,2532,61
3012482,35,107
3013901,14206,22
3014708,41,107
3014793,2647,61
3015371,39,107
3015835,36,107
3016376,319,107
3016433,462,107
3016899,12345,64
3017377,2301,61
3019647,2465,61
3019679,51,106
3019793,6509,106
3022049,2350,61
3024331,2577,61
3024577,38,107
3024707,138,107
3024946,39,107
3025338,36,107
3025842,287,107
3026205,36,107
3026848,2934,61
3026972,37,107
3028509,72,107
3028647,233,107
3028654,79,107
3029313,75,107
3029763,2532,61
3030032,331,107
3030194,11437,5
3030600,9860,20
3030665,4470,5
3030864,883,33
3031986,32,36
3032162,18,36
3032240,2315,61
3032729,108,30
3032852,1682,13
3033176,657,30
3033866,7526,22
3033916,22,36
3034224,180,36
3034437,115,30
3034526,2346,61
3035005,447,36
3035426,4633,5
3036092,432,32
3036135,8403,7
3036292,42,92
3036830,2315,61
3037023,12274,64
3037214,1139,108
3037293,41,105
3037544,21,105
3037976,103,105
3038008,606,30
3038110,23,105
3038332,6263,34
3038600,602,8
3038654,148,36
3038780,9812,58
3038816,27,105
3039041,18,105
3039102,19,105
3039118,2647,61
3039513,6892,51
3039606,684,105
3039662,141,8
3039751,996,36
3039855,453,40
3040035,2410,100
3040060,38,40
3040083,1495,5
3040194,60,40
3040232,72,8
3040284,25,40
3040417,578,11
3040536,250,30
3040605,48,105
3040716,46,105
3040837,24,105
3040917,25,105
3040925,11494,64
3040979,7518,2
3041038,174,40
3041259,54,105
3041293,98,16
3041347,50,8
3041394,7968,22
3041465,930,30
3041512,75,105
3041742,4568,61
3041974,2742,19
3042017,4454,5
3042160,691,39
3042288,64,105
3042474,60,105
3042481,2085,108
3042698,513,69
3042722,310,30
3042786,85,105
3042810,77,8
3043002,77,8
3043091,46,8
3043242,65,8
3043333,22,8
3043894,1649,100
3044068,39,74
3044639,50,105
3044675,6011,62
3045001,158,105
3045240,68,74
3045404,79,8
3045820,122,8
3045924,89,74
3046247,352,39
3046263,1062,100
3046279,102,74
3046291,19,54
3046298,5756,61
3046545,86,74
3046654,395,54
3047353,75,8
3047395,888,54
3047421,101,74
3047521,52,16
3047536,320,10
3047573,7874,7
3047785,71,74
3048403,36,74
3048457,677,54
3048477,53,105
3048508,1025,26
3048653,12972,58
3048744,30,74
3048775,172,10
3048912,2373,39
3048947,61,16
3049138,56,105
3049174,236,30
3049358,379,26
3049593,2895,51
3049692,715,30
3049955,9627,26
3050627,4754,62
3050699,39,13
3050754,73,105
3050835,9628,22
3050976,29,105
3051348,1457,69
3051396,3956,105
3051480,26,111
3051526,1174,105
3052039,4807,61
3052088,1031,11
3052908,2905,51
3052955,94,105
3053135,1218,69
3053146,36,96
3053221,12326,64
3053252,604,54
3053282,711,39
3053345,589,40
3053365,30,96
3053403,45,105
3053578,847,28
3053798,2612,20
3053830,48,96
3053976,23,8
3054037,13,111
3054129,83,96
3054140,49,105
3054162,465,54
3054265,282,28
3054455,76,105
3054549,11810,28
3054613,96,8
3054632,104,69
3054665,3991,108
3054691,11,111
3054807,39,105
3054995,12,111
3055050,2677,15
3055196,117,69
3055211,51,105
3055393,5051,62
3055459,7456,7
3055484,36,105
3055765,28,44
3055924,373,54
3055960,83,44
3056108,12,111
3056129,646,100
3056140,41,105
3056388,464,44
3056395,12,111
3056414,83,105
3056565,250,51
3056678,26,111
3056823,5396,61
3056894,10,111
3057065,184,10
3057105,17,111
3057205,157,54
3057244,111,44
3057405,30,111
3057618,1788,36
3057891,22699,5
3058050,4536,36
3058184,150,44
3058513,74,44
3058585,38,92
3058657,9789,110
3058728,78,30
3058870,159,54
3059162,39,92
3059218,669,54
3059283,14,111
3059349,5747,24
3059743,99,30
3059793,33,111
3060014,850,11
3060112,226,44
3060187,155,96
3060430,7284,62
3060491,1672,22
3060495,1060,54
3060908,3028,22
3060978,1140,10
3061164,97,3
3061402,18,111
3061457,622,30
3061547,148,44
3061658,5914,54
3061763,6273,58
3062163,2047,108
3062173,6383,61
3062368,95,44
3062428,1516,10
3062489,737,11
3062567,325,30
3062948,558,100
3063132,20,111
3063617,162,30
3063700,36,111
3064001,97,30
3064431,98,30
3064439,23,111
3064740,4382,36
3064770,11582,64
3064824,11767,13
3065502,17,111
3065873,13,111
3066253,14,111
3067151,1758,15
3067720,4205,62
3068052,2394,58
3068490,4297,61
3070146,2916,112
3070199,2870,112
3071922,4174,62
3072724,4565,61
3076093,4192,62
3077266,4243,61
3078866,25,15
3078895,21,15
3078930,12218,64
3080280,4245,62
3080782,34,15
3081442,4254,61
3084517,4222,62
3085626,4201,61
3087458,14173,22
3088744,4379,62
3089339,165,80
3089770,4460,61
3090573,12129,64
3091024,165,80
3091448,264,107
3092067,18,107
3092288,188,80
3092313,7,107
3092418,7,107
3092589,93,107
3093121,4385,62
3093276,175,80
3093311,6,107
3093666,176,80
3093795,85,107
3094086,173,80
3094167,4371,61
3094770,177,80
3095470,99,107
3096659,96,107
3097427,145,107
3097505,4260,62
3098475,4739,61
3101757,4267,62
3102815,11648,64
3103151,4286,61
3103711,153,107
3104141,387,107
3104544,100,107
3104650,99,107
3104800,99,107
3106028,4220,62
3107372,4210,61
3110245,4328,62
3111518,4225,61
3112733,106,107
3113087,103,107
3113502,102,107
3114559,4243,62
3114969,12017,64
3115681,4322,61
3115945,646,36
3116330,1500,36
3116350,12364,7
3116415,1680,15
3116753,238,36
3117304,848,5
3118134,74,36
3118179,658,113
3118235,69,36
3118288,11391,5
3118425,301,30
3118982,1535,36
3119202,5570,62
3119481,2965,10
3119687,2351,11
3119940,5496,61
3120104,487,113
3120113,169,30
3120495,24414,20
3120514,8448,20
3120674,7544,51
3120983,240,30
3121200,579,113
3121231,397,30
3121334,45,108
3121391,1066,5
3121566,7319,26
3121613,68,28
3121651,8347,95
3121709,20,26
3122305,311,30
3122483,744,10
3122651,13,111
3122662,692,100
3122736,679,30
3122948,10,111
3122983,7912,13
3123263,529,10
3123361,669,100
3123368,4292,36
3123523,12,111
3123718,13,111
3123852,9328,22
3123902,792,30
3124100,56,8
3124107,4283,28
3124339,11,111
3124666,44,8
3124769,6219,62
3125038,255,10
3125057,60,8
3125106,363,30
3125122,509,100
3125392,172,10
3125428,5965,61
3125535,13,111
3125558,51,8
3126045,34,100
3126187,16,111
3126199,38,8
3126450,212,40
3126475,563,44
3126888,1043,13
3126967,10847,79
3127175,203,9
3127364,137,8
3127427,788,40
3127482,14,95
3127727,16,111
3127737,687,28
3127952,128,8
3128028,15,111
3128224,9,111
3128333,793,32
3128425,180,95
3128632,7302,51
3128732,7216,7
3128774,388,10
3128821,12,111
3129014,18,8
3129035,883,40
3129048,8283,20
3129111,120,8
3129144,1029,32
3129354,11,111
3129535,10,111
3129576,110,8
3129713,39,13
3129724,43,8
3129783,83,8
3129801,11,111
3129876,256,8
3130189,247,8
3130594,747,8
3130797,13,111
3130952,5859,32
3130986,5740,62
3131088,17,111
3131372,5797,61
3131441,116,8
3131649,44,36
3131657,11,111
3131882,56,40
3131978,409,40
3132028,11,111
3132051,318,8
3132184,47,36
3132391,1015,8
3132411,4434,40
3132584,15586,19
3132606,616,28
3132736,10000,58
3132970,665,5
3133256,1840,28
3133625,11653,22
3134079,1641,15
3134396,17,95
3134405,16,95
3134500,10491,28
3134654,11,95
3134940,144,95
3134970,201,95
3135515,1220,11
3135654,17,111
3135962,12503,7
3136033,1069,39
3136057,204,10
3136100,9,111
3136263,5468,24
3136351,369,80
3136482,301,10
3136909,14,111
3137039,82,36
3137159,8106,61
3137196,234,10
3137257,23,61
3137257,1514,11
3137545,60,10
3137724,230,10
3137762,8304,36
3137803,115,107
3138005,95,10
3138339,13,111
3138404,133,10
3138523,103,107
3138642,119,10
3138711,33,111
3139059,82,10
3139103,13,111
3139471,14,111
3139637,11105,7
3140028,761,44
3140301,7680,51
3140378,6102,62
3140407,4315,69
3140452,353,107
3140458,24,8
3140513,17,8
3140569,778,10
3140592,27,8
3140656,89,8
3140773,43,8
3140811,32,111
3140842,270,107
3140853,320,8
3141541,13,111
3141601,54,66
3141678,2157,11
3141715,34,8
3141782,31,8
3141856,27,8
3141863,512,36
3141891,451,66
3141908,30,8
3141983,1696,15
3141993,30,8
3142039,37,8
3142094,24,8
3142193,28,8
3142356,9,111
3142519,40,66
3142766,195,66
3144180,1625,15
3144925,1016,39
3145302,4220,61
3145955,2921,39
3146303,183,44
3146330,44,66
3146457,14782,28
3146467,34,66
3146616,40,66
3146716,231,66
3146719,3992,44
3147206,124,44
3147634,3140,24
3147669,12547,58
3148554,1257,20
3148784,12415,22
3149049,2516,36
3149176,12175,51
3149335,59,105
3149506,3634,61
3149543,970,39
3149566,914,22
3150771,5541,7
3151614,513,19
3152499,29,111
3153052,8188,61
3153160,104,54
3153416,7822,54
3153790,104,114
3153917,7286,114
3156420,4696,76
3161750,4709,20
3162045,1952,62
3162195,213,36
3163047,504,36
3163952,14,107
3164239,105,107
3164635,104,107
3164690,2010,62
3165290,101,107
3165610,13769,36
3165828,105,107
3165997,96,107
3166230,96,107
3166937,101,107
3167099,96,107
3168477,98,107
3169990,1615,15
3170554,154,70
3170819,32,70
3170981,45,70
3170992,2064,62
3171238,31,70
3171638,103,70
3171758,10191,70
3174522,1973,62
3175482,14460,22
3179656,104,107
3180019,41,107
3180647,25,107
3180847,20,107
3181952,10025,70
3184798,25,107
3185198,26,107
3186588,100,107
3191041,35,107
3191409,99,107
3191978,5584,70
3192030,101,107
3192926,25,107
3193513,24,107
3193812,20,107
3194590,25,107
3197441,4196,31
3197442,3955,31
3197442,4139,31
3197442,4255,31
3197443,73,31
3197503,139,31
3197503,140,31
3197503,140,31
3197504,137,31
3197504,138,31
3197504,187,31
3197504,188,31
3197505,136,31
3197505,4787,31
3197505,4788,31
3197505,4788,31
3197505,4918,31
3197506,133,31
3197506,134,31
3197506,134,31
3197506,135,31
3197506,185,31
3197506,185,31
3197510,55,31
3197510,56,31
3197510,129,31
3197510,4851,31
3197510,4852,31
3197510,4852,31
3197510,4912,31
3197511,126,31
3197511,126,31
3197511,127,31
3197511,127,31
3197511,128,31
3197511,4910,31
3197511,4911,31
3197511,4965,31
3197511,4965,31
3197512,123,31
3197512,123,31
3197512,124,31
3197512,124,31
3197512,125,31
3197512,4963,31
3197512,4963,31
3197513,4961,31
3197513,4962,31
3197513,5021,31
3197513,5021,31
3197513,5022,31
3197513,5022,31
3197562,128,31
3197562,128,31
3197562,1407,31
3197563,70,31
3197563,71,31
3197563,71,31
3197563,72,31
3197563,126,31
3197563,126,31
3197563,126,31
3197563,445,31
3197564,68,31
3197564,68,31
3197564,69,31
3197564,69,31
3197564,124,31
3197564,124,31
3197565,122,31
3197622,126,31
3197622,126,31
3197622,187,31
3197622,1468,31
3197626,121,31
3197626,122,31
3197626,182,31
3197626,1463,31
3197627,60,31
3197627,681,31
3197628,58,31
3197628,58,31
3197628,58,31
3197629,56,31
3197631,53,31
3197683,63,31
3197683,64,31
3197683,748,31
3197684,61,31
3197684,62,31
3197684,62,31
3197684,385,31
3197742,179,31
3197742,180,31
3197743,65,31
3197743,65,31
3197744,62,31
3197744,63,31
3197744,63,31
3197744,325,31
3197744,744,31
3197744,745,31
3197744,745,31
3197805,58,31
3197805,862,31
3197806,201,31
3197806,202,31
3197806,443,31
3197863,58,31
3197920,27,31
3197920,878,31
3197921,1168,31
3197946,122,31
3198007,61,31
3198007,61,31
3198007,125,31
3198067,63,31
3198067,64,31
3198067,64,31
3198067,64,31
3198067,120,31
3198129,959,31
3198130,118,31
3198130,118,31
3198130,239,31
3198130,240,31
3198187,61,31
3198247,60,31
3198247,61,31
3198247,300,31
3198247,300,31
3198307,61,31
3198307,62,31
3198307,181,31
3198367,120,31
3198368,63,31
3198368,720,31
3198368,720,31
3198430,236,31
3198430,1086,31
3198487,119,31
3198487,244,31
3198606,363,31
3198666,132,31
3198730,985,31
3198786,61,31
3198788,119,31
3198847,122,31
3198907,61,31
3198967,120,31
3199029,58,31
3199313,71,31
3199374,141,31
3199374,174,31
3199374,175,31
3199375,173,31
3199375,230,31
3199375,230,31
3199375,231,31
3199382,131,31
3199382,132,31
3199382,132,31
3199382,133,31
3199382,133,31
3199383,54,31
3199383,164,31
3199383,221,31
3199430,83,31
3199430,1034,31
3199431,81,31
3199431,82,31
3199431,1033,31
3199432,77,31
3199432,78,31
3199432,78,31
3199432,79,31
3199432,79,31
3199432,79,31
3199432,80,31
3199434,73,31
3199434,74,31
3199434,74,31
3199434,75,31
3199434,75,31
3199434,113,31
3199434,113,31
3199435,71,31
3199435,71,31
3199435,72,31
3199435,72,31
3199435,726,31
3199435,790,31
3199494,110,31
3199494,155,31
3199494,221,31
3199495,108,31
3199495,109,31
3199495,219,31
3199495,220,31
3199495,491,31
3199495,2201,31
3199496,152,31
3199496,153,31
3199496,2085,31
3199497,105,31
3199497,106,31
3199497,488,31
3199497,489,31
3199499,103,31
3199499,215,31
3199499,292,31
3199499,603,31
3199499,785,31
3199501,44,31
3199501,45,31
3199501,45,31
3199501,100,31
3199501,100,31
3199502,43,31
3199502,99,31
3199502,146,31
3199503,40,31
3199503,41,31
3199503,41,31
3199503,41,31
3199503,97,31
3199503,961,31
3199504,38,31
3199504,95,31
3199504,96,31
3199523,9647,110
3199534,199,31
3199534,318,31
3199534,1984,31
3199535,112,31
3199535,375,31
3199537,62,31
3199537,110,31
3199537,315,31
3199537,926,31
3199537,2282,31
3199538,109,31
3199538,510,31
3199541,172,31
3199541,172,31
3199541,1557,31
3199542,104,31
3199542,2992,31
3199584,128,31
3199584,128,31
3199584,149,31
3199584,517,31
3199585,61,31
3199585,126,31
3199585,127,31
3199597,48,31
3199597,114,31
3199597,1561,31
3199598,134,31
3199598,253,31
3199598,387,31
3199644,88,31
3199644,819,31
3199645,65,31
3199645,86,31
3199708,143,31
3199708,754,31
3199709,81,31
3199709,82,31
3199709,141,31
3199709,142,31
3199710,21,31
3199710,21,31
3199729,181,31
3199729,256,31
3199730,60,31
3199730,620,31
3199788,121,31
3199790,494,31
3199848,253,31
3199849,60,31
3199850,198,31
3199850,198,31
3199908,316,31
3199908,554,31
3199980,67,31
3199980,303,31
3199981,243,31
3199981,302,31
3199984,422,31
3200044,418,31
3200046,360,31
3200100,246,31
3200100,422,31
3200161,62,31
3200221,62,31
3200282,63,31
3200282,123,31
3200282,123,31
3200282,523,31
3200345,116,31
3200345,177,31
3200405,55,31
3200405,56,31
3200460,61,31
3201098,721,31
3201158,538,31
3201815,66,31
3201815,385,31
3201815,386,31
3201875,51,31
3201919,281,31
3202892,5447,22
3205540,5688,36
3206178,5292,44
3208522,5434,51
3210102,5264,5
3210726,314,51
3211572,33,103
3211817,160,103
3211920,7419,33
3211962,9497,36
3212243,11633,58
3212672,12839,90
3212953,341,30
3213268,17,23
3215198,128,51
3215413,87,103
3215676,2361,5
3215708,1394,40
3215845,22,32
3215974,479,32
3215998,250,93
3216399,604,30
3216501,70,8
3216842,12,45
3217148,418,93
3217164,5330,28
3217175,122,8
3217182,104,32
3217267,1640,15
3217274,1888,40
3217444,103,8
3217609,13774,51
3217675,4820,28
3217705,75,32
3217879,10,93
3217925,11486,22
3217938,29,107
3217959,821,22
3218048,57,8
3218119,7559,13
3218216,9,93
3218593,9724,5
3218639,2558,5
3218881,465,50
3219063,133,8
3219076,1629,15
3219191,32,40
3219239,11,93
3219268,73,8
3219296,5083,62
3219356,245,93
3219724,176,93
3219735,23,36
3219750,2068,54
3219903,7,50
3219964,973,50
3220006,71,8
3220179,25,107
3220209,69,8
3220291,450,100
3220412,40,107
3220697,1604,15
3220725,5645,7
3220809,3973,55
3220904,31,107
3221212,255,36
3221489,945,50
3221504,510,23
3221582,26,107
3221717,20,8
3221894,24,107
3222030,43,8
3222104,32,100
3222294,41,8
3222341,1581,15
3222504,16386,28
3222518,1873,13
3222522,101,107
3222628,5467,28
3222742,44,8
3222766,6346,19
3222782,107,16
3222797,14,50
3222903,87,76
3222920,54,50
3223003,39,8
3223122,1596,24
3223161,44,8
3223202,15,50
3223234,5067,33
3223241,145,107
3223248,83,50
3223370,41,8
3223382,488,36
3223662,692,30
3223674,50,8
3223701,400,20
3223817,208,107
3223847,289,50
3224065,45,8
3224160,26,8
3224182,1710,15
3224300,41,8
3224312,348,50
3224368,110,107
3224374,5236,62
3224542,121,107
3224630,50,8
3224723,62,15
3224835,37,50
3224873,40,8
3224958,5037,50
3224967,211,107
3225099,58,8
3225225,2241,100
3225249,1714,107
3225468,81,8
3225733,101,8
3226071,72,8
3226300,76,8
3226376,1589,15
3226438,1338,11
3226689,73,115
3226709,81,8
3226720,972,19
3226741,351,16
3227008,169,23
3227356,3662,8
3227438,7757,58
3227508,73,8
3227733,73,8
3227902,28,100
3227975,1580,15
3228059,374,19
3228065,43,8
3228250,73,8
3228442,4783,23
3228460,5033,23
3228573,49,8
3228852,43,8
3229101,42,8
3229291,43,8
3229507,7312,22
3229528,44,8
3229560,1631,15
3229608,8306,62
3229846,1379,40
3229872,3094,95
3230406,48,8
3230611,744,20
3230630,18360,29
3230688,309,93
3230717,50,8
3230865,39,8
3231024,3012,19
3231124,14,93
3231356,24,8
3231367,127,93
3231441,3662,20
3231545,339,33
3231603,2688,40
3231619,36,8
3231666,40,8
3231728,6420,61
3231782,514,44
3231906,541,36
3232038,1289,95
3232166,99,8
3232423,79,8
3232529,202,93
3232694,41,116
3232745,95,8
3232885,15,116
3233054,14909,13
3233067,1797,28
3233089,49,8
3233119,148,93
3233356,70,8
3233378,1164,11
3233422,11,116
3233581,16,8
3233820,13,116
3233831,44,8
3234134,12,116
3234267,43,8
3234642,90,8
3234663,1776,23
3234826,41,8
3234877,1734,28
3235041,42,40
3235300,739,11
3235312,1384,40
3235392,3054,93
3235732,586,36
3235855,49,8
3236152,1608,117
3236254,46,8
3236753,3973,22
3237907,4366,62
3237966,277,117
3239242,277,93
3239543,9046,5
3239584,4253,61
3239871,26,93
3240075,358,20
3240222,506,93
3240682,4614,22
3240851,29,93
3240918,537,113
3241437,29,93
3242025,3387,51
3242192,22537,26
3242275,4175,62
3242644,686,82
3242710,454,82
3243360,533,113
3243781,4183,61
3244976,5716,82
3245234,3196,22
3245630,13,115
3246037,15,115
3246447,4656,62
3247897,4814,61
3248149,1406,113
3248475,468,40
3248623,65,115
3249176,15,113
3249365,40,113
3249480,180,40
3249628,2441,104
3249744,263,40
3250144,103,115
3250149,90,40
3250514,68,40
3251098,4250,62
3251291,236,40
3251585,65,40
3251687,21,113
3251974,10176,29
3252085,57,40
3252161,23,113
3252227,68,40
3252639,110,40
3252648,4335,61
3252957,79,40
3253544,89,40
3254262,380,20
3255338,4169,62
3255862,456,36
3256490,375,82
3256869,135,82
3256916,4647,61
3257314,796,46
3259507,4118,62
3261125,14356,22
3261507,4342,61
3262743,7851,29
3263626,4149,62
3265778,4234,61
3267766,4136,62
3269955,4440,61
3270606,17415,29
3271906,4142,62
3274328,4394,61
3276043,4199,62
3278658,4453,61
3280237,4152,62
3283046,4510,61
3284388,4182,62
3285218,6564,7
3287077,27,36
3287499,4362,61
3287721,24,36
3288024,15217,29
3288228,21,36
3288361,22,36
3288429,22,36
3288569,4551,62
3288634,49,36
3289515,9057,5
3289928,3189,22
3290253,135,36
3290386,39,107
3290754,170,107
3290819,123,36
3291499,62,107
3291640,360,107
3291811,4829,61
3291862,431,28
3291983,462,107
3292392,33,28
3292439,1776,28
3292642,132,36
3293070,3418,22
3293117,4423,62
3293334,1041,113
3294120,20,36
3295335,22,36
3295705,6690,28
3296425,3028,22
3296573,4801,61
3296870,8578,71
3297462,47,115
3297535,4749,62
3298026,46,115
3298514,12,115
3298645,8,115
3298740,12,115
3298901,12,115
3299092,22,115
3299223,38,115
3299356,23,115
3299439,3427,22
3299460,24,115
3299592,27,115
3299734,30,115
3299874,92,115
3300012,132,36
3300312,2339,100
3301265,19,115
3301310,6982,61
3301392,483,95
3301804,34,115
3302038,73,8
3302099,113,36
3302122,1629,95
3302283,7664,62
3302485,187,28
3302526,100,8
3302662,10333,28
3302805,4007,22
3303238,99,36
3303520,36,8
3303533,42,115
3303571,93,8
3303715,98,36
3303770,3516,82
3303930,101,8
3304459,89,23
3304489,97,36
3304840,153,36
3304865,43,36
3305127,99,8
3305380,1420,19
3305431,94,8
3305446,431,45
3305617,38,8
3305646,10,115
3305804,10,115
3305809,75,8
3305825,3982,58
3306171,78,8
3306345,36,8
3306644,35,8
3306799,1251,22
3306820,10,115
3306859,35,8
3306891,228,36
3307080,38,8
3307469,75,8
3307481,846,45
3307702,1793,7
3307735,9,115
3307864,82,8
3308113,38,8
3308229,6435,61
3308405,34,8
3308449,922,36
3309441,2970,82
3309515,4360,7
3309705,38,8
3309834,3776,58
3309940,5811,62
3310145,470,46
3312527,869,82
3313688,311,46
3313752,18,36
3313876,509,26
3313976,451,7
3314409,90,36
3314426,1226,26
3314453,3324,7
3314667,4451,58
3314884,148,36
3314895,61,36
3315053,3860,117
3315457,1775,5
3315465,219,36
3317130,165,36
3317247,77,5
3317694,65,5
3317763,2747,5
3318329,981,36
3319059,4317,117
3319137,3713,58
3319423,134,46
3319619,1105,46
3319761,2921,82
3322163,558,46
3324038,918,36
3327314,22725,5
3335442,2989,22
3335547,14198,22
3335952,5153,28
3336040,5074,28
3337204,923,36
3338211,240,113
3338823,12609,70
3338989,54,113
3339305,914,36
3339602,53,113
3340337,310,113
3341717,31416,36
3343256,5013,63
3344584,2841,100
3348408,1128,100
3348674,3746,63
3349683,14285,22
3351428,7156,70
3361189,248,107
3361707,310,107
3362163,134,107
3362641,251,107
3363379,2262,107
3363971,14205,22
3370574,20209,70
3374758,2186,36
3376122,2987,22
3377126,11348,5
3379051,11651,22
3390198,3461,62
3390524,7053,58
3391076,298,40
3391590,271,40
3391655,5894,22
3391705,1198,7
3391878,33,22
3392187,33,22
3393202,3729,63
3393229,26,7
3393357,898,7
3394495,3055,62
3395537,6479,7
3396172,92424,28
3396226,20996,28
3396785,10097,80
3397494,3265,22
3397551,6807,62
3398670,4266,63
3398760,59,8
3398962,59,8
3399389,62,8
3399585,56,8
3399747,61,8
3400537,689,40
3400754,4736,22
3401497,1140,40
3401783,8633,58
3402031,1909,7
3402135,54,74
3402480,11459,5
3402624,60,74
3403621,3698,63
3403937,127,26
3404322,11334,26
3404361,5953,62
3405427,5625,22
3406945,1811,80
3407773,217,7
3408873,10838,80
3410310,6589,62
3410446,6799,58
3411056,5777,22
3414094,7592,5
3414670,80,113
3415321,22511,26
3415708,320,113
3416187,207,71
3416882,2999,22
3416893,3861,62
3418029,917,36
3419067,161,113
3419919,144,113
3420109,7,113
3420605,1257,113
3420753,2419,62
3422333,13,113
3423171,2381,62
3424970,66,113
3425483,56,113
3425548,3664,62
3426190,446,28
3426566,10575,70
3426771,17983,28
3427718,14723,5
3429183,4688,62
3431387,14161,22
3433881,4652,62
3437137,7835,70
3438529,4845,62
3443364,3072,62
3444982,14089,70
3445553,14242,22
3446439,2393,62
3448826,2425,62
3451247,2429,62
3453677,2364,62
3454860,4862,71
3456038,2402,62
3458436,2421,62
3459083,13868,70
3459865,1086,22
3460142,32,71
3460846,2379,62
3461172,33,71
3461720,31,71
3461923,26,71
3462098,27,71
3462580,3053,22
3463140,31,71
3463227,2417,62
3465061,11369,5
3465486,15605,28
3465569,3002,22
3465641,4552,62
3468507,3105,22
3469408,100,71
3470192,4458,62
3471203,135,71
3471571,3255,22
3471626,977,36
3471670,147,71
3472282,140,71
3472954,10004,70
3474641,4565,62
3474764,3015,22
3476067,11212,36
3476543,11396,5
3477714,2982,22
3478749,773,51
3480673,4924,22
3481040,1784,54
3481588,6458,28
3482484,1414,51
3482505,259,107
3482954,253,107
3483410,137,54
3483465,9871,62
3483938,19524,70
3484049,154,54
3484549,101,1
3484856,151,1
3484869,73,1
3484870,971,51
3485367,302,54
3485538,3499,22
3485735,2669,13
3485751,162,1
3485763,39,1
3485921,417,51
3486437,133,54
3486917,34,54
3486996,150,1
3487009,59,1
3487461,11507,79
3487579,157,1
3487718,222,36
3488143,453,28
3488461,922,1
3488629,489,28
3488654,444,28
3488973,3552,22
3489185,1003,28
3489194,469,28
3489814,17766,28
3490372,6392,28
3491189,5168,58
3492465,3885,22
3493598,4347,82
3496378,170,58
3496404,4760,22
3496627,137,58
3496795,17931,28
3496893,190,58
3497403,4486,61
3497844,7962,58
3498057,570,82
3499147,22640,5
3499664,976,82
3501109,5443,22
3501440,624,82
3501886,5081,61
3502063,19,7
3502871,409,82
3503464,13146,70
3503655,479,82
3506048,1653,80
3506492,3303,22
3506588,124,74
3506913,53,74
3506933,5920,61
3507918,7569,80
3508708,107,74
3509126,114,74
3509787,45,74
3510004,46,74
3510299,46,74
3512605,3952,19
3512809,4406,61
3513024,137,74
3515695,2156,80
3516539,52679,28
3516740,21731,28
3516947,287,80
3517179,8079,61
3517897,13724,80
3520733,412,22
3521498,132,70
3521606,177,70
3521808,2779,70
3524577,13888,70
3525188,7109,61
3532229,5276,61
3535009,348,107
3537439,3738,61
3541116,3562,61
3544612,5015,61
3545155,19916,28
3547832,917,1
3549276,3180,22
3549561,5777,61
3550240,200,7
3550470,3932,7
3550497,11393,5
3551187,1268,95
3551770,776,41
3551993,991,5
3552060,17,44
3552112,574,44
3552393,4,22
3553074,5329,5
3553109,521,44
3553349,59,33
3553801,475,44
3554372,3037,7
3554469,729,44
3554888,39,8
3555154,23,8
3555162,965,11
3555331,6622,61
3555346,508,44
3555478,22,8
3555873,29,54
3555920,21,8
3555979,435,44
3556065,22,8
3556235,17,8
3556288,2530,33
3556443,1045,11
3556542,513,44
3556788,43,8
3557093,34,8
3557210,609,44
3557283,817,39
3557356,53,8
3557467,61,8
3557734,34,8
3557817,1547,11
3558096,46,8
3558148,5832,22
3558168,563,44
3558205,2277,22
3558278,23,54
3558303,15,8
3558398,81,8
3558431,39,66
3558535,526,6
3558566,4102,7
3558572,57,66
3558813,1505,32
3558911,561,44
3558947,39,54
3558970,7861,58
3559116,57,8
3559483,44,54
3559537,195,33
3559618,95,8
3559663,591,44
3559976,226,33
3560031,52,54
3560265,18,8
3560444,537,44
3560532,61,8
3560545,35,50
3560578,2226,32
3560580,78,50
3560698,178,33
3560850,28,8
3560990,51,8
3561161,721,44
3561495,148,50
3561538,478,33
3561649,34,66
3561786,102,8
3561805,58,66
3561894,5175,61
3562014,608,44
3562104,54,66
3562281,52,8
3562349,11305,36
3562453,54,8
3562788,573,44
3563489,736,100
3563540,4327,33
3563564,36,30
3563622,1114,32
3563708,78,8
3563960,5809,22
3564058,49,54
3564081,49,8
3564181,414,39
3564271,87,8
3564663,52,8
3564752,4123,100
3564895,50,8
3565065,46,8
3565103,178,28
3565281,44,8
3565375,4095,28
3565396,29,8
3565589,47,8
3565775,46,8
3566023,46,8
3566371,50,8
3566603,45,8
3566852,8172,58
3567043,3778,61
3567069,58,30
3567070,29,61
3567084,78,8
3567290,46,8
3567511,46,8
3567829,47,8
3567904,2917,33
3568491,79,8
3568502,386,79
3568708,126,30
3568764,53,8
3568955,995,100
3568975,47,8
3569051,217,93
3569101,478,30
3569143,77,8
3569528,3655,8
3569539,498,93
3569595,72677,28
3569709,6253,22
3569926,35,8
3570115,5697,28
3570138,32,8
3570159,228,93
3570236,1221,5
3570256,33,8
3570454,45,8
3570595,48,54
3570671,30,8
3570717,438,24
3570757,6061,61
3570857,222,93
3570938,38,8
3571016,38,54
3571163,34,8
3571431,50,8
3571443,199,24
3571498,169,93
3571598,613,33
3571608,51,8
3571841,616,93
3571903,2580,108
3571940,1539,100
3572109,43,54
3572184,44,8
3572512,456,39
3572604,90,8
3572705,38,54
3572996,1315,13
3573166,436,93
3573191,568,30
3573206,81,8
3573213,43,54
3573609,3696,51
3573632,168,39
3573808,38,54
3574167,365,30
3574391,53,8
3574452,1231,24
3574507,933,103
3574531,5524,5
3574578,31,54
3574642,1768,26
3574657,491,78
3574886,78,8
3575076,36,54
3575211,9337,58
3575216,53,8
3575341,392,30
3575428,80,78
3575505,590,100
3575667,41,54
3575775,16,15
3575821,217,28
3575830,848,15
3575836,1577,80
3575909,54,8
3575945,6500,22
3576062,66210,28
3576082,429,78
3576431,4978,26
3576527,52,8
3576684,164,71
3576753,445,78
3576801,14803,61
3576818,10313,15
3576918,15,47
3577331,83,54
3577337,1409,30
3577655,51,8
3577680,134,15
3577823,1482,78
3577892,279,54
3578037,3444,47
3578049,622,15
3578170,2475,80
3578485,9041,70
3578601,92,8
3578706,2699,24
3578926,85,8
3579183,91,8
3579222,9585,36
3579571,44,66
3579663,69,66
3579814,2466,78
3579913,80,8
3580158,473,30
3580594,82,8
3580665,51,66
3580702,61564,80
3580713,953,1
3580837,72,66
3581048,46,66
3581201,49,66
3581504,46,8
3581532,657,30
3581800,21,7
3581826,3035,47
3581939,92,8
3582434,190,30
3582515,8122,22
3582826,1132,54
3583549,38,23
3583604,240,78
3583613,48,23
3583970,90,30
3584058,293,30
3584169,1053,23
3584361,1137,54
3584464,110,39
3585212,172,100
3585247,148,23
3585331,116,39
3585378,117,23
3585513,7574,23
3585966,1517,47
3585994,113,54
3586118,2472,54
3586232,681,100
3587535,667,100
3589368,1057,9
3590260,304,100
3590644,418,22
3591117,75,100
3591594,50678,61
3591801,50469,9
3591887,1144,100
3593085,14101,51
3593469,681,1
3593825,1374,100
3594527,568,80
3595538,50970,5
3596989,130,39
3600678,14091,9
3605210,3838,80
3611226,6393,80
3630244,941,7
3634245,220,1
3636949,22,1
3638215,20,41
3638998,1532,108
3642379,49,8
3642407,308,30
3642609,191,44
3643119,47,8
3643307,314,61
3643512,115,100
3643877,5992,80
3643879,3925,44
3645319,552,54
3645672,2547,51
3646244,46,8
3647029,2311,5
3647241,961,8
3647525,7033,24
3647562,1386,28
3647572,13659,28
3647594,398,30
3648211,1204,100
3648354,131,8
3648822,117,8
3648883,64,66
3649163,126,66
3649187,21984,28
3649386,114,8
3649397,72,5
3649484,1931,5
3649662,374,51
3649791,49,8
3649823,5839,19
3650054,26,7
3650068,46,95
3650205,9134,22
3650252,117,22
3650371,45,8
3650444,8466,9
3650553,45,8
3650744,547,82
3651140,13,8
3651446,15596,58
3651472,44,8
3651535,1502,5
3651697,23,1
3651748,47,8
3652007,2557,36
3652078,13,8
3652159,45,8
3652191,847,82
3652366,46,8
3652449,8647,61
3652943,49,8
3653058,326,1
3653167,47,8
3653254,13053,62
3653326,647,82
3653336,66,8
3653344,1779,30
3653359,295,10
3653506,469,7
3653553,1124,100
3653681,1092,30
3654277,67,8
3654408,936,1
3654618,1602,24
3654684,968,100
3655538,334,30
3655600,1742,82
3655687,812,5
3656179,27,8
3656224,24,8
3656247,4384,30
3656283,125,8
3656453,472,30
3656464,57,8
3656524,49,1
3656543,28,8
3656572,585,5
3656598,56,8
3656701,241,1
3656713,60,8
3656718,18,95
3656789,63,8
3656859,504,95
3656874,3042,96
3656886,82,8
3656982,76,8
3657091,76,8
3657129,2402,24
3657154,66,30
3657184,46,8
3657247,422,1
3657255,42,8
3657260,520,5
3657375,428,30
3657433,94,95
3657663,90,8
3657670,4050,20
3657693,146,95
3657774,98,8
3659269,7311,22
3660235,302,1
3660439,796,82
3660513,3858,24
3660581,856,100
3660608,3689,8
3660617,14,8
3660719,12,8
3660726,4800,19
3661016,1142,30
3661047,7337,61
3661096,1384,36
3661335,584,30
3661344,176,1
3661448,118,100
3661453,3641,7
3661912,1338,19
3662019,384,30
3662069,21699,28
3662535,2118,30
3662622,316,1
3663164,7775,36
3663220,1825,100
3663340,86,7
3663413,3765,7
3663559,1155,5
3663692,170,1
3664330,227,66
3664408,1113,54
3664618,19110,9
3664635,55,79
3664912,1452,24
3665448,352,46
3665685,576,54
3665893,182,95
3666198,601,95
3666254,388,20
3666377,288,54
3666562,8101,22
3666679,3274,24
3666799,12,51
3666819,160,1
3667068,6185,58
3667437,15,95
3667503,155,5
3667613,567,95
3667717,123,5
3667890,55,115
3668272,591,54
3668305,143,22
3668358,15408,61
3668503,2179,22
3668593,476,82
3669520,507,82
3670051,53,54
3670337,328,82
3670659,59,54
3671071,62,54
3671257,46,54
3671595,53,28
3671755,12015,28
3671772,11997,54
3671839,48,115
3672154,34,115
3672199,19,54
3672283,35,115
3672445,33,115
3672529,28,54
3672982,346,54
3673742,88,82
3674054,9770,82
3675452,8269,40
3676617,37,40
3686628,2558,9
3686841,14422,51
3688415,3685,28
3688492,13577,28
3689945,772,19
3689986,2723,9
3691731,402,96
3711726,2335,61
3714003,2257,61
3715497,91,40
3715715,30,40
3715787,28,40
3715870,133,40
3716030,33,40
3716170,26,40
3716234,32,40
3716244,2284,61
3716302,26,40
3716354,26,40
3716444,78,40
3718461,2351,61
3719707,127,1
3720388,1249,7
3720648,6492,28
3720660,6245,28
3720750,131,1
3720783,2410,61
3722262,84,1
3722783,1085,1
3722819,367,43
3723060,658,30
3723131,3201,61
3723397,1388,11
3724769,342,107
3724828,10792,22
3724857,3925,51
3724959,163,107
3725102,96,30
3725270,252,30
3725343,1048,1
3725613,177,30
3725867,2491,11
3725956,376,30
3725977,945,7
3726123,46,43
3726196,21,43
3726224,79,43
3726305,2720,61
3726472,61,66
3726486,27,8
3726666,32,8
3726752,379,46
3726884,25,30
3726928,819,54
3726971,2956,28
3727017,488,8
3727079,1073,1
3727225,2887,28
3727403,113,66
3727605,134,66
3727645,53,8
3727745,30,8
3728127,390,9
3728793,152,1
3728854,1466,100
3728964,31,1
3729004,2784,61
3729141,90,1
3729252,739,44
3729288,12595,9
3729379,962,11
3729479,709,30
3729502,11279,79
3729887,14924,51
3729960,67,10
3730109,548,54
3730121,1282,28
3730173,677,44
3730215,808,28
3730265,42,10
3730581,2223,71
3730624,1332,11
3730760,1024,30
3730855,83,115
3730867,82,8
3730925,31,100
3730974,45,8
3731019,65,54
3731249,29,28
3731264,13,115
3731381,30,54
3731405,38,8
3731422,582,28
3731433,2540,28
3731590,14,8
3731690,28,8
3731738,2445,61
3731825,62,66
3731911,16,95
3731923,2661,7
3732014,506,28
3732026,520,44
3732102,94,95
3732332,96,8
3732518,68,8
3732549,39,30
3732560,54,8
3732570,501,28
3732590,36,115
3732624,1053,13
3732646,27,8
3732660,196,8
3732922,25,8
3732952,1015,11
3732969,25,115
3733004,35,30
3733011,13,95
3733108,8138,28
3733195,30,54
3733246,34,115
3733362,32,30
3733368,145,66
3733422,59,54
3733446,46,115
3733572,16,95
3733600,654,44
3733634,249,95
3733693,7091,13
3733841,37,95
3734017,7236,28
3734055,29,115
3734071,1057,1
3734148,33,8
3734176,5153,61
3734215,23,115
3734222,32,8
3734308,15,30
3734321,24,8
3734342,436,30
3734369,25,8
3734401,23,8
3734564,776,54
3734661,15,95
3734757,556,44
3734767,15,95
3734862,219,30
3734910,50,8
3734919,564,95
3734977,1771,117
3734985,52,8
3735034,3525,24
3735074,1944,46
3735205,276,95
3735344,183,107
3735442,2209,118
3735514,28,8
3735592,25,115
3735600,14625,58
3735605,10430,22
3735627,25,8
3735634,755,107
3735638,21,95
3735654,565,44
3735726,21,8
3735790,10,95
3735809,71,8
3735821,1746,95
3735925,86,54
3735955,53,8
3735960,108,66
3736085,70,54
3736092,119,66
3736252,30,8
3736424,676,44
3736433,37,8
3736454,1114,95
3736602,61,8
3736829,4877,117
3737210,46,8
3737300,686,44
3737383,55,8
3737697,3565,11
3737725,2244,118
3738102,34,8
3738120,836,44
3738215,770,80
3738250,100,8
3738369,20,8
3738408,51,8
3738698,46,47
3738754,7674,47
3739021,1149,30
3739029,38,8
3739104,806,44
3739321,1463,80
3739327,4246,61
3739383,61,115
3739887,33,8
3739931,40,115
3740052,896,44
3740092,507,8
3740100,57,115
3740169,48,8
3740183,988,1
3740279,6641,62
3740311,63,39
3740330,14,115
3740449,55,115
3740799,993,80
3740809,2371,30
3740939,518,39
3740951,53,8
3741103,656,44
3741522,36,84
3741583,1351,28
3741596,67,8
3741656,38,10
3741706,128,28
3741804,46,8
3741843,522,10
3741862,1549,28
3741898,104,44
3741985,124,43
3742014,184,44
3742073,349,8
3742344,769,44
3742475,14196,22
3742514,698,80
3742520,692,8
3742668,286,40
3742958,4276,28
3742979,1346,39
3742985,1071,118
3743038,244,40
3743047,57,8
3743400,3486,80
3743441,942,44
3743526,2619,61
3743571,309,40
3743594,75,115
3743918,382,40
3744026,3625,40
3744146,3513,46
3744175,4175,7
3744210,73,115
3744433,1598,39
3744453,12275,28
3744522,1470,118
3744758,1213,44
3744773,108,8
3744794,75,115
3744946,10340,51
3745193,71,115
3745428,111,115
3745799,1935,33
3745822,131,115
3745920,46,8
3746117,2743,61
3746249,958,44
3746411,10113,22
3746616,63,54
3746667,28,115
3746889,281,36
3746919,92,115
3746972,2264,80
3747026,1012,62
3747293,791,36
3747333,34,115
3747364,9306,28
3747384,805,82
3747404,1596,44
3747457,344,8
3747592,92,54
3747687,188,95
3747774,248,107
3747812,571,30
3747926,1308,40
3747935,220,95
3748150,77,8
3748159,8511,118
3748366,358,95
3748384,83,8
3748405,6684,9
3748489,510,30
3748594,67,8
3748745,1145,7
3748754,7972,62
3748829,7752,61
3749139,683,44
3749177,438,95
3749235,56,8
3749323,513,30
3749381,1231,24
3749398,12,8
3749515,678,82
3749610,50,59
3749897,74,8
3750003,575,30
3750076,121,95
3750115,55,8
3750211,204,95
3750360,6165,58
3750462,114,59
3750473,799,54
3750507,71,8
3750583,33,59
3750623,34,59
3750641,38,8
3750703,5970,24
3750756,5915,30
3750834,50,95
3751330,470,82
3751696,3931,44
3751708,1564,10
3751998,362,54
3752897,1268,58
3752988,1649,54
3753113,2180,115
3755128,22666,5
3755421,4810,47
3755483,6195,7
3755924,5049,80
3756530,16,51
3757363,68,28
3757373,606,82
3757380,7787,28
3757484,98,28
3757599,541,28
3757780,2756,58
3758155,162,28
3758345,169,28
3758550,190,28
3758598,1608,82
3758743,113,28
3758881,213,28
3759133,85,28
3759274,3574,28
3759701,60,115
3759983,46,115
3760415,57,115
3761260,61,115
3761672,59,115
3761726,348,82
3762823,247,40
3762883,595,82
3762912,7918,28
3763115,10001,7
3763556,187,40
3763668,5346,1
3763901,2093,82
3763947,70,115
3764076,378,40
3764607,33,115
3764800,25,115
3765286,184,9
3765824,6654,9
3766018,33,40
3767105,661,107
3767430,557,54
3767950,36,107
3767993,8729,28
3768170,345,107
3769651,14243,22
3769709,29,107
3769955,15954,22
3770034,62,107
3770061,9503,22
3770554,77,107
3770842,291,107
3771336,311,107
3771707,627,107
3773107,11355,70
3774314,10,9
3774474,629,54
3775175,651,54
3775233,6814,9
3776611,496,54
3776882,6068,28
3776892,9235,28
3778185,601,54
3779512,676,54
3780937,811,54
3782333,57,54
3783853,47,54
3784478,9515,70
3784882,52,54
3793991,7328,70
3801051,133,50
3801051,152,50
3801051,170,50
3801051,188,50
3801051,206,50
3801051,223,50
3801051,275,50
3801075,72,50
3801075,108,50
3801075,128,50
3801075,163,50
3801075,164,50
3801075,182,50
3801075,251,50
3801163,40,50
3801183,37,50
3801183,37,50
3801202,54,50
3801238,71,50
3801256,53,50
3801256,87,50
3801274,69,50
3801326,50,50
3801326,50,50
3801849,39,50
3801867,247,50
3801884,109,50
3801884,170,50
3801884,288,50
3801884,351,50
3801884,894,50
3801884,1013,50
3801885,107,50
3801885,228,50
3801885,1373,50
3801886,106,50
3801886,227,50
3801886,349,50
3801886,891,50
3801887,104,50
3801908,83,50
3801908,263,50
3801908,263,50
3801908,326,50
3801908,931,50
3801908,1648,50
3801910,143,50
3801910,144,50
3801910,324,50
3801910,441,50
3801910,442,50
3801910,1166,50
3801910,1587,50
3801912,141,50
3801912,200,50
3801912,558,50
3801912,620,50
3801912,1526,50
3801912,1526,50
3801936,116,50
3801937,175,50
3801937,533,50
3801937,595,50
3801937,1320,50
3801937,1320,50
3801989,63,50
3801990,61,50
3801990,62,50
3801991,60,50
3802049,63,50
3802050,60,50
3802050,61,50
3802050,61,50
3802050,120,50
3802050,121,50
3802110,60,50
3802110,123,50
3802110,123,50
3802110,123,50
3802110,180,50
3802169,121,50
3802169,181,50
3802169,182,50
3802232,117,50
3802232,118,50
3802232,177,50
3802232,238,50
3802349,300,50
3802349,301,50
3802469,369,50
3802469,370,50
3802531,485,50
3802531,485,50
3802776,601,50
3802777,600,50
3802838,659,50
3802897,599,50
3803076,420,50
3803256,420,50
3806560,5366,1
3814693,7498,33
3814737,7664,23
3817961,3296,51
3818790,7482,58
3819732,3444,79
3819814,45,8
3819956,25,8
3819998,3813,47
3820033,311,30
3820133,47,8
3820199,2676,28
3820224,2669,28
3820440,33,8
3820506,68,66
3820606,28,8
3820775,707,31
3820983,15,8
3821109,134,8
3821358,47,8
3821482,2424,31
3821774,62,8
3822149,66,8
3822220,46,40
3822301,279,40
3822511,45,8
3822654,1255,10
3822718,4362,8
3822791,41,8
3822910,49,8
3823486,47,8
3823561,12422,51
3823648,11009,28
3823846,1839,39
3823918,3052,47
3824216,469,80
3824421,51,8
3824616,516,30
3824680,54,115
3824853,56,115
3825040,3245,28
3825048,9734,9
3825076,69,115
3825141,55,115
3825248,67,115
3825509,169,6
3825764,307,30
3825925,11741,80
3826039,15782,26
3826163,204,6
3826569,67,8
3826793,47,8
3826871,936,8
3826973,12,39
3827009,2148,39
3827159,9881,70
3827174,578,30
3827380,32,30
3827559,84,6
3827791,4145,117
3827926,48,8
3827979,574,8
3828188,710,6
3828255,782,30
3828372,1230,28
3828763,909,8
3828780,312,22
3828793,717,44
3829268,13116,58
3829314,11758,22
3829450,1239,39
3829460,15,115
3829478,602,22
3829509,636,30
3829524,3955,8
3829539,52,54
3829614,13,115
3829651,3926,108
3829780,59,8
3829803,5283,28
3829810,3121,33
3829946,1392,44
3830210,88,66
3830298,56,54
3830325,80,66
3830430,72,8
3830664,57,8
3830776,58,8
3830960,67,8
3831125,61,8
3831182,55,54
3831283,56,8
3831442,66,8
3831747,108,8
3831852,108,66
3831869,223,8
3831923,27,54
3832039,25,119
3832106,48,115
3832176,22,119
3832198,38,8
3832347,33,8
3832591,702,44
3832724,6806,62
3832801,98,66
3832925,79,8
3833169,119,115
3833250,42,8
3833484,175,44
3833549,357,39
3833629,50,8
3833637,41,54
3833763,168,74
3833972,947,39
3834009,35,8
3834106,13724,117
3834487,2187,108
3834627,39,8
3834643,879,10
3834684,89,74
3834692,40,54
3834924,38,8
3834962,133,74
3834995,16731,28
3835087,125,40
3835211,26,8
3835306,36,54
3835322,211,40
3835377,1312,74
3835461,12549,9
3835490,33,8
3835820,54,28
3835987,3983,10
3836041,1573,46
3836072,8741,51
3836393,1218,39
3836462,81,54
3836589,74,8
3836612,140,44
3836765,212,40
3837239,9310,70
3837371,621,44
3837405,4007,108
3837493,76,8
3837661,114,40
3837781,70,8
3837808,27,46
3837828,22711,5
3837902,132,46
3837958,3605,5
3838056,826,30
3838065,134,44
3838088,4186,47
3838120,188,66
3838185,155,115
3838249,80,8
3838364,79,8
3838483,23,54
3838504,210,44
3839109,57,28
3839269,16099,28
3841011,5104,22
3841584,54,74
3841865,70,30
3842075,335,30
3842436,29,54
3842807,187,80
3843063,30,54
3843232,79,74
3843505,182,80
3843640,32,54
3844128,50,74
3844388,30,54
3844415,46,74
3844660,5254,47
3845026,393,80
3845639,49,74
3845699,183,80
3845788,144,74
3845803,99,82
3846134,2966,22
3847003,232,80
3847047,431,82
3847169,17626,70
3847406,1700,82
3849073,1122,22
3849670,237,82
3850221,607,82
3850363,3960,51
3851192,178,39
3852489,101,74
3853198,8798,22
3853691,339,74
3854894,384,74
3855637,1995,28
3855656,6490,28
3855661,291,80
3855885,17,8
3855938,33,8
3856060,32,8
3856446,284,80
3856860,249,80
3856870,50,8
3857042,67,8
3857138,216,80
3857258,34,8
3857376,34,8
3857658,1159,80
3857664,53,8
3857729,77,8
3858193,71,8
3858274,413,8
3858601,140,8
3858879,362,8
3858885,37,8
3859069,170,80
3859152,1744,44
3859180,65,44
3859225,32,8
3859451,53,44
3859616,94,44
3859651,28,54
3859755,31,8
3859939,30,8
3860049,51,54
3860069,88,8
3860259,60,8
3860434,237,44
3860518,2691,80
3860705,20,54
3861315,2321,54
3862078,61,44
3862297,10948,62
3863644,23,54
3864587,15,54
3864619,488,80
3864807,18035,70
3865316,16,54
3865468,11,96
3865539,1545,80
3865809,13,96
3865847,17,54
3866373,744,54
3866492,466,74
3867114,526,54
3867534,1471,80
3867635,811,96
3867649,356,74
3867654,812,54
3868437,445,54
3868667,410,74
3868907,13002,54
3868932,4153,80
3869296,362,26
3869554,655,26
3870354,330,74
3870424,349,26
3871352,112,74
3872144,346,74
3873014,319,74
3873250,39,107
3873359,183,107
3873796,359,74
3874156,188,107
3879426,1688,107
3880559,603,22
3882839,19412,70
3888404,255,84
3888679,24,84
3889162,3726,1
3895028,59,4
3895584,531,30
3896881,7439,28
3896927,9068,22
3897059,41,8
3897238,1959,1
3897248,587,22
3897471,38,8
3897808,58,8
3897983,51,8
3898057,290,8
3898202,1348,118
3898457,146,8
3898465,3436,51
3898705,335,8
3898739,615,30
3899048,62,8
3899198,5040,54
3899295,1169,95
3899706,194,8
3900171,74,8
3900347,109,8
3900504,14,92
3900543,92,8
3900710,16,8
3900780,31,96
3900793,102,8
3900807,1581,95
3900970,85,8
3901011,3268,28
3901143,1113,8
3901308,1520,30
3901331,1127,96
3902094,219,33
3902300,3968,22
3902409,987,51
3902457,302,8
3902823,19,92
3902871,358,8
3902982,1112,96
3903163,198,108
3903374,96,8
3903452,15,92
3903635,333,8
3904124,1092,108
3904136,291,8
3904178,705,30
3904414,12896,28
3904431,29927,28
3904439,12633,58
3904455,78,66
3904531,92,8
3904827,89,8
3905109,92,8
3905120,23,8
3905290,125,8
3905316,353,30
3905321,119,66
3905461,162,96
3905496,15,8
3905680,328,8
3905849,534,46
3905874,42,8
3905921,962,30
3905991,55,8
3905999,2232,54
3906145,43,8
3906229,9870,22
3906264,36,8
3906394,29,8
3906429,117,8
3906479,6438,47
3906611,57,8
3906667,124,44
3906680,993,33
3906774,65,8
3906867,170,8
3906872,81,1
3907147,98,8
3907158,54,1
3907245,13589,51
3907355,234,62
3907367,95,8
3907373,143,96
3907427,1129,30
3907588,106,8
3907611,9581,62
3907708,826,33
3907730,632,32
3907783,64,66
3907846,417,40
3907864,204,66
3908062,55,1
3908141,158,96
3908267,759,54
3908276,11449,23
3908341,20,92
3908473,145,8
3908489,10468,32
3908518,57,1
3908605,615,30
3908728,214,33
3908744,241,8
3908854,2193,118
3909038,708,54
3909146,51,8
3909206,105,44
3909230,57,92
3909242,354,30
3909250,60,1
3909291,6505,33
3909297,138,8
3909408,48,1
3909680,175,8
3909759,507,54
3909805,60,1
3909847,19,9
3909861,182,96
3909877,72,9
3909925,112,8
3909953,4329,100
3910117,17,92
3910141,411,8
3910244,1518,80
3910292,367,54
3910347,170,96
3910437,21,92
3910812,329,54
3911148,13,115
3911193,717,54
3911336,8899,22
3911341,90,8
3911401,32,115
3911555,49,115
3911610,76,8
3911800,58,8
3911916,2012,54
3911933,10,115
3912006,4083,67
3912124,10,115
3912250,11,115
3912481,15,115
3912647,10,115
3912672,54,8
3912864,389,30
3912884,59,8
3913072,77,8
3913359,1428,39
3913389,74,8
3913429,1037,30
3913713,65,8
3913937,47,54
3913988,58,92
3914051,739,8
3914092,83,1
3914430,48,1
3914813,186,9
3914824,554,54
3914994,85,8
3915040,63,1
3915163,3930,108
3915326,242,44
3915510,65,1
3915805,274,1
3915898,679,30
3916101,9398,22
3916164,677,120
3916204,55,8
3916324,152,1
3916380,54,8
3916500,438,8
3916542,182,44
3916658,475,120
3916771,3457,19
3917066,116,44
3917088,19,92
3917198,17122,58
3917213,151,10
3917258,224,44
3917292,1421,54
3917303,7868,62
3917366,17,8
3917396,35,8
3917402,16955,28
3917480,1159,120
3917512,99,1
3917525,54,1
3917598,13,92
3917619,2555,10
3917682,54,8
3918092,63,8
3918243,3631,8
3918250,811,8
3918258,31,30
3918340,132,1
3918520,352,30
3918798,67,1
3919154,17,100
3919187,9,100
3919245,9,115
3919501,172,6
3919612,4777,32
3919658,2476,100
3919699,62,8
3919749,19,92
3920233,13973,22
3920336,702,30
3920412,21,92
3920504,42,1
3920845,13466,51
3920921,1183,44
3920989,97,66
3921425,91,8
3921572,316,8
3921605,105,66
3921702,55,1
3921936,62,8
3922061,345,8
3922222,587,1
3922477,2219,44
3922700,11689,108
3922999,774,8
3923020,147,66
3923124,1661,39
3923277,119,5
3923337,89,66
3923444,541,30
3923871,18,8
3923899,63,8
3924296,67,39
3924592,766,39
3924693,9,115
3924759,383,30
3924855,9534,44
3925221,209,8
3925241,9175,39
3925510,1565,22
3925549,455,8
3925600,90,115
3925614,8773,30
3925810,1573,70
3925901,352,39
3926417,7933,13
3926479,7935,39
3926916,7492,8
3932471,14349,40
3934791,5,67
3935523,13226,40
3940563,33,40
3940908,59,40
3941153,20,22
3941236,370,40
3941665,434,40
3942009,91,39
3944637,189,80
3945351,183,80
3945832,185,80
3946383,286,80
3947595,5925,61
3948290,35320,28
3948295,30947,28
3948928,101,40
3949334,1660,44
3950276,192,39
3950502,185,39
3950760,6902,13
3951074,1636,44
3952828,1255,39
3952991,1146,44
3954461,1792,39
3954676,3500,61
3958106,3444,61
3958810,3386,51
3961492,3372,61
3964774,3628,61
3968353,3279,61
3971566,3438,61
3974943,3332,61
3978219,3292,61
3981410,3391,51
3981446,3274,61
3984651,2448,61
3987034,2310,61
3987323,4792,51
3989250,14535,22
3989293,2311,61
3989348,6514,22
3991534,2356,61
3992119,9254,51
3993520,27,100
3993594,18026,58
3993835,2395,61
3995801,7496,22
3996179,2335,61
3998442,2330,61
4000714,2337,61
4001378,7205,51
4002576,106,40
4002709,629,40
4002992,2325,61
4003352,5898,22
4003363,361,40
4003387,5997,40
4005029,83,113
4005250,16,113
4005265,2348,61
4006200,264,113
4007547,2328,61
4009236,4073,22
4009263,251,80
4009813,2459,61
4010255,229,80
4011463,223,80
4012256,3431,61
4012273,915,80
4012552,11041,13
4013252,3598,22
4013916,7412,80
4014740,382,46
4015489,7521,51
4015619,4131,61
4016256,148,74
4016788,6227,22
4017424,438,74
4018474,389,74
4019366,407,74
4019703,3519,61
4020212,668,74
4020931,18,113
4021237,527,74
4022161,18,113
4022984,5765,22
4023023,6946,51
4023067,238,113
4023188,2389,61
4023593,10563,13
4023697,103,74
4023927,367,113
4024317,274,74
4024982,317,74
4025300,450,113
4025555,2457,61
4025800,315,74
4026221,216,74
4026624,328,74
4026808,309,113
4027949,2587,61
4028297,247,113
4029471,10373,70
4029724,864,40
4029803,225,113
4030489,2510,61
4030715,134,104
4032319,16999,5
4032938,2415,61
4034159,14040,13
4034473,101,43
4034585,29,43
4034705,3960,43
4035290,2625,61
4037490,14447,22
4037852,2444,61
4039845,7568,70
4040232,2288,61
4042510,2356,61
4044796,2328,61
4047059,2362,61
4047413,5009,70
4048202,14250,13
4049364,2575,61
4051915,2351,61
4051940,14204,22
4053217,7530,70
4054203,2323,61
4056458,2435,61
4058833,2334,61
4061094,2458,61
4063493,2678,61
4066111,2413,61
4067463,14843,13
4068458,2340,61
4070107,5688,22
4070736,2631,61
4071361,6871,51
4071964,7717,70
4073303,2340,61
4075617,2426,61
4075645,206,113
4075733,5582,22
4076022,337,100
4077648,12,100
4077667,9,100
4077749,211,100
4077765,49,100
4078006,2496,61
4078051,144,113
4078397,205,113
4078655,9200,51
4078815,226,100
4079682,9296,70
4079768,207,100
4080291,10721,58
4080365,58,100
4080473,1245,100
4080479,2407,61
4080505,1211,100
4081253,8119,22
4082097,1590,100
4082311,14098,13
4082831,2371,61
4082986,11773,5
4085202,2533,61
4087179,91,113
4087727,2372,61
4087863,10603,51
4088084,36,84
4088982,19537,70
4089376,8680,22
4089529,65,113
4089811,21,84
4090044,23,84
4090076,3485,61
4090159,9705,79
4090493,509,113
4090955,1415,54
4091614,14,113
4091704,874,113
4091859,2071,54
4093495,2522,61
4094362,11480,58
4094452,842,113
4094508,39,40
4095038,35,40
4095426,44,100
4095689,39,40
4095951,2655,61
4096346,35,40
4096410,17729,13
4096424,31,40
4096686,32,40
4096746,208,80
4097387,272,80
4097777,5997,80
4098051,2512,22
4098477,11309,51
4098540,4062,61
4100450,9400,79
4100997,22660,5
4102532,2985,61
4103518,151,113
4103808,303,74
4104150,354,113
4105402,285,80
4105461,3852,61
4105833,7524,80
4106213,52,74
4106460,90,54
4109246,4113,61
4109858,8815,22
4111191,79,74
4111913,10916,51
4112025,99,74
4112823,103,74
4113254,46,74
4113353,2321,61
4113358,99,74
4113592,40,74
4113875,9891,79
4114295,114,74
4115604,2519,61
4115955,7566,70
4118059,2542,61
4120537,2527,61
4123002,2558,61
4124063,14162,22
4125495,2548,61
4127977,2614,61
4130533,2602,61
4133024,2366,61
4133480,3993,107
4133912,71,107
4135340,2475,61
4137749,3144,61
4137860,15114,70
4138267,14467,22
4138766,1690,107
4140829,2317,61
4143082,2450,61
4145470,2320,61
4147726,2334,61
4149995,2420,61
4152351,2327,61
4152974,13832,70
4154613,2447,61
4156013,256,107
4156601,4960,5
4156936,2246,107
4157020,3757,61
4158997,549,5
4159165,261,66
4159298,82,107
4159581,6642,32
4159596,6737,22
4160241,70,66
4160353,1449,32
4160708,2545,61
4160845,115,66
4161207,281,54
4161451,99,66
4161685,87,66
4161719,7002,51
4161765,202,5
4161891,46,8
4161985,649,5
4162237,1798,54
4162385,42,8
4162402,383,30
4163059,42,8
4163245,2294,61
4163260,32,8
4163555,374,30
4163751,212,66
4163901,68,8
4164068,62,66
4164488,62,8
4164530,54,66
4164566,632,8
4164739,48,66
4164916,750,30
4165358,56,8
4165500,311,66
4165518,3337,61
4165732,893,39
4165964,476,30
4165977,1804,54
4166051,70,8
4166236,2629,13
4166325,5781,22
4166459,6859,108
4166501,887,66
4166632,930,30
4166668,42,8
4166676,350,80
4166738,445,120
4166917,1972,120
4166965,59,8
4167249,41,8
4167434,52,8
4167703,60,8
4167716,22,92
4167951,1752,54
4168107,2677,8
4168115,60,8
4168627,43,8
4168658,3760,70
4168725,3260,51
4168796,7418,70
4168832,2333,61
4168909,738,120
4168955,49,8
4169130,55,8
4169546,2384,13
4169575,42,8
4169760,676,8
4170048,6270,54
4170057,187,51
4170378,83,16
4170454,360,30
4170477,37,8
4170659,36,8
4171132,3911,61
4171229,195,100
4171264,60,8
4171319,387,80
4171470,181,30
4171520,486,9
4171667,30,8
4171725,780,30
4171745,6298,80
4171887,12,39
4171913,518,39
4172079,6157,22
4172221,59,16
4172255,44,8
4172510,31,8
4172802,5597,9
4173020,38,8
4173207,30,8
4173240,77,16
4173270,1002,30
4173358,125,16
4173386,32,8
4173592,31,8
4173677,30,8
4173805,33,8
4173943,2105,8
4174417,21259,41
4174717,694,120
4174929,2766,51
4175031,8538,61
4175070,8501,54
4175131,8477,32
4175268,859,32
4175355,455,30
4175438,118,66
4175666,485,5
4175806,248,66
4176192,66,8
4176281,18,5
4176517,46,8
4176548,476,39
4176842,80,8
4177002,581,8
4177715,5910,8
4178126,44,8
4179319,13744,5
4180521,43,16
4181353,3846,80
4183471,4883,51
4183716,1227,32
4183805,40,8
4184079,43,8
4184195,641,30
4184822,91,8
4185122,3930,8
4185226,274,8
4185478,11963,13
4185562,4117,9
4185618,1479,70
4185669,553,8
4185779,656,30
4186304,38,8
4186503,38,8
4187602,1311,117
4187780,376,30
4188109,48,8
4188300,26,8
4188316,179,9
4188408,636,30
4188488,18,121
4188513,50,8
4188602,24,51
4188629,16,51
4188649,14,51
4188690,3828,114
4188733,17,51
4188877,71,51
4188964,37,51
4189351,935,54
4189456,141,107
4189755,4641,117
4189788,5710,51
4190299,5826,54
4190820,4874,9
4194203,1160,46
4195502,6993,51
4197438,15446,13
4197741,128,74
4197960,46,74
4198910,5801,22
4199523,22998,5
4201051,544,67
4201743,3923,67
4203394,6610,70
4204663,252,74
4205076,159,74
4205493,2469,61
4207895,2623,61
4210099,14224,22
4210459,2311,61
4212704,2319,61
4212889,17742,13
4214353,360,80
4214962,2467,61
4217152,1456,107
4217365,3810,61
4218678,294,107
4219206,561,107
4219983,343,107
4220352,290,107
4221000,681,107
4221094,2634,61
4223641,2339,61
4225936,2426,61
4228300,2320,61
4230552,2341,61
4232828,2489,61
4235235,2341,61
4237271,7345,13
4237526,2328,61
4239782,2335,61
4241158,15,92
4241498,12,92
4241516,50,70
4242058,2339,61
4242180,15,92
4242452,600,30
4243006,767,120
4243036,7847,22
4243437,44,8
4243570,610,120
4243692,44,8
4243959,42,8
4244256,9548,51
4244286,40,8
4244292,471,120
4244349,552,30
4244379,2470,61
4244559,7669,9
4244618,9411,13
4244635,43,8
4244850,37,8
4244943,172,44
4245416,1359,44
4245446,44,8
4245627,14,92
4245692,37,8
4245888,38,8
4246203,40,8
4246414,38,8
4246613,14,92
4246754,37,8
4246829,3632,61
4246984,15,92
4247003,38,8
4247161,930,120
4247175,15,92
4247960,1504,13
4248003,41,8
4248079,559,26
4248111,84,5
4248157,131,5
4248351,91,5
4248390,519,120
4248460,1085,5
4248492,39,8
4248767,45,8
4248848,36,8
4248891,27,8
4248944,17,92
4249074,22,8
4249113,22,8
4249155,22,8
4249192,34,8
4249284,21,8
4249380,24,8
4249467,7406,26
4249879,38,8
4250422,2491,61
4250654,56,16
4250838,751,5
4250862,6091,22
4250977,46,40
4251168,34,40
4252299,120,16
4252393,42,96
4252452,25,92
4252477,149,30
4252559,107,96
4252747,135,30
4252901,3033,61
4253320,481,17
4253449,32,92
4254026,6626,13
4254064,382,17
4254083,10406,51
4254188,21,92
4254311,43,16
4254458,542,17
4254916,17,92
4255231,161,40
4255653,1802,70
4255673,52,40
4255733,45,16
4255888,3797,61
4256028,330,5
4256373,773,5
4256434,37,8
4256499,7990,9
4256572,24,40
4256629,49,74
4256889,7595,22
4256964,30,8
4257175,27,8
4257189,7189,5
4257445,31,8
4257844,35,8
4257934,483,74
4258037,36,8
4258319,31,8
4258770,31,8
4259140,71,74
4259187,32,8
4259314,725,30
4259608,30,8
4259680,4801,61
4259715,4767,17
4259788,248,22
4259838,51,8
4260078,31,8
4260246,71,74
4260304,31,22
4260351,27,8
4260461,136,30
4260493,10,74
4260656,45,22
4261872,19717,13
4265285,83,74
4265850,7804,22
4266122,5969,70
4266615,8965,17
4266657,389,54
4266666,1760,40
4266681,9737,110
4267086,25,54
4267534,25,54
4267716,16,54
4267761,68,54
4268012,12734,51
4268132,59,39
4268280,971,54
4268297,106,8
4268540,8627,9
4268647,60,39
4268673,35,8
4268861,28,8
4269040,30,8
4269065,1469,80
4269277,31,8
4269308,34,54
4269488,604,30
4269709,31,8
4269854,25,108
4269875,383,8
4270302,34,54
4270326,33,22
4270488,545,30
4270714,20,8
4270742,24,8
4270768,399,22
4270844,40,8
4271051,813,5
4271433,109,44
4271504,34,8
4271663,97,44
4272108,18335,70
4272167,622,80
4272220,75,44
4272374,2583,40
4272465,60,5
4273012,672,80
4273064,489,30
4273630,7993,22
4273692,485,30
4274037,3569,80
4276848,28,121
4277574,253,74
4277892,4385,9
4279084,220,80
4279330,3821,80
4279466,95,74
4279829,344,74
4280373,44,51
4281586,4661,22
4282441,123,74
4282733,238,74
4283007,11,5
4283520,1314,122
4283853,492,22
4284108,15130,13
4284930,483,22
4285789,657,22
4287849,178,74
4288167,7725,62
4289103,2362,61
4291395,2281,61
4293495,4035,39
4293672,2487,61
4293678,3916,70
4296084,2399,61
4296447,14108,22
4297593,5828,70
4297700,147,74
4298461,2517,61
4298495,279,74
4298725,40,39
4299121,33,39
4299684,194,39
4299873,129,74
4300201,385,39
4300668,389,39
4300955,2588,61
4301036,29,39
4301323,95,74
4301726,205,74
4302567,118,74
4303420,8838,70
4303479,2351,61
4305756,2386,61
4308080,2564,61
4310573,2579,61
4312261,18992,70
4313098,2484,61
4315513,2358,61
4317807,2287,61
4320067,2598,61
4320344,14150,22
4320362,61,84
4322602,2562,61
4324782,6847,51
4325107,2315,61
4327335,942,30
4327358,2346,61
4327477,62,5
4328260,5930,22
4328734,399,30
4329403,3248,100
4329665,2413,61
4329862,51,8
4330086,29,8
4330119,454,30
4330345,55,8
4330564,34,8
4330991,54,8
4331256,8951,70
4331306,31,8
4331363,35,54
4331641,7018,51
4331748,33,8
4332022,29,54
4332066,2763,61
4332147,780,5
4332210,22,84
4332470,29,54
4332988,4107,5
4333251,31,54
4333645,33,8
4333677,573,54
4333793,29,8
4333959,54,8
4334090,49,8
4334173,5736,22
4334372,892,54
4334597,67,8
4334725,17,8
4334809,3030,61
4334830,513,8
4335310,567,54
4335393,62,8
4335525,166,8
4335741,625,100
4336144,72,8
4336219,845,8
4336499,894,22
4336917,53,16
4336969,12106,5
4337184,46,8
4337436,404,8
4337586,99,22
4337820,2710,61
4338148,58,8
4338180,1303,10
4338669,568,54
4338691,7997,51
4338968,59,8
4339576,1636,8
4339639,29,8
4339880,6638,22
4340038,57,8
4340218,8515,70
4340253,5472,22
4340353,59,8
4340502,3297,61
4340711,28,8
4340889,600,8
4340973,574,54
4341254,90,8
4341347,1674,46
4341600,52,8
4341729,567,54
4342258,68,8
4342556,52,8
4342637,563,54
4342844,7007,58
4342963,55,8
4342983,24,17
4343065,110,17
4343205,163,17
4343310,52,8
4343325,474,80
4343707,56,8
4343720,532,10
4343732,34,54
4343776,4140,61
4343816,7128,80
4343820,23,54
4343902,23,54
4344294,53,54
4344417,1238,8
4345804,229,8
4346076,820,8
4346281,87,1
4346504,4861,22
4346692,622,22
4346761,1935,5
4346906,49,8
4347162,24,8
4347346,379,44
4347367,54,8
4347660,32,8
4347890,4083,61
4348093,66,1
4348107,51,8
4348389,39,44
4348401,45,1
4348438,42,44
4348739,11137,70
4348771,53,8
4348792,46,54
4348832,50,1
4349096,50,44
4349165,44,54
4349283,49,8
4349418,10608,62
4349433,54,8
4349604,49,8
4349841,52,8
4349933,414,30
4350023,69,8
4350125,40,1
4350220,48,8
4350356,47,54
4350393,49,8
4350562,50,8
4350685,50,8
4350767,42,54
4350854,45,8
4351045,49,8
4351194,13726,5
4351201,49,8
4351337,62,8
4351362,8599,22
4351512,205,8
4351687,216,30
4351791,47,8
4351900,85,1
4351952,2734,61
4352007,289,30
4352167,14,8
4352270,50,8
4352286,37,1
4352422,330,30
4352703,98,8
4352760,43,1
4352832,381,123
4352843,47,8
4352851,34,30
4352931,1324,20
4352970,653,30
4353010,51,8
4353186,49,8
4353319,6644,80
4353493,56,8
4354259,64,8
4354309,57,1
4354336,5457,20
4354629,5438,22
4354650,5313,61
4354717,110,8
4354953,5068,73
4355593,5067,80
4355822,21,54
4356110,3983,58
4359805,3406,51
4360264,1694,13
4360354,2874,62
4360726,3969,117
4361386,1773,70
4362583,5247,70
4362846,17594,13
4363168,16655,70
4363570,3430,51
4364838,5721,117
4367026,3452,51
4368194,454,124
4368758,1023,124
4373026,18307,26
4375038,19500,5
4375198,177,39
4375514,114,39
4375673,74,39
4375886,61,39
4376080,75,39
4376320,148,39
4376705,124,39
4377066,104,39
4377325,69,39
4377489,60,39
4377648,48,39
4377714,54,39
4377939,627,39
4378679,110,39
4379080,138,39
4380008,150,39
4380242,624,74
4380277,141,39
4380613,78,39
4380682,187,80
4380742,59,39
4380763,11055,13
4381097,185,80
4381156,14199,22
4381759,188,80
4382397,3506,80
4390536,15028,70
4391818,17854,13
4395303,14176,22
4409474,14182,22
4412514,11384,5
4413492,3401,51
4421140,3385,51
4421982,41,40
4422145,29,40
4422268,15373,26
4424538,3389,51
4425078,8068,70
4427942,3382,51
4427987,10175,13
4431341,3456,51
4434687,4217,58
4435046,72,9
4435216,447,9
4437996,6726,51
4438930,7943,58
4439979,22522,5
4440314,3665,80
4444733,4450,51
4447211,129,74
4447656,166,74
4448609,158,74
4449193,5103,51
4450948,4621,22
4453558,17261,13
4454302,6987,51
4455508,5782,22
4458693,371,26
4460744,11831,26
4464886,1893,70
4469685,14231,22
4470007,106,117
4470821,12478,13
4472026,176,117
4472476,28,12
4472721,7831,70
4472898,436,12
4473440,109,117
4474041,457,117
4474543,3015,12
4477425,145,12
4477663,21,12
4478306,255,12
4483597,7715,70
4483927,14235,22
4485188,7021,13
4491314,7773,70
4499091,7723,70
4502155,3747,22
4502784,68,1
4504127,50,1
4504943,47,1
4505841,5402,22
4506211,58,1
4506335,7177,51
4506823,18329,70
4507217,84,1
4507764,5994,13
4508789,84,1
4510252,58,8
4511187,5974,22
4511691,95,117
4511813,128,17
4512147,87,1
4512554,83,117
4513068,87,1
4513524,7257,51
4513567,216,17
4513675,86,1
4514165,1791,117
4514429,93,1
4515368,86,1
4515973,5316,80
4516058,84,1
4516126,3722,117
4516820,82,1
4517099,5828,22
4517357,101,46
4519933,1179,117
4520802,6967,51
4521931,67,46
4522284,291,117
4522376,85,46
4522799,58,46
4522864,5771,22
4523095,38,46
4523175,55,46
4523347,8,117
4523720,11,117
4523835,32,117
4523923,246,117
4524188,6,117
4524213,30,117
4524299,62,46
4524497,11332,5
4524884,69,46
4525156,4998,70
4526096,3748,80
4526314,23680,26
4527685,68,46
4527780,7033,51
4528317,83,46
4528570,5757,22
4529754,304,46
4530155,5147,70
4534257,5753,22
4534806,205,46
4534820,6056,51
4535304,4848,70
4535381,5264,80
4535765,301,17
4536950,1105,17
4537143,13603,5
4538093,5516,17
4539986,5762,22
4540155,16047,70
4540515,18,113
4540690,39,100
4540777,64,100
4542106,22,113
4542566,19,113
4543230,19,113
4548375,3694,80
4548748,6859,51
4549519,16013,5
4554714,537,46
4555054,14227,22
4566788,13148,70
4569275,14208,22
4579946,7192,70
4588485,5733,22
4589018,11326,5
4589666,6837,51
4590532,4262,17
4591303,16,113
4592697,19,113
4593485,18,113
4594116,18,113
4594163,5824,22
4594474,17,113
4595559,13,113
4595879,2292,13
4596508,7456,51
4597341,14,113
4597493,13,113
4599301,19,113
4599633,16,113
4599924,6931,22
4601430,20,113
4602070,21,113
4602078,12399,58
4603969,9366,51
4605134,1138,17
4605515,26,17
4605566,72,70
4605593,3681,17
4605809,31,70
4605852,7031,70
4606198,557,82
4606795,8111,22
4608192,132,82
4608554,29,82
4609812,2954,82
4612884,7722,70
4613342,10438,51
4613627,2221,82
4614495,10473,58
4614907,8402,22
4617888,253,46
4618197,720,17
4618940,88,17
4619102,4742,17
4619415,196,80
4620619,7006,70
4622299,1708,82
4622681,22542,5
4623309,3795,22
4623863,4070,17
4624694,20,113
4625299,255,80
4625794,19,113
4626469,193,80
4626514,6870,51
4627106,5773,22
4627628,7033,70
4627930,185,80
4628122,18,113
4628357,185,80
4628983,290,80
4629364,3695,80
4629534,31,1
4629863,1460,1
4630238,19,113
4630776,52,100
4631729,23612,26
4631838,18,113
4631888,1476,1
4633702,19,113
4634665,7613,70
4641315,14151,22
4646368,156,17
4646716,4029,17
4655466,14225,22
4662956,7012,70
4669972,7017,70
4670536,1485,1
4674963,5836,22
4675027,94,17
4675137,4048,17
4676120,6918,51
4676993,7002,70
4678920,11389,5
4679743,31,100
4679779,24,100
4680398,206,100
4680736,5907,22
4681080,219,100
4682362,23,100
4683002,899,100
4683044,8657,51
4683998,7602,70
4684529,4043,17
4685686,580,100
4685902,11319,58
4686582,8307,22
4687923,25,100
4688008,82,100
4691611,7636,70
4691709,10299,51
4694891,8429,22
4696588,11516,5
4697238,11190,58
4699252,7674,70
4699512,83,1
4699913,78,1
4700346,139,1
4701651,23,125
4702024,10743,51
4702096,1862,125
4703321,9191,22
4703781,1137,117
4704670,1000,117
4705094,6991,117
4705664,7718,80
4706803,776,125
4706928,7625,70
4708040,3589,125
4708447,3968,58
4710132,337,17
4710259,14515,5
4710497,233,17
4711362,1808,17
4711639,1141,125
4711679,4643,61
4712558,6881,22
4712576,6074,117
4713846,88,1
4714222,88,1
4714849,90,1
4715471,106,1
4715690,8325,125
4716257,3610,61
4718273,187,1
4718916,118,1
4719853,14,61
4721708,66,1
4722438,95,1
4722940,912,1
4724089,1749,125
4724337,6906,51
4724745,7068,70
4725844,2570,125
4726946,17800,22
4727908,1547,17
4728444,2234,125
4729599,104,17
4729747,102,17
4730739,1776,125
4731844,7262,70
4732127,21,74
4732313,11,74
4732526,1530,125
4733069,23,74
4733214,14,74
4733342,12,74
4734098,3288,125
4737396,3676,125
4763039,29,51
4763395,69,8
4764903,17,51
4764925,17,51
4764946,17,51
4765059,6516,51
4765210,377,30
4765221,59,8
4765536,57,8
4765772,7054,70
4765794,8,36
4765811,56,8
4765847,6,36
4765890,226,36
4766233,7199,22
4766433,14145,22
4766584,4670,70
4766659,253,36
4766708,52,8
4766934,487,30
4766953,56,8
4766970,4682,73
4767235,50,8
4767375,285,46
4767494,545,51
4767596,64,8
4767871,65,8
4768150,11807,26
4768177,495,30
4768226,1456,51
4768674,60,8
4768693,2649,125
4768963,49,8
4769078,991,22
4769118,4764,36
4769141,1342,36
4769343,421,30
4769402,96,8
4769672,96,8
4769688,10941,58
4769866,887,8
4769935,511,30
4769949,352,46
4770763,56,8
4770983,49,8
4771124,49,8
4771270,345,30
4771352,4327,125
4771385,54,8
4771552,50,8
4771580,10003,51
4771701,5745,117
4771794,53,8
4772019,50,8
4772281,49,8
4772470,49,8
4772511,375,30
4772587,8,8
4772815,52,8
4772824,7024,70
4772959,49,8
4773146,49,8
4773355,74,8
4773381,8513,22
4773438,50,8
4773451,39,22
4773664,53,8
4773792,57,8
4774009,56,8
4774199,629,8
4774909,18,8
4774934,52,8
4775077,51,8
4775206,51,8
4775551,53,8
4775663,49,8
4775679,8920,17
4775836,50,8
4776259,59,8
4776387,474,10
4776638,35,8
4776739,3049,125
4776755,51,8
4777046,56,8
4777280,52,8
4777293,31,5
4777301,236,30
4777342,692,5
4778101,1889,5
4778139,56,8
4778215,45,30
4778291,52,8
4778306,403,80
4778441,107,30
4778534,54,8
4778710,50,8
4778841,49,8
4779025,49,8
4779166,49,8
4779176,2973,80
4779366,49,8
4779571,47,8
4779853,7020,70
4780115,55,8
4780294,83,30
4780358,1445,10
4780377,7172,26
4780386,291,30
4780482,69,8
4780496,534,26
4780645,11129,58
4780651,4607,26
4781011,283,30
4781129,100,8
4781566,58,8
4781597,10269,51
4781668,50,8
4781694,4135,125
4781739,12,30
4781786,234,30
4781921,8360,22
4782038,55,8
4782325,235,8
4782411,104,30
4782640,670,5
4782683,97,30
4783176,113,8
4783298,53,8
4783406,43,30
4783477,23,30
4783536,102,35
4783751,51,8
4783882,3883,30
4784247,3653,8
4784351,100,8
4784632,54,8
4784732,4346,26
4784834,55,8
4785205,57,40
4785330,92,40
4785443,51,8
4785629,51,8
4785816,49,8
4785925,43,8
4786031,8488,80
4786210,55,8
4786302,26,8
4786736,2833,39
4786755,93,8
4786875,13573,70
4786884,7030,125
4787019,209,40
4787119,80,8
4787272,416,40
4787604,83,74
4787998,31,74
4788298,67,40
4788675,7928,17
4788690,1038,30
4788929,80,40
4789020,41,8
4789080,78,8
4789464,193,100
4789609,89,74
4789622,845,39
4789701,55,8
4789709,885,24
4789972,47,8
4789994,467,93
4790076,45,8
4790190,69,74
4790284,47,8
4790399,6806,22
4790444,93,8
4790552,46,117
4790606,205,93
4790632,105,8
4790920,689,39
4791069,148,40
4791092,129,8
4791241,30,40
4791350,312,10
4791410,116,8
4791461,1830,93
4791709,23071,26
4791718,81,8
4791885,7500,51
4791924,1953,58
4792077,1614,10
4792177,99,8
4792353,109,8
4792423,856,39
4792885,121,8
4793018,249,8
4793339,22799,5
4793735,99,8
4794170,285,39
4794758,14,8
4794781,49,8
4794858,44,81
4794985,49,81
4795349,112,117
4795549,572,39
4796704,2911,117
4796894,3677,8
4796904,59,8
4797186,4118,22
4799392,25237,51
4801245,25229,22
4805105,70,74
4805783,350,80
4806217,70,74
4806299,96,81
4806513,61,81
4806713,253,80
4806928,48,81
4807032,36,81
4807800,46,74
4808101,24,81
4808111,3777,80
4808152,20,81
4808186,25,81
4808194,3216,39
4808238,189,81
4808246,50,74
4808459,52,81
4808524,95,81
4808857,622,81
4809141,54,74
4809655,66,81
4809760,48,81
4809923,95,81
4810090,160,81
4810621,47,74
4811891,79,125
4813347,2541,125
4815392,14137,22
4815647,286,80
4818714,5633,17
4820191,261,80
4820898,251,80
4821755,5021,80
4829528,14164,22
4841890,31,36
4842197,1288,1
4848948,1454,1
4849885,58,8
4851990,24,117
4852956,16905,33
4856957,2488,58
4860489,243,7
4863223,81,74
4865712,4729,26
4866544,16889,125
4867482,16750,51
4867851,1053,30
4868250,45,8
4868417,15814,22
4868456,101,31
4868456,101,31
4868607,58,40
4868662,269,10
4868674,43,8
4868709,15583,17
4868786,127,40
4868832,82,66
4868857,85,8
4868903,54,74
4868933,100,31
4868933,100,31
4868974,59,66
4869032,101,31
4869032,119,31
4869083,15270,31
4869150,108,31
4869150,125,31
4869191,15099,40
4869226,44,8
4869274,122,31
4869274,122,31
4869372,69,10
4869395,143,31
4869396,160,31
4869417,14876,117
4869485,14742,58
4869532,91,8
4869556,14737,31
4869556,14797,31
4869611,14677,30
4869618,14731,10
4869783,14504,8
4869793,14492,10
4870069,47,74
4870512,5382,5
4871888,1840,26
4871905,1232,22
4877798,217,80
4880725,703,39
4884531,2545,125
4886431,651,40
4886526,34,54
4886597,60,74
4886633,25,54
4887322,60,40
4887427,29,40
4887470,220,40
4887508,21,54
4887726,7625,125
4888879,3434,51
4889078,1347,1
4890421,32,74
4890615,63,74
4891134,43,74
4891805,2198,39
4892116,8514,40
4892335,725,1
4893184,1866,1
4893415,294,80
4893554,106,74
4893719,15,74
4893998,13,74
4894364,71,74
4894543,63,74
4894695,182,80
4894717,108,74
4894943,106,74
4895097,45,74
4895243,108,74
4895471,43,39
4895477,94,74
4895662,1346,1
4895717,200,80
4895858,22707,5
4895895,25,74
4896414,150,74
4896460,17,125
4896684,6712,125
4897051,322,17
4897137,8589,17
4897552,6766,39
4899203,1967,1
4899310,14147,22
4900464,721,80
4901407,1880,1
4906284,390,107
4906839,632,107
4907206,21261,26
4907886,3753,39
4913458,14204,22
4924255,5658,117
4924313,5642,117
4927665,14189,22
4932375,2596,5
4932503,4600,58
4932572,1148,30
4932773,11,126
4933048,105,126
4934019,505,30
4934221,86,8
4934305,2530,61
4934430,97,8
4934568,231,8
4934710,247,10
4934826,723,30
4935010,4822,5
4935128,52,8
4935187,86,8
4935289,109,8
4935345,7090,33
4935388,2517,33
4935434,6605,22
4935544,93,8
4935667,780,30
4935678,6756,8
4935687,469,8
4935779,704,120
4935809,933,17
4936173,112,8
4936303,170,40
4936312,347,8
4936477,359,43
4936532,36,43
4936590,708,30
4936738,1448,95
4936758,1711,22
4936763,73,8
4936774,1167,40
4936783,4242,61
4937043,5601,125
4937115,6291,17
4937121,75,58
4937188,46,8
4937315,286,30
4937433,113,8
4937587,6065,58
4937830,66,8
4937843,434,30
4938014,42,8
4938034,936,51
4938248,46,8
4938304,1582,30
4938560,288,39
4938646,87,8
4938961,45,8
4939070,52,66
4939188,49,66
4939264,43,8
4939474,43,8
4939984,43,8
4940252,43,8
4940539,43,8
4940912,43,8
4941003,2378,61
4941211,130,66
4941354,69,8
4941417,222,30
4941781,775,30
4941979,899,95
4942020,1345,22
4942465,48,8
4942694,27,92
4942741,591,51
4943239,104,8
4943539,16,92
4943563,462,30
4943726,8223,22
4944033,15,92
4944715,11149,58
4946051,430,7
4946298,9972,51
4947660,2604,61
4948694,11379,5
4949937,6466,24
4952089,7895,33
4953040,28,51
4953066,25,8
4953116,135,74
4953125,125,8
4953138,113,93
4953361,54,30
4953508,46,8
4953539,31,105
4953634,496,30
4953686,80,8
4953803,30,105
4953852,24,105
4954028,82,8
4954077,105,93
4954095,53,74
4954152,30,105
4954204,1028,22
4954210,75,93
4954312,87,8
4954379,43,8
4954608,24,105
4954893,30,105
4955241,5462,125
4955458,48,8
4955575,895,120
4955591,4170,61
4955744,20,105
4956081,30,92
4956180,46,8
4956350,632,17
4956389,44,8
4956417,5241,7
4956545,20,92
4956552,48,8
4956602,40,74
4956687,40,8
4956817,276,93
4956861,48,8
4957056,3744,8
4957228,295,93
4957368,16,92
4957481,34,92
4957556,57,66
4957807,69,10
4957916,22,92
4957923,107,10
4958079,49,8
4958210,1288,118
4958241,46,92
4958312,73,8
4958349,54,92
4958376,144,93
4958516,68,8
4958716,74,8
4958810,17,92
4958897,68,8
4959160,266,1
4959272,67,8
4959366,79,93
4959595,46,74
4959694,4126,61
4959864,44,8
4959937,6840,17
4960162,1082,118
4960225,3814,24
4960265,75,8
4960533,519,30
4960648,250,1
4960681,309,8
4960822,71,8
4960835,24,92
4961090,235,30
4961163,8849,22
4961252,20,92
4961611,983,5
4961693,20,92
4961768,5618,118
4961847,33,92
4962302,39,74
4962375,75,70
4962476,7018,125
4962527,77,8
4962700,268,8
4962843,3367,5
4962856,32,74
4962881,86,92
4962970,7445,33
4963001,223,51
4963230,7,51
4963248,7,51
4963258,6,51
4963328,52,92
4963391,637,67
4963518,90,8
4963615,161,8
4963773,1298,10
4963818,6510,61
4964058,123,66
4964206,196,51
4964229,79,8
4964239,11258,58
4964362,1780,67
4964427,35,92
4964479,10747,51
4964585,54,3
4964715,36,36
4964757,3459,36
4964770,42,1
4965003,13808,7
4965255,37,92
4965448,2134,95
4965478,305,54
4965875,57,92
4966257,207,39
4966393,22687,5
4966398,9266,67
4966408,60,92
4966453,1900,1
4966762,56,54
4967183,810,33
4967571,71,92
4967664,54,54
4968082,2325,33
4968231,39,92
4968418,58,54
4968539,39,92
4968959,38,92
4968995,49,54
4970051,36,54
4970058,6434,22
4970296,4681,61
4970330,976,39
4970741,709,54
4971366,23,74
4971628,187,54
4971954,44,74
4972181,153,54
4972215,12,74
4972803,82,54
4973028,153,54
4973156,18,74
4973402,38,74
4973561,78,74
4973571,200,54
4974042,205,54
4974049,36,74
4974689,71,54
4974979,2920,61
4975009,46,74
4975076,110,54
4975240,6309,51
4975359,38,74
4975461,142,54
4975544,37,74
4975913,42,74
4975939,115,54
4976017,1955,1
4976276,93,54
4976488,5754,22
4976620,60,74
4976626,115,54
4976871,13,74
4977015,140,54
4977404,231,54
4977649,123,54
4977874,3010,61
4978002,43,74
4978188,90,54
4978738,100,54
4978985,4655,17
4979038,40,74
4979381,58,74
4979687,41,74
4979703,117,54
4979885,60,74
4979983,5533,125
4980117,71,54
4980247,41,74
4980563,58,74
4980863,4266,61
4980924,171,54
4980967,58,74
4981544,115,54
4981721,2736,39
4981930,40,74
4982079,150,54
4982241,62,74
4982776,74,54
4982905,46,74
4983083,57,74
4983432,106,54
4983851,55,54
4984499,3950,39
4984843,38,54
4985112,2749,61
4985278,23900,17
4985801,93,54
4986428,30,54
4986541,1463,1
4986922,65,54
4987575,92,54
4987713,73,54
4987817,2463,61
4987865,45,54
4988706,68,54
4989195,1510,1
4989208,65,54
4989329,38,54
4989725,59,54
4990240,46,54
4990279,2455,61
4990595,64,54
4990685,14584,22
4991135,80,54
4991554,19,74
4991714,47,54
4991818,13,74
4992011,24,74
4992063,51,54
4992483,64,74
4992594,44,54
4992693,40,54
4992727,3102,61
4993686,5415,125
4993715,22,74
4995555,106,54
4995739,140,54
4995805,23,74
4995813,4000,61
4996039,15,74
4996225,32,74
4996371,36,74
4996501,15,74
4996593,16,74
4996995,87,54
4997008,21,74
4997173,26,74
4997312,12,74
4997474,16,74
4997589,19,74
4997750,46,74
4997901,25,74
4998046,16,74
4998156,15,74
4998253,16,74
4998487,15,74
4998589,14,74
4998622,38,54
4998682,17,74
4998728,30,54
4998844,20,74
4998930,14,74
4999037,13,74
4999183,15,74
4999300,14,74
4999402,18,74
4999489,26,54
4999553,21,54
4999790,2464,61
5002233,2327,61
5004532,2335,61
5006874,2351,61
5025433,388,36
5033019,3962,58
5034541,13928,117
5038061,121,31
5038061,121,31
5038180,2026,31
5038181,37,31
5038181,37,31
5038181,37,31
5038181,73,31
5038216,37,31
5038216,37,31
5038216,37,31
5038216,398,31
5038216,1006,31
5038217,34,31
5038217,35,31
5038217,561,31
5038250,161,31
5038250,162,31
5038250,363,31
5038250,363,31
5038251,159,31
5038251,160,31
5038251,14450,31
5038309,630,31
5038309,1442,31
5038310,241,31
5038410,595,31
5038410,14290,31
5038551,62,31
5038612,61,31
5038612,61,31
5038612,122,31
5038612,122,31
5038673,60,31
5038733,27,31
5038733,205,31
5038733,206,31
5038760,1240,31
5038778,160,31
5038838,107,31
5038838,166,31
5038939,127,31
5038940,1265,31
5039061,123,31
5039179,1386,31
5039815,52,92
5042391,3705,8
5045105,3757,121
5049794,22908,5
5053166,3227,7
5053193,414,82
5053355,6404,82
5053649,2561,82
5054858,1913,39
5055156,2382,61
5055352,26,54
5055410,23,54
5055777,21,54
5055833,16,54
5056483,64,92
5056507,21,54
5056543,22,43
5056927,35,92
5057314,29,113
5057385,18,54
5057500,2538,61
5057875,19,54
5058180,63,54
5058252,186,74
5058550,6098,22
5058752,20,54
5058776,134,74
5058811,15,54
5059162,7245,51
5059447,2037,39
5059974,2723,61
5060330,203,74
5061265,252,74
5061361,5394,125
5061727,136,74
5062122,182,74
5062576,257,74
5062670,27,54
5062689,4279,61
5062735,18,54
5063061,22,113
5063229,1498,1
5063304,22,54
5063418,15,54
5063693,135,74
5063872,21,54
5063927,17,54
5064064,174,74
5064459,233,74
5064544,22,54
5064550,277,113
5064753,18,54
5064829,2309,82
5065404,52,74
5065818,22,54
5065856,75,74
5066178,21,54
5066213,80,74
5066489,24,54
5066502,62,74
5066741,18,54
5066785,69,74
5066906,2425,61
5067036,63,74
5067061,15,54
5067208,68,82
5067317,18,54
5067323,90,82
5067506,25,82
5067597,56,82
5067988,86,74
5068254,1158,39
5068436,219,74
5068784,166,74
5069092,139,74
5069117,2565,1
5069267,2405,61
5069786,223,39
5070116,657,39
5070437,64,44
5070480,45,54
5070977,33,54
5071029,13,54
5071343,18,54
5071408,20,54
5071575,2741,61
5071731,3990,39
5071805,75,54
5071860,439,39
5071917,36,54
5072456,67,54
5072576,20,54
5072673,17,54
5072734,407,39
5073258,51,54
5073334,39,54
5073666,14244,22
5073739,376,39
5074214,2398,61
5075542,456,39
5075766,797,39
5076533,2399,61
5077096,101,74
5077496,115,74
5078619,229,74
5078877,2555,61
5079707,165,74
5080171,266,74
5080622,302,74
5080707,749,39
5081046,264,74
5081369,2319,61
5081488,312,74
5081885,376,74
5083387,299,74
5083675,2372,61
5083720,1641,39
5083886,486,74
5084536,487,74
5085168,427,74
5085712,466,74
5085982,2584,61
5086235,587,74
5088502,2388,61
5090825,2367,61
5093130,2411,61
5094338,772,22
5095477,2369,61
5097782,2355,61
5100072,2425,61
5102435,2371,61
5102841,6679,7
5104742,2456,61
5106440,243,5
5106759,1941,5
5107190,7068,61
5107199,471,120
5107243,7313,22
5107336,478,120
5107684,777,120
5108137,5005,120
5108470,9641,51
5108591,4270,28
5108722,1757,5
5108999,36,54
5109059,543,10
5109096,28,54
5109447,227,44
5109469,6994,36
5109627,921,58
5109875,110,10
5109925,33,54
5109974,633,44
5110036,29,54
5110231,11969,58
5110254,95,66
5110412,75,10
5110755,76,66
5110767,25,127
5110838,11406,5
5110944,78,10
5111097,39,127
5111336,27,127
5111444,19,127
5111544,24,127
5111600,69,10
5111661,292,16
5111857,35,54
5111945,26,54
5111982,3929,33
5112044,594,7
5112048,3742,5
5112082,21,54
5112110,4133,33
5112200,27,54
5112505,20,54
5112579,17,54
5112607,568,66
5112651,2248,121
5112807,36,127
5112818,11767,28
5112950,530,127
5113391,59,66
5113493,15,54
5113534,12,54
5113567,100,66
5113734,19,54
5113760,643,127
5114026,16,54
5114102,28,54
5114252,5338,61
5114294,16,54
5114465,71,39
5114540,8936,22
5114557,20,54
5114632,150,39
5114930,17,54
5115318,28,54
5115360,1180,127
5115522,24,54
5115854,23,54
5115974,18,54
5116002,102,39
5116170,28,54
5116463,47,8
5116728,1064,5
5117041,92,39
5117073,6673,36
5117128,23,54
5117182,27,54
5117512,50,8
5117616,89,44
5117770,3410,5
5117779,791,82
5118267,97,8
5118412,117,44
5118566,91,39
5118707,13090,51
5118714,46,44
5119099,124,44
5119201,61,8
5119270,50,8
5119548,43,8
5119570,5631,61
5119886,48,8
5120193,478,44
5120255,52,8
5120602,46,8
5120971,46,8
5121047,128,44
5121311,43,8
5121388,1872,24
5121424,151,44
5121556,42,8
5121725,365,44
5121747,10598,7
5121888,664,95
5121899,15121,1
5122241,14799,58
5122970,1130,36
5123008,318,44
5123074,726,39
5123431,11496,22
5123528,2621,33
5123648,788,44
5124154,273,28
5124209,76,5
5124295,10276,31
5124392,10128,5
5124477,3392,28
5125138,8153,61
5125472,99,44
5125727,1051,44
5126046,538,74
5129212,959,5
5129408,4005,24
5129750,5635,6
5130270,479,36
5130854,4530,6
5131812,13289,51
5131911,2903,82
5132016,8691,28
5132075,158,28
5132159,12917,5
5132243,1110,10
5132260,1761,15
5132299,8408,28
5132943,4634,82
5133069,360,46
5133098,100,16
5133131,1042,43
5133253,5785,61
5134325,3444,24
5134446,966,15
5134851,328,46
5134947,8770,22
5135019,2267,5
5135392,1334,15
5135467,1331,10
5135474,7359,36
5136050,3494,32
5136665,26,7
5136749,203,15
5136800,59,15
5136954,249,15
5137061,11366,58
5137108,523,47
5137148,186,15
5137387,239892,47
5137398,294,15
5139034,200,16
5139580,237605,61
5139619,4145,82
5140166,47,8
5140610,46,8
5140834,236353,28
5140844,96,28
5141002,236184,28
5141138,62,74
5141550,235661,8
5141756,235522,39
5142309,234963,8
5142501,106,121
5149448,18,5
5150976,5925,51
5152313,1077,39
5157317,3779,82
5161304,139,82
5362310,1834,15
5367886,492,30
5378065,7909,75
5378589,67,8
5379021,105,8
5379028,100,74
5379076,5777,22
5379216,14211,22
5379272,58,8
5379547,38,74
5379615,56,74
5379775,52,8
5379919,1772,24
5379970,142,74
5380218,77,74
5380301,49,8
5380479,56,74
5380856,516,74
5381001,55,8
5381063,154,46
5381070,1613,15
5381241,53,8
5381491,88,8
5381569,706,47
5381653,100,121
5381762,393,74
5382149,55,8
5382271,353,74
5382362,47,8
5382610,57,8
5382734,54,74
5382807,116,30
5382831,9476,47
5383114,1631,15
5383124,46,8
5383135,274,74
5383155,185,30
5383275,116,8
5383516,136,30
5383633,58,8
5383826,374,74
5383841,13754,58
5383853,293,30
5383979,72,8
5384340,327,74
5384661,12671,51
5384792,10252,22
5384885,1687,15
5384917,122,5
5385050,7683,5
5385486,248,74
5385867,305,74
5385887,2065,121
5386267,110,74
5386570,1686,15
5386690,253,74
5386717,21,36
5386788,93,8
5387049,57,8
5387094,82,114
5387116,224,74
5387227,177,114
5387372,19851,122
5387451,43,114
5387512,276,74
5387520,91,114
5387860,341,74
5387920,135,100
5388194,312,114
5388211,57,8
5388454,75,8
5388523,110,114
5388770,4461,26
5388881,1606,15
5388954,233,74
5388969,128,8
5389004,262,114
5389306,170,74
5389332,1091,114
5389450,362,120
5389598,440,120
5389608,173,74
5389768,51,8
5389804,215,100
5389936,99,74
5390207,165,74
5390501,215,74
5390508,112,8
5390793,212,100
5390860,495,114
5390875,215,74
5390891,78,8
5391163,28,8
5391289,378,30
5391354,26,16
5391402,20,16
5391479,14,10
5391505,154,74
5391559,18,10
5391607,50,8
5391644,40,10
5391670,56,16
5391678,63,30
5391785,55,10
5391803,107,74
5392065,46,8
5392076,101,74
5392092,65,30
5392287,372,30
5392307,108,10
5392431,7382,47
5392486,133,74
5392529,80,10
5392672,26,10
5392763,33,10
5392802,158,74
5392873,103,10
5393102,126,74
5393162,71,8
5393370,187,30
5393384,706,47
5393390,173,46
5393452,112,8
5393616,471,6
5393636,83,8
5393778,59,30
5393864,286,46
5393874,85,8
5394216,49,8
5394502,1333,24
5394517,41,121
5394524,517,30
5394630,97,8
5394635,2170,121
5394873,33,8
5394996,36,8
5395046,8077,22
5395124,48,8
5395295,97,30
5395313,50,8
5395436,7216,26
5395441,2737,39
5395550,87,8
5395727,81,8
5395958,84,8
5396223,114,8
5396416,79,8
5396687,104,8
5396924,87,8
5396957,389,30
5397167,46,8
5397342,8018,51
5397517,417,30
5397558,1550,15
5397598,60,15
5397927,13642,5
5398192,45,121
5398333,109,30
5398552,206,30
5398955,44,121
5399111,44,15
5399157,1841,15
5399832,572,47
5400786,75,121
5401496,29,113
5402852,923,39
5403120,4100,22
5404211,1775,39
5404358,373,46
5405404,21,113
5407161,6614,22
5407771,1429,39
5409531,65,113
5409731,196,24
5409978,149,74
5410361,127,74
5411111,22698,5
5411479,53,74
5411651,92,74
5411910,12,74
5412237,24,113
5412426,192,46
5414840,87,39
5416593,2191,39
5419575,4190,17
5421403,14291,22
5435559,181,107
5435668,14214,22
5436000,254,107
5436386,469,107
5440437,2318,61
5503175,2308,61
5505037,3926,54
5505066,631,80
5505456,2541,61
5505486,3106,39
5505887,267,80
5507111,213,80
5507287,632,80
5507943,2396,61
5508000,260,80
5508440,6595,54
5508605,39,62
5509296,305,62
5510111,23,62
5510275,2344,61
5511500,15,62
5512472,326,62
5512556,3007,61
5513081,1220,62
5513277,231,2
5515037,14232,22
5515225,884,62
5515554,3200,61
5516291,1052,62
5518691,2351,61
5520976,2354,61
5523268,2357,61
5525564,2497,61
5527996,2408,61
5529268,14337,22
5530341,2396,61
5532672,2584,61
5534602,1664,15
5535192,2389,61
5535433,9680,110
5536271,1593,15
5537014,17227,5
5537517,2940,61
5537645,480,114
5537726,620,30
5537869,1597,15
5538578,593,30
5538670,1228,120
5539464,1737,15
5539616,221,46
5539742,1515,30
5539750,30,84
5539918,771,6
5540238,8076,120
5540396,6573,61
5541206,1609,15
5541259,60,15
5541326,52,8
5541338,884,28
5541473,252,8
5541617,390,30
5542060,181,46
5542234,418,17
5542286,49,8
5542355,402,28
5542372,2537,8
5542462,965,30
5542658,16036,28
5542763,15933,28
5542821,1673,15
5542870,32,15
5543525,26,16
5543535,70,84
5543615,14303,22
5543671,83,16
5544279,1051,82
5544493,1606,15
5545041,1145,8
5545337,90,46
5545367,4267,82
5545503,151,127
5545605,3051,44
5545701,133,46
5546019,4045,46
5546103,1674,15
5546439,691,8
5546565,111,16
5546820,147,113
5546960,7166,61
5547241,347,8
5547494,2297,1
5547619,831,8
5547640,6702,36
5547772,1595,15
5548459,4157,8
5548632,82,8
5548651,9833,2
5548851,73,8
5549034,74,8
5549218,77,8
5549407,41,54
5549507,6970,54
5549876,30,128
5549885,884,82
5550152,2378,44
5550893,53,128
5551514,3008,47
5551733,72,82
5551740,276,80
5551791,936,46
5551833,486,16
5551851,496,13
5551959,6806,82
5552145,639,80
5552530,250,8
5552562,3914,44
5553117,3358,46
5553247,397,8
5553539,363,80
5553595,429,16
5553868,327,8
5553941,181,80
5554122,4383,61
5554222,2669,13
5554563,1913,62
5554574,58,8
5556256,516,80
5556506,639,129
5556706,49,8
5556784,61,84
5556847,68,8
5556947,197,8
5557101,2004,130
5557192,477,54
5557257,2138,8
5557396,70,121
5557449,83,8
5557536,51,8
5557851,596,54
5557992,1551,46
5558043,2667,121
5558054,76,8
5558113,15,115
5558140,190,8
5558172,294,7
5558417,12,115
5558427,890,6
5558481,3241,61
5558594,7,115
5558625,1069,7
5558634,210,8
5558647,398,13
5558783,14,28
5558806,26,28
5558863,13,28
5558880,679,129
5558998,11,115
5559017,668,54
5559019,640,28
5559025,632,28
5559054,165,8
5559359,3925,6
5559675,15,28
5559681,463,13
5559686,24,28
5559774,25,16
5559839,2800,122
5559864,89,28
5559895,54,28
5559968,93,8
5560050,1052,54
5560194,733,7
5560401,769,62
5560407,92,8
5560711,388,80
5560878,3627,8
5560891,58,8
5560915,466,13
5561007,570,28
5561165,56,8
5561311,5021,80
5561380,59,8
5561417,8962,7
5561546,756,62
5561668,48,16
5561710,5949,61
5561723,67,8
5561761,1092,30
5561786,167,47
5561792,98,16
5561986,384,82
5562024,97,8
5562390,133,16
5562403,115,8
5562652,114,8
5562678,129,16
5562707,604,62
5562824,165,121
5563082,47,8
5563295,48,8
5563426,1181,62
5563658,52,114
5563731,50,114
5563987,34,8
5564036,31,8
5564081,34,114
5564113,44,8
5564157,4294,17
5564189,24,8
5564303,360,82
5564624,13558,5
5564869,30,40
5565111,7932,51
5565153,28,40
5565183,692,62
5565195,2455,30
5565200,54,114
5565328,265,127
5565526,5633,44
5565901,378,82
5566042,104,114
5566058,17,62
5566097,544,62
5566347,10362,2
5566363,3311,30
5566371,532,114
5566660,602,62
5567555,1149,24
5567591,184,78
5567645,5255,61
5567659,734,114
5567720,671,82
5568002,156,62
5568136,14214,22
5568235,1431,62
5568511,14,78
5568538,11,78
5568605,11606,78
5568612,217,114
5568619,3947,30
5568885,783,122
5569082,914,114
5569633,425,82
5569847,7500,122
5570132,2328,82
5570181,1572,47
5570369,479,36
5571308,408,100
5571429,376,54
5572411,369,54
5572451,22402,7
5572873,5196,61
5573557,1150,62
5573697,2204,82
5573815,776,100
5573929,770,54
5574751,350,54
5575322,882,100
5575661,219,54
5576014,87,54
5576035,2087,82
5576290,594,54
5576380,712,62
5576937,251,54
5577198,657,54
5577352,130,16
5577962,661,54
5578042,3008,61
5578312,143,100
5579563,195,16
5579733,387,62
5580701,302,100
5580851,22076,5
5581033,2418,61
5581303,1452,40
5581722,48,74
5582361,14332,22
5582422,141,16
5582633,30,74
5582867,140,16
5583013,22,74
5583428,2356,61
5583814,1738,62
5585632,454,62
5585753,3240,61
5585983,30,74
5586199,507,62
5586434,19,74
5586767,563,62
5587347,19,74
5587526,21,74
5588291,2277,82
5588829,685,54
5588922,35,74
5588958,3037,61
5589416,580,62
5589492,41,74
5589575,24669,54
5590158,581,62
5590189,51,74
5590939,41,56
5591418,452,54
5591701,37,56
5591967,2849,61
5592265,441,54
5593490,451,54
5594419,443,54
5594796,2764,61
5595595,455,54
5596652,452,54
5596694,14221,22
5597557,2616,61
5598227,464,54
5599601,7459,2
5600142,4072,61
5604208,3760,61
5607935,2432,61
5610337,2338,61
5610918,11716,22
5612667,2366,61
5615010,2358,61
5616491,66,56
5616896,31,84
5617338,2364,61
5617541,37,56
5617966,38,56
5618232,60,56
5619004,37,56
5619675,2363,61
5620145,61,56
5620174,34,56
5621313,1246,84
5621498,36,56
5621528,26,56
5621857,36,56
5622010,3311,61
5622168,33,56
5622263,11,3
5622690,18,56
5623384,3656,28
5623641,317,28
5623873,273,30
5623908,14243,22
5624027,19,56
5624122,8993,28
5624167,559,30
5624212,241,5
5624512,37,56
5625276,7920,61
5625486,4251,44
5625693,626,30
5626053,1953,6
5626518,22,56
5627242,427,30
5628375,45,56
5628411,38,56
5628633,425,30
5629240,6655,22
5629272,75,28
5629285,416,30
5629325,832,121
5629635,82,28
5629786,14329,28
5629818,3257,44
5629875,37,44
5630075,5816,17
5630457,464,30
5630479,164,56
5630596,7931,51
5631235,166,56
5631533,2216,82
5631988,11344,5
5632232,893,121
5632480,174,56
5633180,10996,61
5633231,10917,28
5633257,176,56
5634072,42,40
5634587,3563,54
5635216,30,84
5635323,159,82
5635868,33,56
5635890,5835,22
5635911,348,30
5636034,60,8
5636256,50,8
5636509,2032,17
5636671,53,8
5636842,50,8
5636898,3145,8
5637233,1919,82
5637330,58,56
5637929,56,8
5637974,1469,24
5638532,8021,51
5638544,27,51
5638608,16,15
5639222,53,8
5639337,1063,82
5639348,30,8
5639471,572,8
5640170,4010,26
5640265,47,8
5640325,21,8
5640360,21,8
5640398,22,8
5640483,48,8
5640884,24,8
5640999,25,8
5641323,33,8
5641705,6935,22
5641944,1539,44
5642002,52,8
5642094,11,8
5642113,42,8
5642151,194,82
5642325,2895,6
5642346,56,8
5642379,3558,82
5642631,56,8
5642867,53,8
5642982,34,8
5643208,34,8
5643273,8902,2
5643517,700,40
5643702,782,100
5643731,57,8
5644230,3715,8
5644361,2109,40
5644436,92,8
5644467,52,56
5644691,54,8
5644854,9,8
5644906,41,56
5644938,43,56
5645088,138,100
5645235,83,8
5645457,60,8
5645767,43,56
5645848,269,100
5646294,63,8
5646309,53,56
5646316,1724,6
5646376,2922,44
5646517,2842,13
5646562,61,8
5646579,10215,51
5646643,30,8
5646670,1366,40
5646842,58,8
5646912,26,8
5647104,35,8
5647323,307,17
5647372,54,8
5647483,55,30
5647605,620,47
5647717,42,128
5647759,58,8
5648071,29,8
5648089,234,103
5648212,1110,28
5648261,51,40
5648337,4844,28
5648344,254,82
5648605,10201,22
5648745,63,8
5648970,54,8
5649105,199,47
5649293,5283,5
5649319,21,99
5649362,5317,82
5649477,49,8
5649655,49,8
5649795,26,99
5650365,52,8
5650486,73,99
5650537,1097,30
5650568,1134,40
5650604,24,99
5650824,72,99
5650852,29,8
5651026,50,8
5651085,22,99
5651878,7708,47
5651990,76,99
5652591,498,128
5652634,19,99
5652685,6053,17
5652692,48,56
5653391,72,38
5653522,365,30
5653714,22,99
5653832,1650,128
5653891,28,99
5654112,1424,38
5654151,511,30
5654241,74,56
5654412,32,99
5654681,13653,62
5654691,365,100
5655278,5050,122
5655550,291,38
5655827,1161,99
5655921,400,100
5655943,1647,128
5655982,3767,2
5656597,32,56
5656800,15612,51
5656912,746,100
5657055,791,54
5658218,2774,128
5658665,38,100
5658735,3050,22
5659089,10732,17
5659420,806,54
5659567,42,100
5659660,22379,7
5659769,14610,2
5660324,12867,2
5661036,3602,7
5661570,5853,128
5661581,25,100
5661819,595,54
5661830,20863,5
5662267,33,56
5662275,44,100
5662382,296,54
5662984,426,100
5663042,34,128
5663415,168,54
5663882,44,56
5664172,98,100
5664619,548,54
5664656,45,56
5664842,2857,100
5664957,3651,39
5666787,69,56
5667188,87,56
5668065,46,56
5668244,2399,61
5668920,5909,22
5669541,10900,17
5670466,25,56
5670613,2370,61
5671067,597,54
5671820,24,56
5672241,536,54
5672417,6801,51
5672948,2527,61
5673212,32,56
5673284,686,54
5673561,23,56
5673796,68,56
5674590,107,56
5675050,431,54
5675132,55,56
5675399,21,56
5675455,2359,61
5675564,20,56
5675696,462,54
5675724,18,56
5675921,22,56
5676047,25,56
5676161,24,56
5676281,21,56
5676658,280,54
5677780,2345,61
5679731,24427,26
5680121,4860,61
5680557,12400,17
5680887,2259,39
5681535,832,54
5682442,21,54
5682722,1037,54
5683695,1281,122
5683936,2160,54
5684322,1055,39
5684974,6480,61
5685791,8117,122
5688609,14255,22
5691427,4577,61
5693995,12271,122
5695979,4372,61
5700330,3455,61
5702863,14187,22
5703760,2375,61
5705250,9760,110
5706103,3322,61
5707328,19068,28
5707338,1056,28
5708732,31594,28
5709167,5168,131
5709393,5476,61
5709507,9570,7
5709561,1749,6
5710313,498,17
5710640,672,6
5711230,535,30
5711850,4053,22
5711933,263,127
5711941,2082,30
5712307,252,127
5712687,1162,54
5713317,198,127
5713589,2792,24
5714015,15,78
5714093,3026,78
5714468,881,11
5714570,505,30
5714847,6370,61
5715225,8414,51
5715879,6717,22
5715924,61,8
5716121,2897,17
5716129,11,8
5716163,2803,11
5716330,11,8
5716421,1752,122
5716717,13,8
5716803,58,114
5717327,16,8
5717557,13,8
5717694,11,8
5717712,237,8
5717957,10,8
5718291,13,8
5718389,10,8
5718524,478,122
5718536,15,8
5718682,14,8
5718862,15,8
5719000,12,8
5719060,3354,5
5719150,10,8
5719191,21134,122
5719271,12,8
5719443,13,8
5719557,11,8
5719704,12,8
5720259,1982,32
5720287,159,66
5720538,457,30
5720840,92,66
5721005,56,8
5721190,19136,61
5721404,53,8
5721473,12,8
5721496,27,8
5721592,18630,7
5721736,2457,33
5722066,1523,2
5722171,395,96
5722286,68,8
5722574,17698,22
5722803,56,8
5722922,381,30
5723003,101,8
5723401,53,8
5723592,16680,2
5723644,16628,51
5723747,95,114
5723833,260,66
5723915,178,114
5724075,63,8
5724135,14,8
5724324,49,8
5724331,15994,95
5724398,13,8
5724565,57,8
5724618,18,8
5724775,52,8
5724850,47,8
5724862,15,8
5724904,15442,47
5724966,746,5
5725082,14,8
5725117,44,9
5725179,51,8
5725210,16,8
5725340,15,8
5725458,14,8
5725486,17,8
5725607,13,8
5725636,11,8
5725664,9,8
5725692,10,8
5725725,9,8
5725859,14,8
5725894,10,8
5725912,9,8
5726013,16,8
5726045,10,8
5726066,11,8
5726167,14,8
5726192,9,8
5726367,32,5
5726436,13,8
5726468,13859,28
5726545,14,8
5726570,12,8
5726708,13,8
5726731,9,8
5726749,10,8
5726763,426,5
5726964,1600,15
5726970,1418,32
5727190,19,8
5727344,14,8
5727464,15,8
5727542,11362,5
5727654,16,8
5727734,14,8
5727855,20,8
5727999,15,8
5728035,9,8
5728221,16,8
5728252,10,8
5728340,277,11
5728382,31,8
5728451,14,8
5728511,11872,6
5728565,17,8
5728761,20,8
5728802,12,8
5728830,12,8
5728852,29,100
5728879,11393,62
5728927,47,8
5728954,11430,100
5728992,121,8
5729295,1708,15
5729329,11013,33
5729464,10876,8
5730045,3924,33
5730416,3951,24
5730967,9299,114
5731451,3908,82
5733265,353,30
5740344,3861,114
5740644,31,116
5740655,69,116
5740735,49,116
5740747,38,116
5740849,113,11
5740960,25068,26
5741503,6667,36
5743860,8783,2
5745053,477,82
5745170,1203,17
5745214,7695,51
5746265,900,114
5746662,31,82
5746727,630,82
5747201,291,54
5747554,2848,114
5747986,184,54
5748849,601,40
5748973,22,54
5749221,16,54
5749618,1976,40
5749632,22,54
5749726,3182,61
5749871,316,54
5750539,558,54
5751740,100,40
5752302,665,54
5752396,21,113
5752898,2846,61
5752913,3390,51
5753111,31,54
5753346,22598,5
5753369,31,54
5753639,28,113
5753788,35,54
5754121,211,54
5754347,564,54
5754670,37,113
5755227,601,54
5755717,2489,61
5756058,1127,46
5757337,19,113
5758184,2310,61
5760462,2318,61
5762758,2519,61
5763893,916,46
5764366,1277,17
5765248,3079,61
5766147,2987,17
5766490,570,46
5767615,14146,22
5767782,16,54
5768127,4251,54
5768309,5036,61
5769359,3488,54
5773034,2398,54
5773326,3440,61
5776743,2487,61
5778129,1641,15
5779207,2349,61
5779773,1580,15
5781356,1800,15
5781532,2357,61
5783160,1578,15
5783861,2362,61
5784740,1634,15
5786205,2353,61
5786378,1575,15
5787956,2159,15
5788528,2363,61
5790117,1583,15
5790860,2364,61
5791537,14312,22
5791702,1642,15
5793205,2336,61
5793348,1581,15
5794931,1764,15
5795523,2467,61
5795748,3796,51
5796698,1608,15
5797969,2405,61
5798309,1729,15
5798709,5830,22
5799549,7118,51
5799561,35,51
5800041,1626,15
5800089,1715,17
5800371,3615,61
5801670,1562,15
5802140,3112,17
5802490,11326,5
5803235,1636,15
5803528,20,114
5803657,61,114
5803798,165,132
5803803,478,36
5803958,2963,61
5804090,95,114
5804422,34,114
5804518,7106,22
5804836,42,114
5804874,1580,15
5805238,53,114
5806343,392,54
5806519,41,114
5806668,21,114
5806674,8553,51
5806763,537,54
5806836,15,114
5806893,2345,61
5806932,169,100
5806936,1627,15
5807355,650,54
5808327,646,54
5808565,1722,15
5808978,45,100
5809097,1332,54
5809211,2477,61
5809574,55,100
5810289,1638,15
5811601,5018,22
5811663,3255,61
5811931,1575,15
5811995,18,8
5812001,1945,17
5812055,10,8
5812072,18,8
5812098,11,8
5812156,3632,8
5812272,14,8
5812294,10,8
5812312,10,8
5812499,48,100
5812545,15,8
5812690,15,8
5812907,15,8
5812938,12,8
5813089,1106,54
5813221,17,8
5813508,1573,15
5813846,1007,100
5814887,2365,61
5815085,1641,15
5815343,32,100
5815816,21,100
5815893,42,84
5816591,3343,22
5816729,1594,15
5817232,2420,61
5817650,497,54
5818326,1659,15
5818735,656,54
5819415,11340,5
5819504,973,54
5819634,2369,61
5819924,6032,22
5819988,1576,15
5820526,838,54
5821387,3839,54
5821566,1646,15
5821970,2367,61
5823214,1575,15
5824304,2870,61
5824791,1593,15
5825305,364,54
5825759,19,8
5825785,12,8
5825851,142,54
5825925,3120,22
5826127,17,8
5826176,277,54
5826288,32,2
5826389,1627,15
5826397,3688,2
5826403,14,8
5826593,14,8
5826670,928,54
5826743,16,8
5826927,17,8
5827092,16,8
5827146,4896,61
5827200,15,8
5827271,13,8
5827367,16,8
5827579,15,8
5827603,11,8
5827624,12,8
5827722,17,8
5827743,12,8
5827760,16,8
5827764,263,54
5827897,16,8
5828014,16,8
5828019,1572,15
5828054,994,54
5828134,13,8
5828258,16,8
5828415,16,8
5828547,15,8
5828574,12,8
5829025,3304,22
5829077,598,54
5829593,1669,15
5829733,7363,54
5831264,1579,15
5831781,117,46
5832039,4993,61
5832104,79,47
5832295,3876,22
5832847,1625,15
5833501,4010,47
5833508,1838,2
5834199,6693,36
5834475,1579,15
5835117,23960,17
5836056,107,15
5836166,6756,22
5837000,2478,61
5839452,1947,61
5840764,280,5
5841010,1569,100
5842682,21,100
5843099,2226,100
5844187,3007,54
5847294,5619,54
5849871,2815,2
5850468,14173,22
5853012,3284,54
5857684,660,54
5858610,245,54
5861923,7937,51
5862447,333,54
5862848,1774,54
5864630,14381,22
5864714,2063,54
5864893,2649,54
5868986,79,54
5869239,207,54
5869495,2402,54
5870130,5844,54
5872324,3705,54
5885457,3715,128
5885483,5713,22
5886708,6940,51
5888696,6548,7
5889416,30,113
5889940,2767,128
5890987,37,113
5891173,5717,22
5891861,20,8
5891984,16,8
5892106,16,8
5892237,17,8
5892418,16,8
5892538,17,8
5892655,15,8
5892858,14,8
5892885,10,8
5892901,10,8
5892916,10,8
5893217,51,8
5893331,13,8
5893516,13,8
5893546,231,113
5893655,16,8
5893659,8547,51
5893753,10,8
5893776,10,8
5893909,13,8
5893929,10,8
5894015,21,8
5894030,4588,5
5894041,9,8
5894057,10,8
5894073,11,8
5894402,17,8
5894426,10,8
5894442,10,8
5895234,5446,54
5895695,11219,7
5895715,74,46
5896607,65,46
5896719,5126,54
5896862,7500,22
5897532,2981,54
5899203,64,46
5901052,27,100
5901526,896,100
5901924,3768,54
5902210,7177,51
5902887,24,100
5903744,5435,54
5904338,5972,22
5905860,679,54
5906076,5339,54
5906784,202,54
5907038,220,54
5907225,148,100
5907358,62,46
5907811,107,99
5907939,97,46
5907957,385,99
5908066,306,54
5908592,759,99
5908769,368,54
5909092,568,100
5909198,1919,54
5909392,6994,51
5909403,35,51
5909926,62,46
5910293,5692,22
5910726,3707,100
5910744,1850,54
5913444,8540,17
5913522,1807,54
5913573,4044,54
5914342,110,47
5914780,106,47
5915006,146,47
5915446,36,100
5915954,5779,22
5916391,7014,51
5917010,5310,54
5917849,4262,54
5921166,282,61
5921560,549,61
5921608,1012,100
5921712,3755,22
5921935,22415,7
5922212,130,61
5923137,131,61
5923579,158,61
5923770,26,100
5925151,129,61
5925452,5765,22
5926593,11749,93
5927242,172,61
5927328,645,100
5927335,80,61
5927374,606,100
5927446,2288,61
5928099,2633,100
5929711,2308,61
5932001,1310,61
5936958,1156,17
5937855,7192,51
5938219,453,17
5938225,1284,93
5960798,2470,61
5963249,2341,61
5965565,2342,61
5967877,2736,61
5968168,11279,7
5968367,523,3
5969314,7355,17
5970545,19,11
5970591,4290,61
5970843,181,30
5970878,1000,11
5970900,12432,22
5971424,4740,5
5972368,1823,51
5972537,69,28
5972786,32,95
5972914,457,95
5972936,520,28
5973365,152,30
5973718,386,30
5973869,103,66
5974210,1116,95
5974392,486,66
5974856,3853,61
5975010,300,66
5975077,8696,51
5975435,63,66
5975473,524,30
5975502,186,95
5975574,456,51
5976950,305,30
5977346,1470,33
5977923,275,132
5978103,18,8
5978239,16,8
5978250,129,116
5978267,10,8
5978325,3614,17
5978424,50,116
5978467,62,28
5978536,28,66
5978551,7993,116
5978618,591,93
5978642,4945,61
5978715,5546,116
5978798,93,8
5978904,80,8
5978984,14762,2
5979076,5895,93
5979137,10323,28
5979624,7144,7
5979952,1438,132
5980294,370,120
5980877,54,8
5980959,66,66
5981186,25,8
5981437,40,8
5981516,24,8
5981538,38,114
5981569,6014,110
5981573,110,66
5981764,47,8
5981961,47,8
5982025,243,114
5982055,28,56
5982209,48,8
5982423,298,114
5982605,57,66
5982781,3992,1
5982819,2241,114
5982831,50,8
5982928,79,8
5983267,2775,22
5983442,69,66
5983549,4777,61
5983587,91,8
5983753,91,8
5983779,3262,51
5983900,2110,17
5984246,122,8
5984327,50,66
5984443,108,8
5984548,86,66
5984830,105,8
5985827,788,8
5986179,32,50
5986364,3261,47
5986425,1192,11
5986879,598,8
5987824,2981,28
5989672,2109,5
5989887,5605,17
5989986,2653,8
5990443,4649,7
5990573,4708,42
5990727,427,11
5991135,67,1
5991192,1898,11
5991294,4003,47
5991793,5387,17
5991968,224,1
5992184,126,29
5992726,333,8
5992743,1116,28
5992951,8414,93
5993037,3001,5
5993245,611,8
5993266,2951,22
5993426,69,29
5993654,1477,11
5993752,13327,51
5993919,403,30
5994087,109,8
5994289,93,8
5994482,2700,61
5994488,79,30
5994531,1317,8
5994668,5265,33
5994686,354,30
5995076,35,133
5995207,160,30
5995393,30,133
5995412,60,114
5995499,1246,11
5995914,117,8
5996135,100,30
5996265,337,54
5996281,60,8
5996445,62,114
5996473,59,8
5996575,273,8
5996708,217,114
5996812,224,54
5997003,156,133
5997066,950,11
5997092,287,114
5997107,28,29
5997173,2435,61
5997179,10762,22
5997472,1085,114
5997503,217,66
5997573,136,54
5997767,120,128
5997821,732,5
5997857,1387,134
5997987,27,29
5998086,104,54
5998091,912,10
5998195,239,54
5998316,783,11
5998370,445,30
5998560,77,66
5998737,26,29
5999312,75,114
5999419,24,70
5999545,2338,61
5999678,402,29
5999710,53,128
6000276,24964,26
6000496,547,128
6000513,433,30
6000527,2075,24
6000579,131,11
6000759,21360,116
6001040,20,54
6001068,25,29
6001152,350,10
6001186,347,10
6001194,409,128
6001229,52,114
6001355,134,29
6001435,347,30
6001547,18,54
6001752,54,128
6001820,2280,61
6001953,17,54
6002062,62,114
6002305,131,10
6002358,37,56
6002964,109,10
6002977,100,29
6003069,46,128
6003200,53,114
6003553,17,54
6004033,66,114
6004044,3059,61
6004203,37,128
6004474,756,29
6004563,57,114
6004777,1150,54
6004993,67,114
6005167,67,114
6005268,430,114
6005428,3989,82
6005623,952,82
6005729,807,114
6005942,16181,2
6005955,22,2
6006044,3994,93
6006570,411,114
6006919,90,29
6007011,652,29
6007039,1607,61
6007121,13323,51
6007938,11465,22
6008046,735,29
6008781,26,113
6008902,249,1
6009373,244,113
6009931,19,36
6010224,225,113
6010306,17,36
6010520,5494,36
6010531,36,36
6011179,34,113
6011208,45,1
6011308,38,1
6011604,34,47
6011684,156,47
6011696,59,47
6012328,773,113
6013029,2093,82
6013927,28,22
6015651,98,56
6016293,52,56
6016788,92,56
6017986,34,56
6018150,161,47
6018431,155,47
6018444,59,47
6018652,90,56
6019345,9286,22
6019432,37,56
6019872,33,56
6020382,26,56
6020451,11820,51
6020745,24,56
6020966,29,70
6021022,22,56
6021100,25,56
6021257,18,56
6021421,86,56
6021712,25,56
6021829,22,56
6022041,21,56
6022141,23,56
6022236,18,56
6022743,4612,17
6023891,7019,70
6030907,7040,70
6036444,14365,22
6037955,7003,70
6044958,7049,70
6047346,2479,61
6049760,4223,61
6050301,9262,17
6050671,42,1
6050812,14393,22
6050875,59,1
6051509,7233,7
6052014,7083,70
6053174,1061,1
6053918,5298,61
6054272,6934,131
6054893,6004,1
6056606,2979,15
6056659,74,30
6056704,16422,116
6056872,4131,30
6057053,16482,116
6057272,7911,28
6057413,101,10
6057825,107,22
6058170,167,44
6058554,442,10
6058581,265,44
6058723,2499,5
6058885,6151,121
6059085,322,22
6059098,7062,70
6059198,6058,61
6059299,259,44
6059445,157,10
6059570,1975,120
6059631,4807,15
6059648,251,8
6059887,11275,7
6059959,177,22
6059992,381,44
6060134,330,8
6060459,64,117
6060556,433,44
6060781,1194,11
6060793,9468,117
6060904,12612,22
6060955,34,22
6060999,5677,22
6061097,127,128
6061108,310,44
6061484,461,44
6061723,1161,1
6061825,212,114
6062184,489,44
6062292,203,54
6062548,1109,54
6062619,2662,78
6062713,169,44
6062737,709,114
6063477,12843,51
6063489,1197,29
6063496,21,51
6063590,464,44
6064571,811,44
6064740,464,128
6064938,41,50
6065013,617,2
6065187,252,50
6065243,4741,61
6065257,59,56
6065269,1409,1
6065298,7540,11
6065397,290,128
6065414,1044,44
6065449,57,56
6065553,43,50
6065617,215,56
6065702,3912,50
6065748,8001,50
6065880,1361,128
6066018,47,114
6066105,140,114
6066163,7643,70
6066298,248,8
6066368,7077,30
6066468,1441,32
6066489,4316,82
6066533,7216,28
6066687,117,114
6066967,4627,44
6067446,30,22
6067598,911,54
6068399,66,114
6068821,65,114
6069142,13114,5
6069623,15,54
6069635,56,36
6069692,152,128
6069962,2577,61
6070219,32,128
6070778,41,128
6070796,134,38
6070923,568,1
6072531,2976,61
6072944,594,1
6073195,3817,5
6073211,119,8
6073408,112,8
6073525,7359,22
6073559,3128,8
6073617,5470,47
6073879,123,114
6074057,2260,17
6074284,124,114
6074323,7072,70
6074368,3961,28
6074413,89,44
6074473,477,1
6074514,622,114
6074554,3934,10
6074568,69,10
6074666,701,44
6074895,2461,30
6074941,1370,11
6074965,31,22
6075148,115,22
6075438,210,44
6075491,3450,61
6075519,7193,22
6075521,23,61
6075657,127,114
6075790,468,1
6075847,172,44
6075868,299,10
6076128,258,44
6076334,10745,51
6076580,284,44
6076641,54,114
6076729,62,114
6076801,3746,129
6076838,157,8
6076900,740,10
6076925,307,44
6077188,286,8
6077200,60,114
6077321,256,44
6077427,3009,54
6077603,306,11
6077670,159,44
6077703,77,54
6077746,93,114
6077871,301,114
6077927,156,6
6077960,90,11
6077995,3011,2
6078029,242,44
6078170,902,132
6078254,1165,122
6078300,1267,69
6078604,158,44
6078617,283,128
6078749,1359,11
6078781,67,16
6078792,640,44
6078922,787,54
6078930,7010,61
6078935,113,8
6079019,96,16
6079081,259,40
6079088,114,8
6079191,316,132
6079206,743,128
6079367,244,8
6079444,2648,30
6079526,67,114
6079654,48,114
6079668,156,8
6079723,160,44
6079820,1505,132
6079863,535,8
6079895,63,114
6079954,2440,54
6079962,38,8
6079974,313,44
6079988,1938,5
6080043,2751,122
6080232,1091,11
6080260,1186,32
6080299,458,128
6080339,42,8
6080421,3419,6
6080467,214,8
6080521,4813,6
6080528,57,114
6080548,234,44
6080637,903,30
6080763,180,8
6080798,4381,10
6080862,11403,117
6080870,336,28
6080885,773,44
6080924,80,114
6081011,412,8
6081079,65,127
6081101,234,129
6081166,909,127
6081328,98,114
6081408,28,28
6081444,840,8
6081454,3610,129
6081478,54,8
6081778,833,44
6081862,1855,17
6082035,213,1
6082136,614,10
6082210,10134,2
6082232,246,28
6082245,3910,3
6082352,3686,8
6082384,484,11
6082502,3879,122
6082571,3659,116
6082664,89,44
6082687,3641,22
6082825,2744,44
6082841,181,38
6082906,1383,10
6082920,547,11
6083317,137,38
6083762,506,11
6083785,1773,38
6083848,618,8
6083906,851,6
6084526,303,8
6085107,468,11
6085674,5351,17
6085712,170,10
6085757,1220,44
6085793,145,8
6085931,5032,61
6085979,72,69
6086052,96,8
6086058,761,132
6086077,162,69
6086136,295,40
6086156,530,122
6086394,366,116
6086412,9199,122
6086613,240,40
6086700,174,10
6086848,558,128
6086952,3982,40
6087121,28,40
6087192,69,114
6087274,7143,51
6087322,1453,39
6087345,11,40
6087368,80,114
6087385,919,69
6087499,528,44
6087514,269,114
6087591,557,128
6087605,629,82
6087649,338,26
6087652,3116,30
6087714,601,30
6087837,646,114
6087845,33,28
6087899,6509,28
6087938,4116,7
6088114,1879,29
6088207,379,28
6088489,1239,44
6088649,104,5
6088713,1323,114
6088852,1253,54
6088868,7074,70
6089108,1750,47
6089503,562,128
6089873,3977,44
6090166,891,54
6090269,624,128
6090499,672,28
6090715,148,38
6090877,1637,47
6090937,195,61
6091122,101,114
6091140,750,54
6091292,1022,75
6091655,1882,28
6091717,333,114
6091933,788,54
6092145,471,114
6092599,1420,39
6093545,869,5
6093615,2208,29
6093817,54,16
6094006,2842,54
6094158,10812,61
6094212,38,16
6094422,4495,51
6094525,23,5
6094720,10249,28
6094983,9987,28
6095620,1975,114
6095833,9138,117
6096534,26092,2
6097825,6547,70
6098226,1012,47
6099712,51,47
6099916,36,47
6099929,26,47
6100224,39,47
6100833,4187,47
6101816,25031,26
6104200,2037,36
6105085,7108,70
6105625,3059,82
6105823,18497,5
6106028,10,2
6106168,7,2
6106458,39,2
6108372,15714,28
6108855,10506,28
6108905,654,82
6110390,649,82
6110412,26099,51
6112207,21,82
6112311,7434,70
6112322,187,82
6112933,648,82
6113890,4078,82
6116972,3913,82
6119515,14387,22
6134215,2379,61
6136531,2375,61
6138250,26012,70
6138826,2341,61
6140235,23,84
6141043,23128,36
6141168,23241,61
6141184,65,1
6141494,338,1
6141646,22763,28
6141804,22596,28
6142619,21711,3
6144180,2032,30
6145680,166,117
6145987,2801,128
6146234,2776,128
6146917,3932,33
6148582,12592,26
6149364,1765,29
6149438,1267,30
6152765,119,54
6155602,3972,16
6160565,3962,129
6160578,2805,129
6161204,44,16
6164515,4173,82
6164639,60,16
6164708,3984,8
6164727,1291,38
6164735,50,8
6164999,317,44
6165161,10814,33
6165214,1070,28
6165297,3937,122
6165451,93,8
6165564,6229,117
6165684,594,44
6165703,11811,28
6165833,150,8
6165887,303,46
6165913,129,30
6166019,286,8
6166048,310,30
6166470,166,8
6166704,425,44
6166920,155,66
6167002,260,8
6167355,1930,38
6167389,150,8
6167561,111,8
6167597,9801,110
6167793,83,8
6167971,88,8
6168123,90,8
6168528,5663,22
6168570,1536,46
6168838,287,44
6168857,83,8
6169058,2070,82
6169233,29,17
6169265,6768,17
6169293,33327,22
6169310,41,8
6169450,3968,122
6169472,1725,128
6169551,1094,129
6169617,192,44
6169626,62,8
6169682,7574,51
6169935,591,44
6170523,205,28
6170535,2697,51
6170549,6548,129
6170640,762,44
6170655,323,54
6171051,2598,39
6171125,295,54
6171175,16020,122
6171182,10359,47
6171254,833,75
6171401,398,128
6171421,1109,44
6171742,28,47
6171806,3584,82
6171811,680,47
6171988,1829,128
6172238,1939,15
6172413,73,8
6172451,105,29
6172536,72,8
6172550,357,44
6172640,62,8
6173493,49,66
6173540,182,29
6173583,518,32
6173760,513,44
6174063,1543,128
6174144,541,30
6174393,1544,29
6174589,471,44
6174802,20,96
6175154,245,44
6175374,615,38
6175405,9858,117
6175454,427,44
6175477,93,16
6175524,5485,36
6175974,2028,128
6176003,435,30
6176033,15304,28
6176084,13848,17
6176196,2605,39
6176219,58,47
6176238,153,38
6176331,107,47
6176462,113,47
6176663,763,29
6176669,151,47
6176779,2123,29
6177263,12634,51
6177274,62,51
6177554,13785,28
6178175,92,128
6180666,35,128
6180833,1291,128
6180860,1246,128
6183957,2827,47
6184647,81,1
6185059,79,1
6185997,1824,29
6186410,447,47
6186852,3449,36
6186936,117,47
6187066,4086,47
6187108,17,1
6187551,88,70
6187617,1796,1
6187804,8776,47
6189901,4658,51
6189925,65,51
6190384,1486,17
6191068,68,74
6191988,1200,17
6192333,55,74
6193041,56,74
6193660,431,44
6194329,686,44
6194880,38655,17
6194980,163,46
6195137,70,44
6195228,38430,44
6195524,38135,46
6195695,37840,51
6195798,1926,82
6196267,591,28
6196281,583,28
6196871,36727,28
6196881,36715,28
6198059,35536,82
6199215,615,29
6200782,32991,44
6220738,21,1
6229256,1539,30
6230874,1693,47
6230989,5125,117
6231358,1503,33
6233676,26,8
6233954,9287,51
6234168,56,8
6234230,71,8
6234260,1200,63
6234274,2349,17
6234299,205,69
6234363,76,8
6234579,4299,129
6234607,5739,128
6234795,26957,44
6234875,242,1
6234966,5501,36
6235066,84,8
6235337,87,8
6235612,1076,3
6235633,3894,33
6235746,250,82
6235863,243,1
6235924,3757,28
6235940,564,78
6236010,1103,82
6236538,876,30
6236547,599,40
6236663,2049,17
6236671,91,8
6236733,273,1
6236922,29,8
6236996,34,8
6237033,358,1
6237053,53,8
6237102,11836,47
6237123,4474,82
6237201,55,8
6237272,79,8
6237281,351,12
6237308,560,40
6237387,62,8
6237401,5974,38
6237746,55,8
6237933,246,30
6237987,14254,2
6238000,1570,24
6238099,522,1
6238203,1770,15
6238478,47,40
6238536,6024,40
6238612,161,8
6238650,264,30
6238708,489,122
6238764,3203,17
6238824,1242,40
6238877,683,8
6238913,6233,122
6239196,398,69
6239689,92,66
6239703,9371,33
6239786,59,8
6239902,1101,29
6239958,306,8
6239976,1889,15
6239978,301,69
6239997,24,15
6240016,14343,32
6240082,2998,40
6240439,433,1
6240451,194,8
6240490,9478,128
6240582,15,12
6240630,9765,47
6240760,186,8
6240792,69,66
6240999,1792,29
6241205,390,1
6241247,146,8
6241494,130,8
6241745,644,8
6241868,1994,15
6241915,1050,1
6242000,134,16
6242401,25202,26
6242469,2299,8
6242477,152,8
6242785,2693,29
6242800,33,1
6242819,102,8
6242848,131,12
6242934,56,66
6242943,104,8
6242952,2056,82
6243115,71,8
6243179,253,1
6243202,997,40
6243347,190,66
6243374,3956,117
6243450,12463,24
6243479,712,8
6243593,3722,26
6243634,20626,51
6243857,2215,15
6244095,167,69
6244324,92,8
6244451,117,2
6244507,3206,69
6244529,10116,40
6244642,116,8
6244892,18,2
6245081,17435,2
6245191,138,8
6245284,291,28
6245356,44,116
6245424,825,70
6245449,4095,29
6245619,37,116
6245639,398,8
6245658,4016,28
6245892,40,116
6246179,160,8
6246452,116,8
6246605,87,74
6246804,42,8
6246852,632,70
6246881,1670,8
6246915,2382,78
6247333,45,116
6247350,717,1
6247468,3268,36
6247530,10522,129
6247924,1535,133
6248646,1825,30
6248920,18,8
6248928,5680,8
6249052,2026,8
6249119,3544,69
6249143,3324,29
6249202,3336,33
6249399,2807,117
6249792,2138,15
6249865,439,3
6250007,388,66
6250757,252,74
6250792,110,66
6251222,4413,36
6251278,1145,8
6251902,2194,15
6252541,1250,8
6252605,55,8
6252694,2829,33
6252725,12608,100
6252846,111,29
6252899,9303,128
6253035,87,66
6253169,550,3
6253210,4846,78
6253326,23,8
6253405,349,12
6253988,60,30
6254148,29,15
6254193,9930,2
6254232,136,15
6254281,461,8
6254370,2020,15
6254468,4391,32
6254495,3956,3
6254519,716,3
6254606,827,12
6254617,790,29
6254680,177,40
6254712,11175,47
6254804,373,8
6254982,366,40
6255151,4906,12
6255252,3158,47
6255270,271,8
6255389,6294,40
6255428,864,54
6255455,6504,69
6255627,435,8
6255672,3037,33
6256186,569,29
6256203,99,66
6256244,225,1
6256341,6837,117
6256417,326,54
6256427,3879,130
6256463,4860,5
6256572,717,1
6256765,148,8
6256941,148,54
6257008,66,8
6257196,89,8
6257318,129,54
6257760,1866,15
6257845,66,131
6257869,79,8
6258075,55,8
6258133,92,1
6258151,590,29
6258217,526,8
6258702,295,54
6258769,775,78
6258783,1430,54
6258846,6292,33
6258893,526,1
6259049,106,8
6259622,124,8
6259634,1991,15
6259691,60,15
6259831,551,1
6259935,102,8
6260182,705,70
6260326,267,8
6260535,46,30
6260623,1311,32
6260719,246,30
6260960,962,75
6260993,64,54
6261128,178,8
6261186,22086,30
6261257,2592,75
6261627,1789,15
6261647,58,8
6261682,70,66
6261766,159,54
6261885,3681,30
6261932,52,8
6262026,311,54
6262125,181,54
6262184,78,70
6262264,90,8
6262609,92,8
6262667,64,70
6262737,87,8
6262814,4070,93
6263038,90,8
6263368,52,8
6263431,1727,15
6263531,3295,47
6263577,51,8
6263652,2606,12
6263774,49,8
6263835,130,70
6263863,124,16
6263967,90,8
6264214,52,8
6264418,50,8
6264635,52,8
6264653,122,70
6264694,10652,2
6264851,89,8
6265143,183,70
6265160,1733,15
6265618,78,70
6265641,90,8
6265806,88,8
6265947,55,74
6265984,90,8
6266218,9128,2
6266232,21,2
6266272,1074,12
6266319,51,8
6266352,119,70
6266394,58,74
6266400,71,8
6266641,50,8
6266823,54,8
6266896,1648,15
6266955,32,15
6266990,77,70
6267213,741,93
6267260,51,8
6267354,6226,12
6267618,50,8
6267822,51,8
6267945,361,82
6268001,50,8
6268141,83,74
6268224,3427,44
6268372,50,8
6268547,1639,15
6268920,16,135
6268944,15,135
6268984,50,8
6269160,53,8
6269199,14,135
6269423,142,8
6269506,20,135
6269566,16,135
6270096,60,8
6270188,1721,15
6270920,376,93
6270997,13,135
6271018,3989,93
6271315,49,8
6271547,50,8
6271646,47,8
6271790,25,135
6271845,48,8
6271909,1681,15
6271966,47,8
6272108,13,135
6272120,58,8
6272144,134,70
6272202,3266,8
6272266,14,8
6272479,14,135
6272524,10,135
6272859,17,135
6273012,95,8
6273193,25,135
6273214,49,8
6273411,55,8
6273425,20,135
6273574,65,8
6273595,1666,15
6273725,49,8
6273855,49,8
6273959,1049,12
6273995,48,8
6274134,48,8
6274273,47,8
6274401,51,8
6274559,48,8
6274737,51,8
6274853,60,70
6274896,53,8
6275020,3946,93
6275025,53,8
6275060,2450,12
6275082,554,5
6275126,62,74
6275154,59,8
6275263,1582,15
6275344,52,8
6275471,56,8
6275541,47,8
6275778,53,8
6276159,1051,5
6276212,53,8
6276393,48,8
6276569,57,8
6276698,61,8
6276840,1639,15
6276850,29,8
6276953,26,8
6277093,57,8
6277380,391,8
6277543,2268,82
6277620,309,12
6277781,47,8
6278030,51,8
6278174,50,8
6278358,57,8
6278490,1616,15
6278562,35,8
6278642,3682,8
6278653,32,8
6279852,3958,93
6279918,3959,93
6280109,1660,15
6280376,7551,2
6280393,1788,82
6281021,7541,2
6281386,72,29
6281756,4064,29
6281773,1567,15
6281969,11561,36
6283340,1599,15
6283733,7180,17
6284377,2891,82
6284942,1693,15
6285779,999,29
6286281,1789,82
6286639,1602,15
6287821,93,82
6287969,2187,82
6288245,1660,15
6289465,148,74
6289908,1604,15
6289966,60,15
6290168,123,74
6290784,1942,82
6291515,1633,15
6293152,1570,15
6293161,1760,82
6294315,124,74
6294724,1627,15
6296355,1577,15
6297935,1570,15
6299509,1631,15
6301144,1583,15
6302729,1670,15
6304402,1568,15
6305972,1615,15
6306471,5405,12
6306546,251,12
6307166,3225,12
6307590,1557,15
6309150,1570,15
6310322,616,12
6310723,1404,15
6311040,951,12
6312635,844,5
6313492,3,5
6313594,2,5
6313599,1457,12
6313756,1218,15
6314123,748,5
6314955,11543,5
6314968,37,5
6315074,8514,12
6315514,2820,30
6315991,5330,122
6316021,1102,54
6316304,181,47
6316807,181,47
6316821,11794,128
6317145,12,1
6317384,1410,54
6317660,5776,30
6318036,37,8
6318110,139,8
6318359,1055,3
6318448,877,54
6318525,130,8
6318644,1776,78
6318863,128,8
6318969,6461,47
6319012,278,40
6319105,1465,30
6319155,582,26
6319330,174,40
6319466,367,47
6319619,3263,33
6319794,137,8
6320069,430,3
6320244,268,8
6320584,66,8
6320771,17,66
6320781,89,8
6320836,632,78
6321067,71,66
6321203,256,66
6321320,81,40
6321675,2809,133
6321688,72,40
6321824,36,8
6321955,1018,40
6322104,294,17
6322156,37,8
6322268,2384,39
6322470,57,8
6322589,3244,28
6322667,63,8
6322871,146,8
6322918,2513,47
6322962,53,8
6323090,17,8
6323219,21468,33
6323282,18,8
6323433,21,8
6323481,1949,103
6323569,17,8
6323617,1473,5
6323786,216,12
6323813,24,8
6323881,142,1
6324057,288,40
6324105,26,8
6324275,19,8
6324382,137,1
6324426,25,8
6324574,616,40
6324609,23,8
6324789,36,1
6324865,3549,39
6324918,28,8
6325112,19,8
6325284,18,8
6325515,89,29
6325519,115,8
6325548,3020,40
6325558,1967,17
6325627,22,8
6325699,1306,47
6325806,18,8
6325979,28,8
6326001,25,29
6326014,18,8
6326106,18533,28
6326178,170,30
6326196,18442,28
6326263,48,47
6326281,18,8
6326359,4812,134
6326373,278,47
6326397,2464,8
6326499,22,8
6326529,91,66
6326564,21,8
6326579,18,30
6326602,17,8
6326625,24,8
6326647,576,29
6326669,478,30
6326696,18071,47
6326823,21,8
6326856,14,8
6326953,15,8
6327003,10,8
6327080,9051,2
6327197,38,69
6327226,604,30
6327259,118,66
6327451,100,16
6327612,3224,17
6327741,19,8
6327770,19,8
6327778,88,69
6327831,601,29
6327885,17,8
6327958,44,8
6328017,28,8
6328072,13,8
6328099,7837,122
6328145,15518,36
6328179,367,128
6328325,26,8
6328361,16,8
6328605,71,8
6328682,91,8
6328817,596,29
6328875,35,8
6328947,624,29
6329042,15725,128
6329581,39,66
6329749,47,8
6329971,104,8
6330131,34,8
6330243,74,8
6330798,58,12
6330891,26,8
6330925,75,8
6330959,16,12
6331146,14,12
6331163,13474,12
6331220,13475,40
6331602,13167,8
6331647,13121,8
6331817,2352,51
6332079,1856,30
6332274,372,29
6333352,963,29
6333827,836,36
6334316,812,29
6335064,665,29
6335969,8593,29
6336008,234,29
6336090,335,3
6338169,6855,33
6341800,91,74
6344117,9052,47
6344687,4181,32
6344706,364,93
6344752,1480,24
6344776,6170,2
6344796,6525,93
6345091,9,1
6345140,3492,39
6345176,6728,128
6345254,2880,132
6345517,486,1
6345781,19,39
6345814,1781,39
6345908,3114,82
6346378,274,38
6346387,868,1
6346804,53,66
6347084,15300,122
6347417,13531,36
6347423,85,74
6347842,7637,30
6348002,10073,51
6348513,1228,1
6348889,81,32
6349737,113,74
6350324,22,28
6350506,17,28
6350540,2451,46
6350773,11,28
6350943,12,28
6350979,625,28
6351057,1542,28
6351331,11054,2
6352322,84,74
6352514,435,93
6353758,317,47
6353949,121,74
6355161,18,74
6355841,18,74
6356068,12,74
6356319,13,74
6356591,13,74
6356990,25,74
6357011,7662,22
6358079,10003,51
6358807,61,74
6359690,95,74
6359738,45,1
6360543,950,1
6361327,2030,36
6362313,71,74
6362974,4592,1
6373407,128,74
6374003,116,74
6374480,631,122
6374751,23,74
6374966,10357,122
6375298,123,74
6375422,33,74
6376849,43,74
6378736,21,74
6380105,63,74
6380693,20,74
6381745,21,74
6398284,1528,2
6400150,11798,2
6401100,11446,36
6402452,2820,1
6403020,4010,28
6403032,38,28
6403091,4000,28
6404381,1191,75
6404594,401,75
6406504,7839,22
6406551,890,22
6407257,8536,51
6408712,556,61
6412613,6584,28
6412648,6766,28
6413323,2064,61
6414280,5867,22
6414526,6966,15
6415797,6905,51
6416453,628,61
6417049,1739,82
6417478,471,132
6418357,1056,132
6418945,533,82
6419010,769,61
6419252,2229,28
6420081,5909,22
6420250,931,61
6420325,298,40
6420532,5579,132
6420909,12124,28
6421330,16,40
6421396,157,40
6421565,2650,28
6421892,564,15
6422027,86,40
6422164,149,40
6422488,2563,15
6422708,5108,51
6422884,843,61
6423077,438,29
6423282,42,40
6423412,65,40
6424148,516,29
6424234,4393,28
6424622,436,29
6425329,331,29
6425616,390,29
6426854,82072,26
6426904,25146,26
6427331,290,132
6427525,3833,82
6427821,3432,51
6429523,22,74
6434249,2549,82
6434335,74831,82
6434489,11327,36
6435710,73604,61
6435838,19,70
6435946,73219,28
6436004,346,70
6436135,73030,28
6436550,187,70
6438242,2944,82
6444757,434,51
6445394,2822,1
6454510,2961,82
6454759,5086,82
6499044,128,54
6499329,99,54
6499611,97,54
6499942,100,54
6500158,98,54
6500359,97,54
6507561,9974,61
6512896,7026,70
6513586,43,1
6515156,20,74
6515928,118,74
6516972,129,74
6517676,59,74
6517724,81,74
6519924,7046,70
6523598,23,74
6524181,1303,28
6524258,3764,28
6524469,10419,61
6525541,48230,28
6526972,7030,70
6527260,14389,22
6527266,523,80
6528083,1555,28
6528105,54,74
6528886,592,80
6529729,1463,28
6529769,913,80
6531268,8283,28
6532397,50,74
6533484,120,74
6534004,7032,70
6534539,5997,122
6534595,30,74
6534887,9949,61
6537073,31,74
6537935,37,56
6540749,418,122
6540838,23,74
6540973,7295,82
6541036,7037,70
6541257,3946,82
6541586,14375,22
6541925,438,122
6542027,788,122
6544840,9903,61
6545374,176,80
6545757,172,80
6547489,376,80
6547947,663,80
6548628,3455,80
6550001,38,74
6552611,28,74
6553374,26,74
6554744,10191,61
6563258,14420,22
6564936,9954,61
6569374,41,1
6569498,19776,36
6569648,93,1
6569766,210,1
6569991,4545,1
6570980,380,28
6571458,2267,28
6572282,774,132
6574266,4553,132
6575727,32,40
6576437,12923,1
6576450,13044,28
6576464,356,28
6576613,477,32
6576928,330,5
6577317,299,32
6577531,11946,5
6577800,132,8
6577965,58,8
6578052,44,40
6578172,11321,28
6578265,11306,32
6578277,77,8
6578615,40,8
6578667,10978,8
6578822,10745,8
6579391,101,5
6582685,3983,82
6582743,1346,82
6584474,39,75
6586544,2994,22
6589446,10198,93
6589617,326,8
6589715,1326,5
6590000,93,8
6590218,84,8
6590317,70,8
6590410,23,74
6590438,85,8
6590520,23,30
6590641,36,8
6590897,35,30
6590922,697,58
6590941,79,8
6591064,87,15
6591097,321,8
6591131,29,30
6591153,557,15
6591165,45,40
6591172,36,15
6591304,1430,30
6591380,20,74
6591427,77,30
6591441,165,58
6591571,76,30
6591592,1036,8
6591714,504,30
6591987,39,15
6592026,208,15
6592053,37,15
6592311,3197,32
6592409,3517,22
6592755,3929,8
6592762,58,8
6592779,447,29
6592881,31,74
6592920,113,8
6593054,132,8
6593061,4702,28
6593071,14892,28
6593077,4824,82
6593125,1765,15
6593274,4571,1
6593548,152,8
6593612,2313,40
6593619,785,5
6593704,649,30
6593740,62,8
6593825,94,8
6593855,116,74
6593953,2938,8
6594195,1383,132
6594220,137,74
6594290,687,75
6594437,672,30
6594940,816,29
6595042,1604,15
6595385,213,43
6595574,8013,69
6595716,135,30
6595836,10,51
6595851,7,51
6595867,7,51
6595880,9,51
6595893,7,51
6595906,9,51
6595913,8077,22
6596013,746,11
6596019,175,51
6596067,85,74
6596161,42,74
6596508,136,30
6596543,511,32
6596562,66,51
6596604,59,74
6596649,1653,15
6596769,882,74
6596809,185,11
6596863,10440,51
6596966,111,30
6597194,167,11
6597205,269,32
6597483,133,11
6597620,80,66
6597642,990,133
6597645,12386,2
6597846,2071,11
6597949,695,78
6597999,118,8
6598118,1125,132
6598126,229,8
6598137,1231,74
6598181,454,30
6598404,93,8
6598468,5364,75
6598599,66,16
6598606,1698,15
6598680,127,8
6598696,92,66
6598818,103,8
6598908,839,30
6598957,1062,80
6598972,3510,78
6599044,2850,8
6599141,1022,8
6599407,103,28
6599410,372,32
6599619,72,40
6599734,645,28
6599788,322,66
6599800,65,40
6599806,306,74
6600100,73,30
6600168,3973,30
6600235,109,8
6600248,93,40
6600449,76,8
6600456,214,30
6600488,32,16
6600594,260,66
6600876,359,32
6600951,1921,80
6600965,51,16
6600981,217,8
6601080,1033,133
6601366,225,8
6601456,2175,132
6601498,761,66
6601624,1402,8
6601649,2604,117
6601724,153,40
6601990,567,11
6602055,2330,74
6602099,11,36
6602105,10,74
6602151,452,36
6602334,133,8
6602418,164,40
6602501,511,8
6602603,932,11
6602653,167,40
6602680,289,66
6602885,3484,36
6603231,148,66
6603611,225,8
6603723,2651,80
6603818,1451,66
6603962,9066,22
6604076,5248,47
6604369,75,8
6604477,184,8
6604686,191,8
6604755,2498,11
6604898,90,8
6604995,596,8
6605464,177,32
6605524,502,30
6605660,1593,15
6605728,125,66
6606018,1835,134
6606062,1710,134
6606116,3950,8
6606275,1125,8
6606303,90,66
6606349,7323,117
6606449,1951,30
6606490,407,32
6606707,419,75
6606947,2980,93
6606977,1410,29
6607013,201,32
6607069,47,74
6607293,2385,48
6607309,8891,51
6607319,952,132
6607588,43,26
6607668,68,26
6607952,7813,30
6607956,229,8
6607964,1638,15
6607998,2399,28
6608067,6953,36
6608134,565,134
6608279,1122,66
6608503,506,29
6608725,2441,28
6609034,148,8
6609040,380,80
6609264,135,8
6609355,16575,70
6609517,180,66
6609547,1143,29
6609900,1640,15
6610126,63,66
6610282,7068,47
6610424,45,66
6610451,45,28
6610597,55,28
6610697,771,28
6610841,76,8
6611080,1070,29
6611336,1662,54
6611348,76,8
6611358,438,80
6611370,347,28
6611532,98,28
6612487,77,8
6612640,28,74
6612956,333,28
6612988,308,28
6613004,4570,22
6613155,111,8
6613165,5002,54
6613274,60,8
6613380,4715,54
6613559,852,29
6613738,1539,55
6613746,1546,55
6614795,4374,93
6614858,1078,80
6614942,9107,36
6615348,736,93
6615822,5303,54
6616205,10341,51
6616225,958,80
6617190,40,74
6617270,180,80
6617546,9278,22
6617987,195,47
6618242,377,80
6619050,40,74
6619634,547,80
6619815,7487,47
6620218,3763,54
6620382,595,80
6620435,20,74
6621246,4506,80
6621780,63,74
6622413,135,74
6623077,18792,61
6623800,108,74
6624698,59490,54
6625841,11495,2
6626273,88,74
6626479,13860,70
6627591,59,74
6631968,14253,22
6634961,69,74
6636550,69,74
6642055,13405,70
6650227,14257,22
6654905,61,31
6654906,59,31
6655085,62,31
6655086,61,31
6655147,119,31
6655147,119,31
6655265,61,31
6655266,59,31
6655325,62,31
6655325,62,31
6655385,121,31
6655387,119,31
6655505,61,31
6655506,59,31
6655565,61,31
6655565,62,31
6655626,121,31
6655626,122,31
6655747,58,31
6655747,59,31
6655805,61,31
6655805,61,31
6655866,120,31
6655866,120,31
6655985,63,31
6655986,61,31
6656047,120,31
6656047,120,31
6656105,421,31
6656105,542,31
6656106,60,31
6656106,245,31
6656165,185,31
6656165,186,31
6656166,183,31
6656166,183,31
6656166,481,31
6656347,240,31
6656348,58,31
6656348,58,31
6656348,59,31
6656348,239,31
6656405,62,31
6656406,61,31
6656406,180,31
6656465,60,31
6656525,61,31
6656525,181,31
6656525,181,31
6656586,181,31
6656586,181,31
6656586,600,31
6656646,120,31
6656647,538,31
6656765,121,31
6656766,119,31
6656885,180,31
6656885,180,31
6657247,36783,31
6657305,121,31
6657305,36809,31
6657306,120,31
6657426,124,31
6657426,124,31
6657547,119,31
6657550,115,31
6657665,183,31
6657665,183,31
6657847,119,31
6657848,118,31
6657965,121,31
6657965,121,31
6658085,121,31
6658086,120,31
6658266,121,31
6658266,121,31
6658326,35744,31
6658385,181,31
6658385,541,31
6658386,62,31
6658386,62,31
6658386,180,31
6658386,300,31
6658386,720,31
6658387,60,31
6658447,238,31
6658447,239,31
6658447,719,31
6658565,302,31
6658566,300,31
6658685,121,31
6658685,121,31
6658747,119,31
6658747,1929,31
6658747,35366,31
6658806,120,31
6658806,242,31
6658865,60,31
6658865,362,31
6658866,360,31
6658925,123,31
6658925,240,31
6658925,361,31
6659047,302,31
6659048,654,31
6659105,1570,31
6659106,596,31
6659106,35007,31
6659226,1323,31
6659226,1323,31
6659285,476,31
6659286,474,31
6659701,59,31
6659701,380,31
6659701,1118,31
6659701,1238,31
6659702,58,31
6659759,322,31
6659759,514,31
6659759,631,31
6659820,260,31
6659820,918,31
6660080,73,31
6660080,133,31
6660153,180,31
6660213,1265,31
6660737,82,31
6660819,59,31
6660878,60,31
6660938,60,31
6660938,33092,31
6661593,32425,31
6663170,1307,30
6663228,34,136
6663356,3644,55
6663838,115,30
6689464,10174,61
6691854,5274,54
6694109,301,29
6694549,128,29
6695333,253,29
6695564,205,29
6696149,9038,36
6696308,285,29
6696350,1622,82
6696624,321,29
6697502,61,74
6699211,60,74
6699278,602,29
6699497,755,93
6700388,519,29
6700537,50,74
6701122,4072,47
6701168,1614,15
6701766,524,29
6701819,191,32
6702807,539,29
6703247,8601,22
6704188,10252,93
6704257,43,74
6705989,44,74
6707322,7561,70
6707441,42,74
6707549,30,113
6707650,922,29
6708423,5518,36
6708938,1574,15
6708978,60,15
6709459,19,113
6709746,9942,61
6709838,42,74
6710299,108,74
6710517,1626,15
6710752,10292,51
6711380,43,74
6711571,11,74
6711774,12,74
6711956,14,74
6711960,23,113
6712129,13,74
6712145,1609,15
6712475,43,74
6712652,20,113
6713754,1628,15
6714153,209,54
6714578,210,54
6714595,3156,39
6715386,1565,15
6715818,16631,70
6716930,208,54
6716955,1622,15
6717976,209,54
6718077,19,96
6718517,20,96
6718879,17,96
6719494,18,96
6719688,9979,61
6719942,18,96
6720307,19,96
6720323,14296,22
6720334,6891,93
6720716,34,96
6720958,33,96
6721669,36,96
6722037,37,96
6723018,47,136
6723423,1763,136
6723536,1357,93
6723544,11761,2
6725064,520,93
6725412,1874,136
6727560,3241,136
6729666,10217,61
6730913,3713,136
6734560,14427,22
6735202,3742,136
6735214,13762,70
6739888,9908,61
6740461,2811,136
6743332,502,76
6743624,3695,136
6743653,555,15
6743890,25,36
6745829,4161,36
6747219,4723,5
6747379,3546,136
6747602,318,40
6748507,301,30
6748975,213,30
6749261,209,30
6749268,79,113
6749846,143,8
6750161,200,8
6750229,55,113
6750429,119,8
6750438,2136,40
6750574,248,8
6750910,82,8
6750961,7615,26
6750985,26,32
6751253,71,113
6751277,158,32
6751395,9018,22
6751461,10,78
6751526,872,78
6751911,99,8
6752115,64,8
6752408,96,78
6752447,125,8
6752583,152,8
6752612,942,134
6752639,216,9
6752891,624,113
6753146,9866,51
6753248,1074,78
6753263,172,8
6753287,156,16
6753333,577,40
6753458,975,8
6753475,1279,13
6753589,7817,13
6753634,5024,9
6754043,598,5
6754163,10796,47
6754189,3239,24
6754796,260,8
6754830,1563,78
6754983,352,113
6755057,4503,40
6755073,678,8
6755578,897,75
6756301,533,113
6756325,205,8
6756417,1519,47
6756720,61,8
6756891,1699,8
6757637,471,8
6757904,69,113
6758234,65,8
6758311,616,36
6758409,203,8
6758445,7817,30
6758718,29,113
6758972,432,29
6759260,141,70
6759281,20,8
6759321,138,8
6759437,762,70
6759531,109,8
6759565,477,36
6759737,231,8
6759964,24,113
6760348,9359,22
6760466,347,36
6760792,417,29
6760933,391,70
6761563,47,113
6761634,17,8
6761703,142,8
6761731,382,36
6761885,4113,24
6762064,460,113
6762584,259,40
6762749,143,8
6763016,13257,51
6763106,751,11
6763706,11002,9
6763894,540,11
6764077,227,8
6764254,15440,2
6764304,37,2
6764426,76,36
6764935,350,40
6765027,10,47
6765076,1265,36
6765133,1682,47
6765613,29,5
6765704,126,8
6765989,346,8
6766071,3487,100
6766186,585,29
6766240,829,70
6766326,164,40
6766343,945,36
6766428,62,96
6766757,192,40
6766936,3341,5
6767075,247,8
6767085,308,113
6767289,6610,36
6767572,387,40
6768200,997,40
6768217,4669,39
6768570,866,113
6768578,1129,8
6768670,1005,78
6769620,279,26
6769675,11121,22
6769834,1186,29
6769910,465,70
6769943,495,26
6770079,3937,40
6770097,23,40
6770289,4921,47
6770427,1912,26
6770871,1465,26
6771784,96,8
6771999,15,8
6772055,734,26
6772157,16,8
6772334,395,29
6772364,704,70
6772472,1174,100
6773094,1456,26
6773404,232,8
6773683,46,29
6773739,151,70
6774218,519,5
6775092,4319,5
6776626,13226,51
6776722,441,100
6777527,75,40
6777730,1087,26
6777737,1853,70
6777800,1198,29
6778169,38,16
6778508,38,16
6778840,1107,100
6778990,11790,9
6779030,420,29
6779035,36,16
6779476,3951,93
6779713,22963,5
6780422,1057,70
6780458,272,29
6780496,474,32
6780731,10432,22
6780985,5099,13
6780996,6542,2
6781004,75,66
6781163,218,100
6781467,490,29
6781525,1788,70
6781604,84,66
6781753,22,100
6781999,3125,47
6783747,27,116
6784200,671,29
6784229,1707,70
6784300,498,54
6785410,207,54
6786077,23,74
6786097,210,54
6786464,210,54
6786884,303,54
6787194,160,54
6788647,215,74
6791105,5942,22
6791259,264,74
6792812,210,74
6793224,174,74
6794453,72,36
6794684,4471,36
6794833,6683,51
6795459,858,93
6795950,10213,61
6796015,445,26
6796017,5729,93
6796023,391,26
6805040,36,96
6805301,31,96
6805532,14438,22
6805616,14,96
6805816,12,96
6805922,11,96
6806054,12,96
6806445,17,96
6806886,28,96
6807043,16,96
6807341,12,96
6810617,3782,2
6813969,9938,61
6819967,14366,22
6823908,10157,61
6832797,6570,36
6833632,706,30
6835069,4127,22
6835282,80,30
6835891,991,51
6836048,431,30
6836106,273,40
6836439,20,40
6836497,2071,11
6836646,25,40
6836805,291,11
6836876,8313,26
6837033,38,40
6837087,223,8
6837923,822,51
6837981,1319,30
6838080,6387,5
6838335,428,40
6838799,7451,51
6838816,188,40
6839028,328,40
6839183,9053,22
6839316,376,30
6839451,25,40
6839609,6079,55
6839698,44,16
6839797,25,40
6839877,21,40
6840004,30,40
6840566,997,30
6840607,1147,84
6840802,3318,8
6840945,33,40
6841047,75,8
6841130,219,8
6841255,564,17
6841362,10006,47
6841389,36,40
6841444,356,47
6841456,80,16
6841462,54,40
6841529,834,29
6841585,440,70
6841642,49,40
6841790,15054,58
6841857,138,16
6842056,3938,25
6842240,120,40
6842310,418,47
6842425,190,16
6842475,28,40
6842529,368,70
6842550,297,29
6842559,285,40
6842565,192,8
6842798,5858,8
6842897,183,40
6843170,30,51
6843294,13120,51
6843302,14,40
6843335,88,40
6843354,916,47
6843445,60,30
6843520,1733,30
6843559,187,40
6843863,803,70
6844021,674,29
6844123,28,21
6844139,606,8
6844323,604,32
6844330,1550,11
6844406,1725,38
6844678,10608,70
6844690,310,21
6845311,1099,8
6845332,546,47
6845437,1632,29
6845461,430,29
6845700,8094,55
6845991,39,25
6846031,22,25
6846332,472,40
6846439,23,8
6846473,440,8
6846554,9520,36
6847095,853,8
6847392,5242,2
6847418,816,38
6847670,10,32
6847786,164,32
6848068,256,8
6848077,182,32
6848176,10662,22
6848818,1002,29
6848840,948,29
6848967,640,8
6849269,299,32
6849717,384,8
6849949,1250,29
6849978,1975,29
6850333,317,8
6850413,214,40
6850834,248,8
6850857,289,32
6851291,392,8
6851801,265,8
6851824,259,40
6852002,80,10
6852553,3345,40
6852740,44,10
6853053,748,32
6853211,904,30
6853778,174,8
6853821,2971,32
6853971,599,8
6854219,3520,10
6854228,64,10
6854567,2396,8
6854590,1197,8
6854597,1049,29
6854617,641,29
6854722,80,16
6854763,581,10
6854993,4776,5
6855279,3633,70
6855629,583,122
6855647,251,10
6856131,2708,29
6857128,3648,8
6860478,9719,47
6860529,1082,30
6860541,209,29
6860901,559,29
6860934,2312,32
6860997,6734,9
6861231,502,8
6861282,176,10
6861295,254,40
6861312,9666,36
6861466,764,29
6861473,6198,2
6861486,34,2
6861702,117,40
6861856,2343,17
6861862,57,40
6861874,137,64
6862080,3653,11
6862152,1326,29
6862249,601,8
6862414,242,32
6862423,217,40
6862784,28,40
6863039,5471,58
6863148,5120,32
6863246,195,40
6863324,1160,29
6863334,1831,30
6863473,16955,93
6863498,522,38
6863635,143,40
6863806,63,16
6863951,4377,39
6864140,11,106
6864250,129,17
6864338,8,106
6864555,77,40
6864620,439,96
6864631,23,106
6864677,4015,39
6864773,17,106
6864849,1170,38
6864966,200,17
6865132,113,40
6865150,276,64
6865184,104,96
6865189,23,106
6865197,41,29
6865325,17,106
6865402,25,29
6865438,252,40
6865444,10607,106
6865470,102,96
6866249,425,96
6866679,39,29
6867181,613,17
6867852,418,96
6867937,135,29
6867951,10170,13
6868082,138,29
6868641,202,29
6868930,187,29
6869073,3271,39
6869418,23158,5
6869559,3689,2
6869795,280,47
6871988,2262,54
6876501,3686,51
6877070,4750,36
6877169,107,51
6879677,4694,2
6880297,2400,93
6881162,14276,13
6881633,3166,122
6882515,10197,61
6886865,567,122
6887182,354,122
6887636,509,122
6887827,2387,122
6888979,14408,22
6892713,9914,61
6900192,7632,13
6902628,10200,61
6903387,14304,22
6907828,13742,13
6912832,9902,61
6915714,31,51
6915754,30,51
6919283,27,51
6919302,900,5
6919317,25,51
6919348,24,51
6919379,31,51
6920316,838,30
6920881,34,40
6920890,163,36
6920932,224,40
6921573,7639,13
6921951,23,36
6922377,3818,51
6922697,849,36
6922945,850,30
6924262,85,54
6924460,2550,54
6925638,233,40
6925713,264,30
6926065,19,43
6926202,6413,51
6926323,12,40
6926481,8473,122
6927546,6172,5
6927549,63,16
6927954,7512,36
6928209,137,16
6928575,201,40
6928647,9134,47
6928848,61,40
6928949,189,40
6929181,16,40
6929225,16916,13
6929248,16,40
6929368,47,16
6929626,18,40
6929800,31,16
6930075,636,30
6930486,65,40
6931734,6343,9
6931796,74,21
6932622,6707,51
6932859,219,21
6932907,2970,54
6934069,4741,54
6934476,1817,5
6934793,10812,133
6934824,5980,122
6935469,9261,36
6936737,1381,36
6937116,175,40
6937394,264,40
6938454,396,40
6939283,2888,39
6939336,4259,51
6939744,122,40
6939786,240,8
6940109,304,96
6940368,804,40
6941417,78,40
6941529,111,40
6941701,801,40
6941730,30,21
6942156,155,21
6942496,18,21
6942771,242,21
6943128,15,21
6943236,5149,5
6943603,7216,51
6944073,8219,21
6944648,2429,5
6944677,1789,39
6946720,986,28
6947412,3178,122
6948030,366,28
6949732,68,30
6949893,314,30
6949969,57,30
6950119,74,39
6950195,1912,64
6950263,344,39
6950345,9746,110
6950648,1732,39
6951580,9,51
6951597,7,51
6951610,7,51
6951623,6,51
6951636,7,51
6951649,7,51
6951662,7,51
6951700,3707,51
6952320,15499,13
6952438,2452,54
6953048,2993,39
6955415,3365,51
6958791,3375,51
6963057,223,47
6966103,99,5
6967006,3531,39
6967309,2134,47
6967392,1849,47
6968631,9882,61
6970672,1446,47
6970755,1495,47
6972633,1564,47
6972684,1481,47
6972973,7948,13
6973077,14334,22
6974567,2201,39
6978517,10156,61
6979320,77,17
6988673,9880,61
6997112,14350,22
6998553,10180,61
6999194,2601,39
7005421,3380,51
7007387,11488,5
7008735,9885,61
7008807,3367,51
7011420,301,80
7012180,3364,51
7012193,61,51
7013145,297,80
7015551,3385,51
7016162,1294,47
7016276,1403,47
7018623,9839,61
7019354,11543,5
7025198,1853,13
7027122,34,54
7027620,166,54
7028465,10137,61
7028527,12016,13
7029037,1260,54
7034398,23032,5
7038604,9881,61
7040550,10369,13
7048488,10170,61
7050924,17514,13
7057717,23006,5
7058658,9826,61
7059522,14341,22
7068439,10028,13
7068541,10002,61
7073864,14275,22
7078469,17171,13
7078493,10196,61
7088142,14226,22
7088689,9902,61
7095644,14443,13
7098594,10085,61
7100244,441,51
7100692,844,51
7101903,50,51
7101959,11,51
7101977,11,51
7101984,22991,5
7101994,12,51
7102012,12,51
7102030,11,51
7102047,12,51
7102398,398,51
7102413,383,51
7102830,81,51
7103418,89,51
7104002,229,51
7105171,3376,51
7108554,3354,51
7108741,10186,61
7108744,2471,39
7109343,19,54
7109977,1320,54
7110089,11986,13
7111544,19,54
7111914,3389,51
7112068,550,54
7112634,406,54
7113582,1136,54
7115310,3464,51
7115323,60,51
7118031,1398,54
7118522,577,39
7118784,3448,51
7118933,10112,61
7119242,653,54
7119546,122,39
7120100,1478,54
7121154,244,39
7122241,3401,51
7122254,78,51
7122701,108,39
7123051,2094,54
7125063,2196,39
7125649,3432,51
7125661,62,51
7128991,10172,61
7134193,3056,22
7139166,9892,61
7145337,12256,70
7145771,14292,22
7149118,10134,61
7157593,8011,70
7159255,9849,61
7160065,14358,22
7165609,14211,70
7169105,9944,61
7174480,14390,22
7177836,3088,22
7178991,10234,61
7179822,7944,70
7180858,3129,22
7181187,30,113
7182020,11961,5
7182584,18,113
7183926,3043,22
7184001,19,113
7186570,18,113
7186906,3033,22
7187769,14042,70
7187936,485,26
7188505,19,113
7189227,9950,61
7189875,3108,22
7191001,10819,21
7192919,3001,22
7195881,73,113
7195896,3053,22
7196967,81,113
7198381,37,113
7198884,3097,22
7199176,10224,61
7201017,27,113
7201823,7957,70
7201959,3160,22
7201985,34,113
7202767,18,113
7204985,26,113
7205056,3028,22
7205765,28,43
7205899,27,113
7206174,26,113
7206534,490,113
7208016,3115,22
7209409,10070,61
7209794,12925,70
7211068,3067,22
7211170,9141,5
7211975,741,93
7213645,500,113
7214071,3038,22
7215638,738,113
7215738,1472,93
7216554,554,113
7217091,14132,22
7218284,496,113
7225865,5196,133
7227313,19983,70
7245557,14360,22
7259917,14448,22
7266589,1512,1
7266954,539,80
7278516,262,51
7278649,280,1
7278787,118,51
7278912,12,51
7278931,736,133
7278955,3660,93
7279154,538,80
7279407,201,51
7279715,1448,36
7279756,3387,51
7280045,537,80
7280770,430,80
7281606,1601,1
7281914,253,38
7283148,3378,51
7283409,529,80
7283765,11762,5
7283869,1440,36
7284378,1433,36
7285330,34,116
7285924,4640,93
7286534,3562,51
7286546,23,51
7286566,39,1
7286963,880,113
7287258,1595,36
7287411,124,1
7287507,40,116
7288666,182,116
7289827,123,1
7290077,1641,36
7290085,288,8
7290104,8225,51
7290261,10459,93
7290507,9683,110
7290753,3988,38
7290773,1462,38
7290956,204,116
7291661,144,113
7291905,174,1
7291954,177,116
7292353,24,116
7292475,50,113
7292663,20,116
7292883,175,1
7292917,51,36
7293085,10340,21
7293096,20,21
7293114,1612,36
7295062,1465,36
7295196,7773,70
7296881,20,116
7296912,1212,38
7297698,4910,70
7298340,6354,51
7298353,60,51
7298844,1459,36
7299667,4110,93
7300026,74,113
7300454,23091,5
7300516,89,38
7300814,30,113
7302095,73,113
7302513,35,113
7304101,12256,26
7304299,32,113
7304706,3647,51
7304822,33,113
7306199,463,113
7307017,452,113
7309490,36,1
7309774,39,1
7310518,234,15
7310969,23423,15
7313542,36,113
7315262,459,113
7317081,10337,70
7317121,461,113
7317219,9920,61
7318304,463,113
7319087,14406,22
7319512,509,113
7320442,451,113
7321587,445,113
7322721,467,113
7324005,456,113
7325233,445,113
7326375,476,113
7327079,9911,61
7336991,10241,61
7337823,7673,70
7343178,14414,22
7345499,9975,70
7347232,9920,61
7347657,88,1
7347833,118,1
7349019,122,1
7349876,121,1
7350659,120,1
7351244,3548,51
7351480,163,1
7351497,11533,5
7351897,136,1
7354147,20385,15
7354399,5063,15
7354637,21,116
7354745,213,116
7354772,915,26
7355117,231,116
7355409,218,116
7355475,18055,70
7355918,211,116
7356262,19,36
7356720,3758,116
7357151,10198,61
7357329,43,1
7357592,32,1
7358640,11550,21
7362278,1223,116
7362624,570,38
7363493,44,1
7363972,76,116
7364666,3810,116
7364770,3805,116
7364951,43,1
7365257,12043,5
7365406,149,38
7365519,44,1
7366214,873,36
7367354,10263,61
7368075,7995,15
7368429,35,1
7369510,146,1
7369564,4397,51
7369801,131,1
7370057,231,1
7370515,244,1
7370926,240,1
7372829,249,1
7373119,242,1
7373548,50,1
7373670,1376,38
7374278,3421,51
7374473,14131,70
7376396,921,38
7377109,2055,93
7377613,10209,61
7377711,3432,51
7377719,862,36
7378104,101,38
7379858,3970,38
7379869,552,38
7380437,72,38
7380951,8043,93
7381153,3669,51
7384623,692,38
7384832,3462,51
7385958,395,38
7386689,526,38
7387543,533,113
7387827,10225,61
7388300,4483,51
7388312,60,51
7389134,3652,93
7389483,7834,70
7389785,800,113
7390847,20312,15
7391134,858,113
7393381,1028,113
7394256,3339,51
7394756,869,113
7397205,464,113
7397330,15388,70
7398061,9972,61
7399959,21370,5
7402395,47,113
7403780,428,113
7405384,542,80
7406543,6490,70
7407141,14372,22
7408034,10196,61
7412721,12392,70
7418231,9929,61
7428161,9944,61
7433067,14371,22
7434775,23329,5
7437376,3330,51
7438107,10205,61
7440712,5350,51
7440724,21,51
7441905,115,21
7441973,23353,15
7442364,5553,21
7445182,4921,70
7446069,4480,51
7447072,1089,38
7447121,3225,36
7447964,89,21
7448352,9966,61
7448377,134,21
7448614,91,21
7448752,676,38
7448990,84,21
7449110,106,21
7449522,32,21
7449697,91,21
7450034,1100,21
7450319,51,36
7450388,6386,36
7450557,925,51
7450563,11229,54
7450716,1391,21
7450955,7024,93
7451389,95,38
7451523,3998,137
7451679,118,26
7451776,3468,51
7453203,603,38
7453440,7787,13
7454691,4990,13
7454720,241,116
7455251,3583,51
7455555,2507,116
7456300,1831,116
7456307,244,1
7457792,256,1
7458201,2935,116
7458292,10174,61
7458841,3708,51
7459387,321,116
7459754,2897,116
7459774,241,1
7459973,1037,38
7460687,260,1
7461140,1690,38
7461532,266,1
7461561,2743,116
7462556,5623,51
7462568,60,51
7462861,261,1
7462987,1817,116
7463098,4060,38
7463117,4406,93
7463849,26,21
7464133,3388,21
7464408,521,116
7464639,769,36
7464903,373,1
7464976,350,116
7465123,1249,13
7465415,5784,116
7465463,6137,36
7465642,5888,116
7466911,426,1
7467107,10449,13
7467184,6736,93
7467345,16678,70
7468038,1233,21
7468103,5956,54
7468185,3901,51
7468523,10365,61
7471536,1530,116
7471651,260,1
7472093,3361,51
7473338,339,38
7476827,8944,54
7477467,3309,51
7478828,10254,61
7480264,2321,116
7480312,6354,36
7480801,4855,116
7482050,7912,13
7483173,5023,116
7486060,2556,116
7488369,2850,116
7489085,10158,61
7490781,9812,70
7490800,23192,15
7491507,14332,22
7499327,9919,61
7509189,10229,61
7509859,14310,22
7519420,9987,61
7520347,6887,36
7522239,7878,13
7523664,3317,51
7525966,2745,116
7526350,2725,116
7526987,3302,51
7529010,935,116
7529190,2751,116
7529409,9942,61
7530112,2904,116
7530123,7806,13
7530297,397,51
7530310,18016,70
7530659,214,38
7530720,480,51
7531086,1609,38
7531258,6097,51
7531485,4043,21
7532784,5498,54
7532808,109,38
7533561,514,1
7533938,1127,116
7533998,70,92
7535138,451,1
7535235,3785,116
7535399,3011,116
7535560,770,38
7535669,967,21
7536206,71,92
7536564,1746,38
7536574,92,92
7536670,51,21
7537317,75,92
7537362,3597,51
7537538,308,92
7537932,7971,13
7538185,482,36
7538537,1144,38
7538599,3104,116
7539017,268,1
7539072,3747,116
7539384,10243,61
7539497,10,36
7539570,7,36
7539648,520,36
7540208,263,1
7540344,432,36
7540432,323,38
7540783,304,36
7540966,3449,51
7540978,36,51
7541095,202,36
7541305,805,36
7541724,17,116
7541918,16,116
7542094,4010,116
7542174,46,36
7542270,298,36
7542815,1559,36
7542886,329,116
7543325,4647,116
7543514,277,1
7544421,3496,51
7545020,275,1
7545541,3020,93
7546050,287,38
7546071,22,36
7546236,144,116
7546554,455,38
7546828,198,116
7547032,409,36
7547056,3763,116
7547292,231,38
7547564,274,36
7547776,1393,38
7547821,268,1
7547925,4383,51
7547958,24,36
7547993,952,36
7548234,267,1
7548249,19,1
7548922,219,116
7549106,704,63
7549116,1303,36
7549185,273,1
7549372,2971,116
7549598,9931,61
7549882,40,1
7550334,324,1
7550429,42,36
7550443,38,36
7550491,5325,36
7550814,955,38
7551406,7796,13
7551517,418,116
7551525,3462,63
7552244,4743,116
7552314,4051,51
7552338,276,1
7552773,315,116
7553106,2517,116
7553675,362,38
7554958,116,38
7555219,9701,70
7555761,314,116
7555813,4634,63
7556067,20043,36
7556203,20,36
7556242,2543,116
7556320,869,38
7556819,2846,93
7557375,797,38
7557810,236,116
7558161,3314,51
7558590,56,116
7559207,7770,13
7559533,10318,61
7561482,3308,51
7561494,76,51
7564800,3311,51
7565030,1180,54
7565087,19,54
7565431,7653,70
7566982,16441,13
7569853,9924,61
7572728,64,36
7574663,16919,70
7579073,14306,22
7579783,9924,61
7579867,50,61
7585138,2791,36
7589712,10295,61
7591103,15546,13
7600007,9941,61
7606651,7940,13
7609952,10308,61
7610129,3301,51
7610141,21,51
7610160,61,36
7611380,2819,36
7613437,3311,51
7613448,75,51
7614195,14231,70
7614592,18534,13
7616754,3343,51
7616766,62,51
7617502,836,36
7618598,147,92
7618740,275,36
7619081,142,92
7619168,211,36
7619385,4876,36
7620260,9908,61
7621147,142,92
7621827,141,92
7622233,4533,15
7622339,142,92
7624282,3835,36
7624295,23,36
7626647,66,92
7626815,75,92
7628008,37,92
7628254,15,92
7628389,672,36
7628718,18,92
7628836,16,92
7629163,17,92
7629307,45,92
7629410,1437,36
7629500,36,92
7629672,5508,36
7630214,9906,61
7630256,43,92
7630775,38,92
7630955,2469,36
7630995,13,92
7631123,37,92
7631316,13,92
7631441,14,92
7631569,38,92
7631781,37,92
7631894,37,92
7631984,12,92
7632558,17,92
7640082,10144,61
7647292,507,54
7648239,509,54
7649321,1209,54
7650274,9919,61
7650556,11489,54
7651506,4604,15
7660151,10195,61
7661622,4548,15
7664335,14335,22
7666173,4510,15
7668553,4878,70
7668957,10462,70
7670347,9863,61
7670686,4743,15
7672807,21539,54
7675431,4592,15
7679419,7547,70
7680026,4577,15
7680271,9934,61
7684606,4525,15
7686969,7436,70
7689134,4528,15
7690146,10256,61
7692002,11343,54
7693665,4513,15
7694408,7545,70
7695243,279,1
7698181,4568,15
7700406,10206,61
7701956,8821,70
7702752,4806,15
7704498,5001,70
7707456,6460,36
7710665,10596,61
7710780,10414,70
7714121,4814,15
7721197,10583,70
7721211,10251,61
7725384,4858,15
7725447,57,15
7725776,415,82
7728010,547,36
7728666,5402,70
7730293,391,46
7730617,4666,15
7731475,10155,61
7731525,3774,46
7731782,17341,70
7732711,405,82
7734108,22437,70
7741631,10225,61
7750849,934,82
7751394,18512,70
7751857,9888,61
7752077,1099,82
7752591,157,46
7753547,3918,82
7756078,923,82
7758901,4527,15
7761746,10210,61
7762727,10661,13
7771959,9900,61
7774324,49,92
7774717,46,92
7775071,50,92
7782066,16,70
7782085,4509,15
7786144,7707,13
7786914,4525,15
7789601,11535,54
7791756,4496,15
7793873,5050,13
7795447,44,92
7796117,15,51
7796257,3456,51
7796333,11411,54
7797180,22,92
7797336,66,92
7797487,12,92
7797631,62,92
7797743,65,92
7798094,67,92
7798822,71,92
7799332,69,92
7799604,471,82
7799651,82,92
7800030,71,92
7800696,716,82
7801315,7663,13
7801336,4607,15
7802374,743,82
7804274,36,103
7804510,95,103
7804890,67,103
7805032,97,103
7805192,946,103
7805518,93,103
7810136,11901,36
7813072,7587,13
7813679,696,82
7815520,663,82
7817098,1085,82
7817309,4821,15
7819625,966,82
7820760,7595,13
7828357,7594,13
7833002,2392,39
7834543,2451,82
7834621,1029,82
7835471,281,39
7835954,18159,13
7838007,1147,82
7839818,1074,82
7844506,3968,82
7844611,855,82
7845995,3463,82
7855380,15495,13
7863881,14803,54
7868566,832,36
7870885,14081,13
7871202,2577,13
7873088,38,66
7873120,5849,36
7873772,99,66
7873923,46,66
7874246,46,66
7874304,43,66
7874880,61,66
7875496,70,66
7877125,5335,51
7877651,3788,82
7877830,7927,28
7878436,9888,36
7881228,208,28
7881511,1432,82
7881581,40,82
7881905,30,40
7882474,3278,51
7882616,100,29
7882780,1127,29
7882797,662,29
7885175,233,39
7885765,3842,51
7886808,5589,28
7889726,81,1
7889934,54,1
7890239,807,29
7890419,59,1
7890509,139,66
7890526,6038,82
7890724,541,29
7891097,72,1
7891502,88,1
7891884,80,1
7892099,1542,29
7892141,761,29
7892475,6717,51
7892551,59,1
7892874,754,1
7892947,1271,29
7894071,1067,41
7894105,39,1
7894254,13301,28
7894304,887,29
7894468,72,1
7894891,104,36
7895030,289,39
7895259,914,40
7895310,41,1
7895626,1311,13
7895669,6434,41
7895744,1468,29
7895779,1415,29
7896400,427,39
7896424,58,1
7896883,55,1
7897230,95,36
7897489,540,39
7897551,1451,29
7897567,1369,29
7897927,1178,28
7897943,189,36
7898171,13,3
7898970,50,1
7899030,7911,13
7899195,1142,82
7899203,3832,51
7899567,252,36
7900136,178,36
7900861,2480,38
7903044,8646,51
7903290,8154,22
7903941,3972,16
7903955,69,16
7904056,1566,38
7904407,8802,54
7904714,4560,15
7904969,60,15
7905044,23,86
7905386,20,86
7905612,4059,86
7905619,2116,29
7905682,24,29
7906003,933,29
7908522,1345,29
7908543,421,29
7909459,4559,15
7911016,429,29
7911116,448,29
7911432,924,22
7911699,936,51
7912409,484,29
7912446,487,29
7914267,92,1
7915147,135,1
7915382,492,29
7915420,499,29
7916642,1421,13
7916741,905,86
7917580,87,1
7918140,98,1
7918311,10400,13
7918314,71,15
7918849,31,1
7918880,14342,22
7920288,1553,82
7920521,1129,82
7922614,308,80
7922809,4524,15
7923763,168,80
7924385,168,80
7924581,1051,13
7925730,167,80
7926552,167,80
7927127,8829,54
7928204,12,40
7928340,173,80
7928707,7561,13
7928914,4623,15
7933156,173,80
7933210,14376,22
7933540,4518,15
7936272,7545,13
7943821,7574,13
7946892,4497,15
7948673,14391,22
7951397,12273,13
7951402,4592,15
7952197,140,1
7952648,2116,1
7953051,10764,76
7955019,432,5
7956001,4551,15
7958292,15,138
7959482,7037,36
7959621,5318,54
7961272,15,40
7965583,1665,82
7965698,189,30
7965938,355,30
7966207,3616,55
7966460,198,30
7966713,237,66
7966772,482,138
7968028,483,38
7968236,200,30
7968358,37,28
7968400,58,28
7968431,545,66
7968467,197,76
7968493,3029,28
7968794,1022,38
7968905,2440,76
7968927,1089,75
7969873,4779,15
7970007,489,38
7970367,459,75
7971113,971,134
7971307,20690,41
7971647,348,134
7971856,13244,28
7972799,2727,5
7972882,395,29
7973483,5914,5
7973701,141,1
7975666,230,1
7976129,7543,13
7976275,74,46
7976719,126,1
7977479,230,1
7977503,210,28
7977974,337,28
7978232,47,8
7978320,338,38
7978340,232,1
7978740,1083,134
7978753,1056,8
7979221,312,8
7979391,252,1
7979416,4118,5
7979655,129,8
7979732,228,1
7979907,2101,134
7980018,31,92
7980103,2795,38
7980119,239,1
7980366,37,92
7980376,223,1
7980743,624,40
7980824,22474,137
7980829,33,92
7981089,34,92
7981705,332,1
7981714,1995,86
7981725,429,26
7981726,70,1
7982192,70,26
7982426,72,26
7982532,33,92
7982593,267,1
7982783,11527,40
7983003,33,92
7983046,43,8
7983117,171,8
7983141,36,92
7983213,279,1
7983384,4636,15
7983403,33,92
7983488,50,139
7983554,310,26
7983569,30,139
7983609,28,92
7983666,7391,13
7983693,34,92
7983831,29,92
7983876,434,38
7983922,91,139
7984023,33,92
7984123,29,92
7984199,346,26
7984263,45,92
7984429,49,92
7984541,45,92
7984601,119,66
7984818,814,38
7984854,314,139
7985102,50,92
7985194,807,139
7985202,1323,29
7985212,92,66
7985279,928,29
7985402,108,26
7985525,101,26
7985565,89,16
7985610,135,66
7985794,48,92
7985887,45,92
7985964,3983,8
7985972,614,8
7985981,354,139
7985992,91,16
7986328,130,1
7986364,3973,38
7986377,180,38
7986671,66,8
7986758,210,38
7986819,595,66
7986833,73,139
7986880,47,92
7986963,284,8
7987069,131,1
7987202,72,139
7987380,54,92
7987432,299,8
7987493,47,92
7987536,128,1
7987543,228,66
7987611,49,92
7987653,1002,82
7987885,209,66
7987966,418,8
7987977,89,92
7988270,3970,66
7988716,879,82
7988810,8425,139
7989069,50,92
7989155,304,8
7989622,473,8
7990331,438,29
7990368,891,29
7990519,354,1
7990755,4530,15
7991066,7365,13
7991224,346,38
7991298,5912,86
7991365,362,1
7991662,386,1
7992262,360,1
7992722,79,46
7992881,23,46
7993950,122,29
7993970,67,29
7994105,431,29
7994145,1095,29
7995928,257,80
7995950,548,46
7995993,720,29
7996034,491,29
7996776,388,29
7997455,1024,80
7997959,464,8
7998432,15941,13
7998437,510,8
7998550,4328,80
7999573,8813,22
8000768,9368,86
8005168,233,1
8005833,59,1
8006536,64,1
8006605,3738,80
8007101,11547,40
8007241,155,1
8007700,4581,15
8007800,88,1
8008180,93,1
8008958,86,1
8010073,83,1
8010411,58,1
8011468,193,39
8011958,14264,22
8012350,2267,39
8012392,4498,15
8012401,179,80
8013371,180,80
8013747,536,80
8014196,119,9
8014483,15094,13
8014534,225,9
8014847,523,80
8016210,1160,80
8016476,108,82
8016663,381,82
8016890,4522,15
8017607,3883,80
8021418,4525,15
8029578,1478,13
8029761,9722,9
8037495,3117,15
8044115,467,1
8044182,5883,5
8045006,401,138
8045247,16584,28
8045706,11532,40
8047259,1030,38
8047583,9691,22
8047642,6588,13
8047919,434,1
8048122,19,86
8048219,17,86
8048577,416,40
8048803,43,86
8048891,94,9
8048906,588,38
8049110,14841,86
8049359,3313,26
8049378,101,26
8049384,14769,139
8049509,2690,38
8049887,1488,30
8050083,4165,5
8050122,61,138
8050326,13530,9
8051560,237,40
8051850,9115,28
8052382,1029,38
8052441,4686,32
8052695,1100,40
8053346,2642,82
8053521,104,8
8053656,552,8
8053776,10,5
8054220,2078,11
8054229,19788,13
8054263,149,8
8054451,30,8
8054520,127,40
8055171,173,40
8055595,171,8
8055621,435,40
8055921,321,38
8056093,2664,40
8056442,42,140
8056823,446,1
8057143,30,138
8057272,11023,22
8057463,92,1
8057549,200,29
8057596,4550,30
8057603,34,138
8057727,350,138
8058430,483,36
8058472,469,29
8058829,114,1
8059008,461,80
8059931,263,29
8060095,359,80
8060292,1054,26
8060399,114,8
8060568,129,8
8060716,122,8
8060727,1683,26
8060774,1140,40
8061006,728,28
8061100,239,8
8061108,3701,22
8061564,223,29
8061947,340,40
8062125,878,80
8062329,3763,40
8062347,449,40
8062432,78,29
8062787,16414,26
8062987,503,40
8063046,337,29
8063506,143,40
8063605,282,29
8063740,1746,40
8064154,12018,139
8064403,59,43
8064466,11,30
8064742,260,29
8065375,1642,13
8065482,2525,80
8065515,3622,40
8065537,5270,30
8065747,60,22
8066105,11271,9
8066124,294,38
8066373,509,29
8066463,37,28
8066584,2666,28
8066912,21,43
8067292,102,22
8067382,94,13
8068043,414,29
8068238,9670,22
8069105,220,75
8069161,158,22
8069439,253,29
8069539,206,40
8069958,388,29
8070315,424,28
8070354,144,30
8070669,4349,80
8070738,362,30
8070822,3400,28
8071177,289,29
8071495,149,30
8071893,220,29
8071942,233,30
8072177,439,30
8072250,77,30
8072257,236,29
8073524,11798,86
8075159,1012,100
8076183,3779,139
8076520,2265,82
8078038,410,29
8078066,7015,22
8078143,38,29
8078668,32,29
8078754,3231,9
8080035,1119,100
8082315,3919,80
8083805,42,40
8083950,446,40
8085022,6287,22
8086493,7107,86
8086704,1393,80
8088191,3857,80
8093223,3916,80
8097527,188,80
8122065,14380,22
8123903,86,84
8125627,6808,22
8126593,76,138
8126705,210,138
8126853,191,138
8126992,122,138
8127555,216,138
8127628,147,138
8129257,954,43
8129946,5964,5
8131540,16,1
8131744,374,30
8131971,81,1
8132279,751,30
8132971,84,1
8133738,225,30
8134230,89,1
8134385,1472,11
8134506,210,30
8135482,14,25
8135515,343,30
8135700,1398,13
8135728,199,38
8135922,2048,5
8135952,82,1
8135995,135,66
8136089,578,28
8136101,745,30
8136150,174,66
8136317,744,28
8136782,50,92
8136990,84,1
8137040,47,92
8137067,90,1
8137088,41,1
8137154,46,92
8137161,80,1
8137334,257,30
8137635,365,11
8137807,11713,26
8137983,157,1
8138086,59,92
8138456,50,92
8138784,49,92
8138871,126,1
8139610,14,22
8139718,52,92
8140242,315,139
8140329,580,38
8140725,322,28
8140771,16459,28
8141036,109,139
8141146,857,139
8141191,149,30
8141395,217,138
8141429,188,138
8141505,3248,5
8141542,137,30
8142036,752,38
8142802,12,141
8142860,4542,141
8142866,900,28
8142874,14,141
8142923,27,141
8142957,764,141
8143344,483,139
8143835,344,38
8144580,133,1
8145087,6954,80
8145199,442,140
8145379,11503,139
8145743,422,138
8145747,127,1
8145926,12,1
8146388,74,30
8146519,145,30
8146980,156,1
8147174,227,30
8147341,159,1
8147596,297,11
8147907,686,11
8147926,170,39
8148282,37,1
8148289,145,30
8148721,168,30
8148826,28,1
8149011,6,1
8149024,22,1
8149225,22,1
8149328,384,11
8149524,757,40
8149585,645,75
8149665,111,140
8149905,503,133
8150012,11708,26
8150517,1333,40
8150526,3564,78
8150725,7939,32
8150987,592,11
8151889,528,11
8151960,18,40
8152100,83,40
8152431,1281,11
8153049,249,29
8153089,43,29
8153194,960,20
8153651,460,40
8154083,15,100
8154107,11,100
8154171,6146,20
8154203,108,29
8155063,2024,39
8155195,1403,28
8155400,114,29
8155502,434,100
8155774,102,92
8155812,52,1
8155893,272,30
8156138,64,29
8156190,86,92
8156368,99,92
8156456,31,1
8156522,78,92
8156600,1218,11
8156644,94,92
8156738,88,92
8156952,4043,5
8157060,230,30
8157074,76,92
8157191,562,28
8157199,4053,100
8157219,654,36
8157226,48,92
8157422,453,30
8157579,51,92
8157800,771,29
8158194,53,29
8158203,282,30
8158243,51,92
8158336,84,29
8158427,46,92
8158518,4776,13
8158670,349,30
8158681,46,92
8158703,4330,39
8158907,3632,93
8159055,90,92
8159847,153,29
8159969,51,92
8160077,22441,137
8160094,1012,134
8160383,141,29
8160469,165,92
8161123,167,30
8161402,17,23
8161872,18,23
8161949,14,23
8162304,22,23
8162312,117,139
8162322,1666,93
8162649,581,63
8163000,74,139
8163312,23269,5
8163353,5294,22
8163422,81,29
8163720,4930,93
8163736,5775,139
8163920,1692,80
8165541,550,82
8165935,1444,80
8166562,1198,82
8167270,180,29
8168003,408,29
8168463,4091,80
8168634,4083,22
8174766,2070,140
8175444,22497,139
8182462,494,8
8182973,14326,22
8189371,13709,26
8215616,3125,22
8217774,11739,5
8218677,3044,22
8220958,244,35
8221388,822,35
8221656,3022,22
8224614,3127,22
8224722,11917,26
8227677,3048,22
8230001,4056,80
8230662,3022,22
8232350,198,36
8232562,281,36
8232974,30,36
8233621,3122,22
8233837,913,8
8236145,4093,80
8236352,736,8
8236680,3015,22
8237693,733,8
8237832,108,36
8238374,110,36
8239010,293,36
8239632,3028,22
8241388,81,92
8241648,76,92
8241833,75,92
8242168,49,92
8242373,48,92
8242563,215,9
8242596,5197,22
8242707,49,92
8243161,80,92
8243488,6519,9
8243542,21149,5
8243877,79,92
8244114,78,92
8247729,4182,22
8248163,2319,80
8248351,81,92
8248797,8593,26
8250805,4068,80
8251846,3021,22
8254808,6121,22
8255168,335,80
8255898,3634,80
8260073,1372,80
8261478,3440,80
8264218,412,73
8264660,37,5
8264846,13768,5
8265059,25,8
8265094,303,8
8265240,6626,9
8265526,1252,80
8265539,312,8
8265997,479,8
8268891,1401,80
8269127,592,80
8269138,14329,22
8269840,426,80
8272279,301,80
8273370,2015,80
8277441,2335,80
8280962,701,80
8282219,2025,80
8283469,14350,22
8284382,3008,80
8304070,3318,22
8305385,11773,5
8307324,5393,22
8308893,9204,9
8309113,314,28
8309307,58,28
8309510,9484,51
8310311,444,28
8312653,7617,22
8313457,466,8
8315476,995,8
8316727,1434,8
8318903,11690,5
8319001,6721,51
8320204,5801,22
8321816,267,26
8325560,70,36
8325728,8658,51
8325740,60,51
8325881,296,36
8325966,7297,22
8326901,73,40
8327607,2505,86
8327988,136,40
8328988,190,40
8329267,156,40
8329451,172,40
8329669,82,40
8329783,136,40
8329969,95,40
8331084,230,138
8331157,161,138
8331188,11918,86
8332110,472,40
8332614,231,40
8332939,343,40
8333199,8786,22
8333348,230,40
8333676,408,40
8334166,189,40
8334392,8954,51
8334476,75,40
8334563,458,40
8336730,3423,5
8338589,4052,80
8341927,8775,22
8342376,308,36
8342770,4089,80
8342993,365,36
8343108,11326,86
8343356,10101,51
8343701,284,36
8345563,297,36
8347134,279,36
8348147,274,36
8348634,7688,17
8349326,270,36
8350289,2683,80
8351174,275,26
8353437,3684,80
8357641,14362,22
8358164,2098,17
8360798,128,17
8365229,2024,17
8367760,139,17
8372005,14382,22
8386873,28,22
8387331,233,22
8387678,859,22
8388075,1560,63
8388234,367,41
8388693,3180,5
8389231,24822,41
8389520,3777,30
8389677,3989,5
8389684,43,22
8389723,29,28
8389800,49,22
8391631,46,22
8391918,12475,5
8392419,12387,26
8393177,8092,22
8393690,4283,30
8393872,457,66
8394261,529,28
8394556,9579,51
8394848,324,132
8395620,503,133
8396010,3149,9
8396224,4152,78
8396813,3671,109
8396838,63,109
8396940,77,109
8397033,308,109
8397359,46,109
8398074,213,66
8398236,4135,30
8398828,160,66
8400143,9472,93
8400518,345,66
8401200,9681,22
8401524,415,38
8401798,825,132
8402178,208,8
8402407,153,38
8402679,1476,8
8403514,126,66
8403581,12787,86
8403823,603,78
8404142,11499,51
8404864,7144,5
8405043,12011,26
8405951,3878,30
8406187,378,63
8406510,2037,28
8407019,88,8
8407141,87,63
8407356,60,8
8407518,54,8
8407727,77,8
8407802,991,63
8407817,78,8
8408026,812,132
8408155,288,40
8408169,2700,133
8408254,730,132
8408366,503,78
8408673,457,109
8408830,400,40
8408864,480,132
8409033,908,132
8409051,3850,63
8409216,1042,11
8409371,570,132
8409426,879,134
8409480,180,66
8409557,606,40
8409960,527,132
8409992,3968,109
8410007,235,109
8410070,236,134
8410824,8441,22
8410924,1266,40
8411033,77,92
8411138,198,109
8411484,3996,109
8411505,81,92
8411727,72,92
8412016,702,78
8412035,9116,93
8412112,49,29
8412186,3227,30
8412597,11781,5
8412817,2353,11
8413094,262,29
8413834,1463,63
8414103,357,38
8415348,285,38
8415561,3212,30
8415648,9700,51
8415934,42,40
8416036,227,40
8416458,43,66
8416483,303,38
8416575,84,66
8416948,648,38
8417880,141,38
8418247,231,39
8418257,190,66
8418585,66,66
8418736,3937,38
8418749,118,38
8418920,37,39
8419030,24,39
8419176,3280,30
8419301,305,38
8419329,73,66
8419474,8830,22
8419531,955,116
8419575,62,66
8419826,136,38
8419994,1736,17
8420248,115,38
8420266,57,66
8420312,3609,141
8420482,69,66
8420613,1740,11
8420676,105,66
8420856,30,116
8420896,129,66
8421157,7148,93
8421515,120,66
8421771,33,22
8422150,4481,109
8422530,5777,11
8424380,3108,30
8427683,156,40
8427831,95,29
8429105,85,29
8429954,85,29
8430120,234,40
8430184,172,40
8430467,91,29
8430640,557,40
8430712,59,40
8430907,90,29
8431163,23458,5
8431211,1167,40
8431250,114,40
8431272,89,29
8432002,23821,26
8432222,803,93
8432432,203,93
8432470,4172,86
8435558,71,54
8436043,325,54
8436698,498,54
8437338,6543,54
8437562,857,54
8438867,9483,54
8449981,4217,17
8450401,2616,122
8465463,5018,17
8472049,17723,26
8490055,151,31
8490056,136,1
8490295,1610,122
8490307,99,66
8490732,302,6
8490760,127,1
8491090,83,8
8491220,285,5
8491264,54,29
8491325,706,15
8491380,50,8
8491437,142,8
8491518,23,1
8491525,593,5
8491581,62,1
8491694,59,8
8491718,22,8
8491769,71,95
8491920,14073,8
8491927,15,8
8491947,92,38
8492036,38,8
8492081,131,8
8492115,558,95
8492149,3384,5
8492442,150,8
8492451,13,103
8492666,150,8
8492675,91,1
8492907,110,103
8493155,55,29
8493290,184,8
8493319,39,103
8493448,186,103
8493551,112,103
8493572,27,29
8493865,50,1
8493911,744,8
8494090,90,10
8494114,308,1
8494138,46,29
8494277,32,103
8494287,12858,86
8494294,71,103
8494474,666,51
8494789,35,103
8494803,18,103
8494868,53,29
8494894,11093,8
8495155,42,51
8495204,15,51
8495226,15,51
8495246,14,51
8495266,15,51
8495376,10659,95
8495422,673,1
8495508,10525,40
8495516,3559,103
8495698,10198,40
8495918,3528,103
8496302,31,29
8497231,355,26
8499479,3497,80
8501113,61,51
8502128,85,93
8508005,8351,31
8508287,7918,31
8508563,9201,86
8508716,7677,31
8508814,7729,31
8508876,7757,31
8512468,3350,21
8516724,3729,31
8516724,3730,31
8516725,59,31
8516725,3728,31
8516783,3670,31
8516783,11670,31
8516784,3730,31
8516784,3730,31
8516784,11669,31
8516843,3669,31
8516843,3670,31
8516843,3670,31
8516843,3671,31
8517325,59,31
8517384,60,31
8517444,59,31
8517444,182,31
8517444,299,31
8517503,60,31
8517503,723,31
8517683,1081,31
8518344,8074,31
8518763,481,31
8518951,113,31
8518951,113,31
8518951,233,31
8519003,61,31
8519004,59,31
8519243,1209,31
8519244,7346,31
8519485,8967,31
8519604,8907,31
8519604,8938,31
8528857,50,31
8528857,51,31
8528857,51,31
8528857,52,31
8528906,3416,40
8532988,182,40
8533275,359,40
8534503,4244,17
8544154,8619,17
8553805,2732,17
8556933,5,3
8560887,8840,5
8561069,177,21
8561488,8105,22
8561659,1131,21
8562042,142,1
8562113,9866,26
8562177,8024,21
8562459,61,103
8562538,115,103
8562788,3953,30
8563000,1149,103
8563725,12413,134
8564132,97,66
8564174,2772,103
8564338,1216,11
8564411,371,66
8564464,609,51
8564505,139,1
8564572,7403,30
8565097,6417,51
8565269,413,63
8565277,132,1
8565712,138,1
8565916,140,103
8566068,233,38
8566479,9654,38
8566550,2281,11
8566817,1212,1
8567203,346,10
8567815,7408,26
8568044,153,10
8568207,274,99
8569457,105,76
8569481,195,26
8569498,393,11
8569841,6463,76
8570222,249,93
8570807,246,8
8570822,59,99
8571007,451,10
8571461,187,93
8571482,79,99
8571705,120,8
8571850,4329,8
8571986,18,51
8572001,4243,10
8572009,13,51
8572021,23,51
8572027,14,51
8572175,311,93
8575869,843,80
8575969,58,99
8576412,163,10
8576418,705,38
8576456,184,9
8576859,102,8
8576941,100,10
8577017,1169,11
8577176,153,8
8577199,36,99
8577232,4372,80
8577276,71,10
8577351,2017,93
8577365,36,93
8577568,146,8
8578106,9514,8
8578113,754,8
8578327,48,99
8578426,242,9
8578801,110,9
8578852,50,99
8578873,722,8
8579042,323,11
8579086,30,99
8579427,359,73
8579481,45,99
8579487,186,73
8579503,12,140
8579669,6501,26
8579718,5970,93
8579737,174,8
8579741,1865,5
8580039,154,76
8580156,50,99
8580178,160,8
8580292,175,1
8580315,194,99
8580481,155,31
8580534,5747,11
8580550,7072,31
8580812,5939,93
8580897,18,8
8580923,237,8
8581632,6042,66
8581753,5917,8
8581769,215,66
8584736,19,1
8586940,18389,41
8587646,9410,5
8587713,9289,31
8587727,8253,8
8587736,9146,31
8587736,9326,31
8587741,9024,38
8587769,9060,31
8588271,7720,31
8589340,5988,93
8592206,3797,21
8594009,1922,31
8594965,618,132
8596112,531,31
8596112,531,31
8598440,126,31
8598440,126,31
8598440,126,31
8598440,127,31
8598441,60,31
8598441,60,31
8598441,124,31
8598441,124,31
8598500,63,31
8598500,63,31
8598500,63,31
8598500,64,31
8598500,64,31
8598500,64,31
8598560,63,31
8598560,63,31
8598560,424,31
8598560,424,31
8598561,61,31
8598561,61,31
8598561,182,31
8598561,301,31
8598561,362,31
8598561,363,31
8598561,423,31
8598562,59,31
8598562,60,31
8598562,118,31
8598562,361,31
8598619,61,31
8598619,364,31
8598620,123,31
8598620,182,31
8598620,241,31
8598620,303,31
8598620,363,31
8598621,121,31
8598621,301,31
8598679,304,31
8598742,59,31
8598742,59,31
8598742,59,31
8598742,60,31
8598800,60,31
8598800,61,31
8598800,61,31
8598800,122,31
8598800,122,31
8598860,61,31
8598860,61,31
8598860,122,31
8598860,122,31
8598920,59,31
8598920,60,31
8598920,60,31
8598920,60,31
8598920,61,31
8598920,61,31
8598920,61,31
8599100,619,31
8599358,361,31
8599460,258,31
8599597,121,31
8599662,117,31
8599959,59,31
8600018,108,31
8600079,46,31
8600185,5083,31
8600375,4983,31
8600375,5014,31
8600383,5058,31
8600384,5179,31
8600386,5177,31
8605713,63,31
8605713,364,31
8605713,365,31
8605713,962,31
8605713,1795,31
8605714,61,31
8605714,62,31
8605714,244,31
8605714,363,31
8605714,363,31
8605714,544,31
8605715,59,31
8605715,60,31
8605715,60,31
8605715,119,31
8605715,120,31
8605715,361,31
8605715,361,31
8605773,423,31
8605774,121,31
8605774,121,31
8605774,121,31
8605774,242,31
8605834,60,31
8605834,899,31
8605893,64,31
8605893,64,31
8605893,64,31
8605894,63,31
8605956,59,31
8605956,59,31
8605956,59,31
8605956,60,31
8606013,63,31
8606014,61,31
8606014,61,31
8606014,61,31
8606014,120,31
8606014,1297,31
8606014,1298,31
8606074,60,31
8606074,60,31
8606074,121,31
8606074,122,31
8606074,1237,31
8606133,62,31
8606134,124,31
8606194,63,31
8606194,63,31
8606194,121,31
8606195,119,31
8606256,58,31
8606256,58,31
8606257,1310,31
8606313,120,31
8606313,1315,31
8606373,60,31
8606433,61,31
8606494,61,31
8606555,119,31
8606674,953,31
8607071,218,40
8607687,1202,31
8607688,62,31
8607688,364,31
8607688,960,31
8607689,61,31
8607689,362,31
8607690,59,31
8607690,361,31
8607690,542,31
8607691,58,31
8607691,58,31
8607691,120,31
8607691,120,31
8607691,239,31
8607691,359,31
8607691,360,31
8607692,56,31
8607692,358,31
8607747,123,31
8607747,183,31
8607747,425,31
8607747,962,31
8607748,62,31
8607748,122,31
8607810,59,31
8607810,59,31
8607810,59,31
8607868,60,31
8607868,61,31
8607868,61,31
8607868,61,31
8607868,122,31
8607928,61,31
8607928,61,31
8607928,62,31
8607928,122,31
8607988,61,31
8607988,61,31
8607988,61,31
8607988,123,31
8607988,901,31
8607989,899,31
8608047,64,31
8608048,62,31
8608048,62,31
8608048,63,31
8608048,123,31
8608048,840,31
8608109,62,31
8608109,123,31
8608110,121,31
8608170,120,31
8608171,717,31
8608231,59,31
8608287,61,31
8608289,120,31
8608289,598,31
8608348,119,31
8608467,180,31
8608647,240,31
8609194,233,31
8609194,233,31
8610297,59,31
8610356,60,31
8610476,32,31
8610793,100,40
8610979,955,40
8611945,1222,40
8614397,4300,17
8618718,1146,17
8618903,6269,54
8619613,5028,17
8623219,1571,39
8630624,8621,17
8649952,19720,51
8664587,180,8
8667178,310,31
8667178,387,31
8667178,993,31
8667178,1885,31
8667179,308,31
8667179,309,31
8667179,385,31
8667179,385,31
8667179,565,31
8667481,837,31
8667482,82,31
8667482,205,31
8667563,39,31
8667563,39,31
8667563,61,31
8667563,61,31
8667601,85,31
8667601,86,31
8667623,121,31
8667624,120,31
8667686,57,31
8667686,106,31
8667686,1262,31
8667743,89,31
8667792,161,31
8667832,60,31
8667832,1176,31
8667892,141,31
8668033,137,31
8668170,1307,31
8669063,60,31
8669063,351,31
8669063,951,31
8669123,415,31
8669236,61,31
8669236,359,31
8669236,537,31
8669297,180,31
8669414,62,31
8669476,62,31
8669476,62,31
8669537,58,31
8669537,58,31
8669537,73,31
8669594,78,31
8669594,79,31
8669609,121,31
8669669,61,31
8669669,405,31
8669669,1106,31
8669672,100,31
8669672,136,31
8669672,1103,31
8669729,1045,31
8669729,1046,31
8670074,99,31
8670173,119,31
8670327,61,31
8670387,120,31
8670507,146,31
8670712,62,31
8670963,64,31
8670963,1968,31
8671023,63,31
8671023,410,31
8671025,61,31
8671025,285,31
8671025,346,31
8671025,346,31
8671025,517,31
8671025,940,31
8671026,59,31
8671026,59,31
8671026,59,31
8671026,148,31
8671026,148,31
8671026,344,31
8671026,344,31
8671026,344,31
8671084,89,31
8671084,90,31
8671084,104,31
8671084,225,31
8671084,348,31
8671084,1019,31
8671173,76,31
8671173,76,31
8671173,76,31
8671173,77,31
8671188,60,31
8671248,60,31
8671248,61,31
8671248,61,31
8671307,62,31
8671308,61,31
8671308,123,31
8671308,124,31
8671308,124,31
8671308,1349,31
8671367,123,31
8671368,63,31
8671368,63,31
8671368,122,31
8671368,1230,31
8671369,1170,31
8671430,59,31
8671430,59,31
8671430,60,31
8671430,111,31
8671488,53,31
8671488,95,31
8671488,111,31
8671489,1230,31
8671540,43,31
8671540,116,31
8671582,105,31
8671598,1333,31
8671656,92,31
8671748,77,31
8671885,162,31
8672047,1274,31
8673444,228,31
8673629,10403,31
8673631,14,21
8673649,10443,31
8673724,10225,31
8673757,22373,142
8673966,10186,31
8674055,10157,31
8674057,6215,31
8675389,5809,31
8675511,8521,31
8675512,6045,31
8675578,8573,31
8675579,8633,31
8675579,8692,31
8680746,18677,26
8684392,125,31
8684393,62,31
8684393,124,31
8684452,62,31
8684452,63,31
8684452,63,31
8684452,63,31
8684452,64,31
8684452,64,31
8684453,60,31
8684453,60,31
8684453,61,31
8684453,61,31
8684454,57,31
8684454,58,31
8684454,58,31
8684454,58,31
8684572,81,31
8684714,58,31
8684772,23,31
8684795,60,31
8684855,61,31
8685094,20832,2
8685625,289,103
8685768,169,39
8688550,37,21
8688880,40,21
8690098,91,1
8690133,714,93
8690904,439,132
8691471,687,63
8691551,64,132
8691730,439,132
8692247,499,132
8692450,1031,63
8692589,236,93
8692802,433,132
8693697,165,93
8694238,464,93
8694255,404,63
8694944,3988,63
8696078,25,40
8696176,22,40
8696229,4337,40
8696522,22,93
8696616,68,93
8696627,60,93
8697346,319,93
8697983,49,93
8698210,97,93
8698222,41,93
8698583,1563,103
8699571,5945,63
8699634,10905,17
8700257,1894,103
8702236,20816,2
8704098,17913,26
8704423,369,26
8710603,7348,17
8711416,2961,136
8717224,2955,136
8723898,3710,136
8727754,3191,136
8731167,3185,136
8732258,17161,22
8732306,12489,22
8732460,92,1
8732517,1256,40
8732624,103,1
8733361,86,1
8733559,93,1
8733824,6075,5
8733970,77,1
8734329,818,138
8734652,176,10
8735102,372,10
8735144,27,30
8735226,4045,136
8735541,494,36
8736400,3302,134
8736856,135,36
8737360,375,8
8737764,97,106
8737839,23471,26
8737958,12385,106
8738006,437,103
8738055,242,8
8738866,3158,103
8739314,145,8
8739747,146,8
8740041,1063,13
8740077,11943,30
8740079,2372,134
8740145,137,8
8740245,11543,136
8740403,222,78
8740411,46,1
8740551,145,8
8740752,9400,21
8741109,93,8
8741237,386,8
8741289,97,1
8741578,49,13
8741615,20796,86
8741707,147,8
8742170,219,103
8742192,261,109
8742399,139,8
8742450,407,134
8742559,613,134
8742672,782,103
8742807,100,1
8742885,129,1
8742909,78,99
8743175,289,8
8743178,79,66
8743266,959,134
8743317,115,66
8743625,186,66
8743734,12332,47
8743823,3331,103
8743997,138,8
8744222,45,66
8744246,1850,134
8744452,96,9
8744491,142,8
8744947,7221,116
8744999,353,7
8745858,139,8
8746098,121,8
8746112,3819,134
8746207,550,38
8746536,134,8
8746881,136,66
8746909,135,8
8747328,129,8
8747485,6708,5
8747646,124,8
8747955,1209,1
8748359,129,8
8748629,6739,7
8748772,41,29
8749325,17,103
8749339,15,103
8749581,101,103
8749967,5757,134
8750834,249,32
8750851,2070,13
8751178,4012,11
8751383,237,32
8752881,122,1
8753777,230,1
8753997,78,13
8754536,2672,39
8755218,108,13
8755222,104,103
8755279,6499,30
8755544,3911,116
8755749,30,143
8755807,3949,143
8756013,114,93
8756254,2805,134
8756549,104,103
8758075,1029,1
8758986,428,39
8759079,3705,134
8759114,448,93
8759453,376,21
8759597,664,93
8759825,5393,47
8759999,518,1
8760083,22281,21
8760524,311,93
8760933,9697,13
8761085,1024,47
8761581,1760,39
8761587,11493,26
8762095,6484,22
8762449,22650,7
8762809,2563,134
8763472,2845,39
8764521,7379,51
8764960,13564,133
8765434,139,133
8766188,898,133
8767730,2540,134
8768113,598,63
8768356,448,32
8769203,299,63
8769385,330,32
8769425,2020,39
8769843,269,63
8770290,991,134
8770652,4542,13
8772173,3549,22
8773145,10182,51
8773389,11386,86
8775663,8800,22
8777479,672,13
8777618,4457,13
8779654,658,13
8782079,5335,13
8784316,673,39
8785076,2692,39
8785524,7145,2
8785700,7151,2
8789098,1583,63
8791342,7205,13
8796053,1954,2
8796715,469,100
8797100,1801,2
8798473,271,100
8799021,84,100
8799222,382,2
8799252,8,100
8799263,8,100
8799330,148,100
8813710,7186,13
8817886,2217,1
8820898,7162,13
8821417,2022,1
8824528,1225,1
8825198,6705,22
8826521,65,40
8826628,7261,51
8826640,59,51
8826782,1244,40
8827839,1249,1
8828064,13905,13
8828123,162,100
8828395,1023,100
8829838,8349,40
8829906,60,40
8830553,1348,1
8831881,6636,22
8833011,364,100
8833673,1357,1
8833838,976,100
8833894,10173,51
8833906,61,51
8835281,2983,36
8836118,11502,86
8836125,272,100
8836864,801,100
8837216,94,46
8837567,29,46
8837803,213,46
8838225,3969,11
8838246,14472,36
8838457,8966,22
8838609,960,100
8839031,17900,26
8841972,10799,13
8843330,2123,11
8845504,564,11
8845932,13,144
8845987,80,144
8846136,62,144
8846214,67,144
8847029,452,11
8847481,3422,22
8847550,739,11
8849201,19635,21
8849707,1442,11
8850842,3677,22
8851620,1674,11
8852773,5567,13
8853321,3577,11
8853333,15402,7
8854456,3293,22
8854768,88,46
8855364,170,46
8856539,9450,13
8857733,6344,22
8857751,6989,86
8857752,65,22
8857950,1671,11
8859162,100,46
8859873,54,46
8864015,8619,22
8867753,45,46
8867797,60,13
8869063,11126,86
8870639,12783,70
8874069,254,26
8876254,87,46
8876580,254,83
8877258,14,83
8877363,19,83
8877636,20,83
8877654,180,122
8877953,11778,122
8877977,111,83
8878651,67,83
8879188,9,83
8879454,1388,83
8883450,1008,83
8883486,12942,70
8884594,51,83
8884642,80,83
8884721,92,83
8884810,268,83
8885076,1780,83
8888866,171,83
8892828,98,83
8893004,9,83
8893045,77,83
8893548,44,83
8894480,16,83
8894493,11,83
8894501,6,83
8894637,217,83
8895651,14,83
8895664,6,83
8895733,348,83
8896687,13958,70
8910646,10899,70
8911373,5945,22
8911444,1412,13
8912415,135,8
8912852,4346,13
8915436,9341,51
8916555,7707,26
8917199,6965,13
8917253,8525,22
8917468,10188,86
8917667,1290,36
8924075,423,20
8924784,10930,51
8925713,9165,22
8927653,10586,86
8927802,431,11
8928515,6939,13
8930665,742,38
8931941,509,11
8932161,2422,11
8934599,1009,38
8934873,9007,22
8935458,6961,13
8935720,10725,51
8935990,120,21
8936882,234,38
8938019,479,11
8938267,12409,86
8938541,886,11
8938769,5461,21
8939284,19867,21
8940491,253,11
8941819,128,54
8942200,52,54
8942322,93,54
8942423,748,13
8942584,15,54
8942771,146,54
8943158,95,54
8943328,6903,13
8943435,105,54
8943535,442,134
8943835,6837,22
8944212,490,134
8944270,1869,11
8944804,4712,134
8946449,1248,51
8949560,2904,134
8950230,4262,13
8950613,1372,22
8951569,1155,86
8954504,4249,13
8956918,16,21
8957986,5474,21
8958755,4256,13
8961148,130,122
8962153,1218,122
8963014,9604,13
8965511,3197,136
8968844,3193,136
8972079,3179,136
8972618,4904,13
8979422,3193,136
8983109,3182,136
8986315,3200,136
8989595,608,136
8991409,3225,136
8994568,62,31
8994629,8356,31
8994629,9317,31
8994696,8352,31
8994697,8442,31
8994725,8446,31
8994726,8535,31
9001562,3955,134
9003412,10649,51
9003946,5454,31
9004077,5266,31
9004077,5266,31
9004077,5266,31
9004089,5253,31
9004119,12307,86
9008038,1304,31
9008097,1245,31
9010150,59,31
9010450,378,31
9011308,2602,31
9014596,499,31
9014596,675,50
9016170,161,31
9016175,156,50
9016888,121,31
9016888,121,50
9017070,65,50
9017071,64,31
9017133,56,50
9017134,55,31
9017309,119,31
9017309,119,50
9017488,60,31
9017488,61,50
9017548,61,31
9017548,120,50
9017668,60,31
9017668,61,50
9017728,181,31
9017728,181,50
9018141,60,50
9018142,59,31
9018262,94,50
9018263,93,31
9018416,475,50
9018418,472,31
9019013,57,31
9019013,57,50
9019157,254,80
9028089,259,31
9028628,20,60
9028767,60,31
9028882,1592,31
9028882,1592,31
9028925,129,31
9028927,1546,31
9028927,1786,31
9028985,1549,31
9029053,1481,31
9034731,226,9
9036634,83,9
9036739,227,9
9037825,167,9
9038796,1059,9
9040249,4162,63
9040860,471,83
9041470,2323,9
9042583,751,83
9042942,7864,70
9043632,477,83
9044643,364,83
9045004,12,83
9050095,5717,136
9050157,25,2
9050657,232,2
9050671,30,2
9051112,30,2
9051152,2315,80
9053433,7885,80
9053692,1288,17
9054870,7108,2
9055399,149,2
9055605,12141,2
9065994,3200,136
9071191,3188,136
9080849,11338,7
9080952,904,11
9081138,3188,63
9081620,7213,30
9082371,5282,20
9082914,1446,134
9083641,18,21
9083863,338,21
9084278,10869,22
9084340,94,66
9084661,94,66
9084831,838,21
9084955,375,63
9085104,8056,136
9085327,3938,26
9085432,19910,21
9085670,349,63
9086154,429,134
9086294,13993,51
9086508,1998,63
9086608,1349,134
9086641,1385,38
9086917,3036,11
9087037,6102,9
9087612,147,66
9087630,182,113
9088011,1429,22
9088101,1442,20
9088302,105,66
9088973,60,66
9089024,44,113
9089506,108,113
9089541,25,43
9089573,22,43
9089673,504,11
9089942,102,40
9089954,304,66
9090010,80,66
9090192,1729,11
9090344,104,113
9090419,119,66
9090689,648,38
9090757,434,2
9091061,234,40
9091151,7471,26
9091262,141,66
9091444,15707,2
9091770,3249,63
9092003,65,66
9092385,15275,2
9092539,11288,7
9092967,1669,134
9093073,1283,40
9093458,60,28
9093836,12936,136
9094417,791,134
9094507,447,38
9095082,12347,22
9095695,450,32
9096080,17,28
9096612,390,8
9096639,4079,145
9096660,112,40
9097052,1012,8
9098382,2058,26
9098593,1406,36
9099283,187,40
9099328,28,8
9099389,622,8
9099395,5801,80
9099781,12034,20
9099815,4152,40
9100293,96,28
9100314,1475,5
9100315,763,32
9100547,301,9
9100812,245,6
9100920,3465,134
9100927,8878,28
9101203,146,38
9101472,1750,38
9101589,153,46
9103533,161,38
9103808,420,9
9103836,547,63
9103898,1910,38
9104578,4322,36
9105293,920,100
9105312,1623,43
9105348,86,46
9105721,13,144
9105761,120,144
9105930,162,9
9106123,373,30
9106155,1378,38
9106184,18,144
9106236,80,144
9106701,97,46
9106766,158,9
9106966,7067,26
9107146,876,32
9107785,637,100
9108057,2202,32
9108149,2302,144
9108155,1058,100
9108164,9234,7
9108768,4437,38
9108777,90,30
9109019,2657,9
9109161,3772,51
9109637,8925,22
9109841,101,66
9109898,672,28
9109939,6032,40
9110355,4168,32
9110394,835,13
9110591,435,28
9110639,98,66
9110717,4015,80
9111057,1995,28
9111657,155,66
9111740,42,2
9112134,4541,2
9112818,1227,20
9112938,17,51
9112958,16,51
9112979,14,51
9112997,16,51
9113019,15,51
9113056,13375,11
9113520,391,63
9113793,2687,26
9114266,3756,63
9114519,250,93
9114753,2226,80
9115010,122,93
9115136,977,17
9115471,344,93
9115791,934,20
9116220,120,17
9116546,149,93
9116807,106,17
9116990,357,17
9117378,164,17
9118269,578,93
9119934,755,93
9122617,760,93
9124013,624,100
9124160,240,13
9126168,2008,9
9127863,2023,40
9128212,2699,28
9128456,117,83
9128645,328,83
9128851,4129,80
9128912,162,9
9129113,3901,9
9130025,217,40
9130490,159,40
9130625,5943,40
9130947,22429,28
9132002,36,2
9132329,4767,2
9133513,12808,80
9134161,12966,93
9136073,6764,2
9140081,8981,136
9147620,8905,22
9154133,3206,136
9156527,8899,22
9158503,3203,136
9160738,2190,28
9162272,9693,7
9162369,3289,136
9163210,774,28
9164022,1773,28
9165179,408,63
9165538,289,28
9166194,4322,63
9166391,3219,136
9168959,763,28
9169451,2281,22
9170273,3616,136
9170470,2782,28
9170840,5272,20
9170902,1624,38
9170946,4279,26
9170974,55,2
9171486,9244,22
9171601,814,21
9171670,4250,39
9171793,319,22
9171938,203,13
9172436,1301,7
9172498,1963,22
9172667,19927,21
9173184,98,66
9173652,232,28
9173692,77,66
9173724,706,13
9173816,1149,11
9173927,5358,136
9174027,1744,28
9174048,1040,7
9174093,883,21
9174397,286,36
9174694,725,22
9174702,953,8
9175152,3816,32
9175501,3785,51
9175762,705,13
9176175,69,66
9176891,684,13
9177093,103,66
9177632,6467,28
9177820,227,66
9177859,1405,2
9177942,28,103
9177965,40,103
9178005,41,103
9178297,18106,28
9178575,11467,80
9178709,639,54
9179107,157,66
9179404,706,54
9179491,72,66
9179557,9576,61
9179948,5787,2
9180125,4823,54
9180235,668,20
9180744,31,8
9180811,57,8
9180877,198,8
9180911,41,8
9180949,1060,7
9181010,112,50
9181109,730,8
9181422,172,50
9181423,171,50
9181599,7616,54
9181659,946,50
9181660,944,50
9181768,1953,11
9181999,1900,39
9182066,60,50
9182126,16920,31
9182245,121,50
9182366,418,50
9182425,359,50
9182724,713,50
9182724,713,50
9182844,2851,50
9182844,2852,50
9182852,210,103
9183286,215,103
9183791,61,50
9183791,61,50
9183851,51,50
9183852,50,50
9183901,411,50
9183901,411,50
9184023,1058,50
9184024,536,50
9184073,175,31
9184115,12374,28
9184426,9049,22
9185475,611,50
9185595,61,50
9185693,3971,32
9185732,61,50
9185793,2453,50
9185793,2454,50
9185852,63,50
9186000,2338,26
9186146,2100,50
9186265,9508,50
9186786,1504,8
9187105,8664,51
9187803,2169,55
9188294,4939,50
9188294,4939,50
9188407,887,38
9188591,2781,26
9188769,256,36
9188901,6236,8
9189080,5441,39
9189484,554,32
9189655,1840,8
9189724,950,32
9190404,898,32
9190834,3547,55
9191612,1524,36
9191715,1653,38
9192935,1365,26
9193141,26,23
9193374,8571,80
9193478,8929,22
9194870,1807,7
9195130,1289,63
9195637,46,8
9195657,410,9
9195708,57,8
9195826,557,38
9196125,78,66
9196433,1021,63
9196502,1995,40
9196603,5421,51
9196653,440,28
9196658,2987,36
9196738,2990,28
9196753,7204,20
9197020,30,23
9197095,25,23
9197125,1324,76
9197363,4881,50
9197417,1751,50
9197484,203,9
9197535,165,66
9197591,880,63
9197824,452,50
9197843,483,28
9197910,4333,7
9197961,102,50
9198274,3216,9
9198306,34,29
9198344,1247,28
9198360,134,66
9198515,61,29
9198598,2949,134
9198769,453,76
9198772,3683,50
9198785,54,50
9198835,8144,40
9198879,976,63
9199826,610,28
9199852,159,54
9199878,1730,39
9200117,5533,39
9200276,1235,54
9200366,1631,28
9201603,133,76
9201716,1548,54
9201942,27893,28
9202012,20,28
9202029,5043,51
9202104,1169,28
9203292,959,28
9203553,823,54
9203695,18144,2
9204261,1828,28
9206107,46392,28
9207078,10238,51
9209560,2170,5
9210029,8953,22
9210118,697,39
9211955,2673,5
9212255,15186,80
9213451,10105,9
9215169,9849,61
9215598,37,54
9216027,30,54
9221837,965,54
9222782,4211,54
9224264,8405,9
9226366,10891,136
9228995,11038,2
9233161,9563,61
9237316,6326,136
9238915,8874,22
9242730,9831,61
9245294,4527,136
9247791,8869,22
9249083,3285,7
9249121,5156,7
9249935,5462,136
9251105,5252,20
9251220,547,28
9251775,3705,28
9252346,444,5
9252565,7434,61
9254217,6376,7
9254624,1138,21
9255485,8952,28
9256606,114,66
9256641,12371,2
9256685,3693,22
9258893,24,29
9259014,24,29
9259308,864,38
9260416,8898,22
9260536,19899,21
9260634,984,21
9260981,22688,7
9262083,29,136
9264875,39,31
9264913,61,50
9264973,36,50
9264973,37,31
9264973,102,50
9264974,21,50
9264974,21,50
9265197,5261,31
9265197,5424,31
9265255,201,31
9265255,591,31
9269213,10612,80
9270978,12826,31
9270978,12954,31
9271058,552,31
9271997,12331,2
9276706,2466,41
9278359,37,93
9284276,2591,31
9285096,4443,63
9287292,17,144
9287329,1522,144
9287362,864,20
9288275,4965,20
9288596,1552,8
9288697,429,39
9288860,728,76
9289030,10,39
9289268,3719,39
9289427,2265,28
9289460,3710,28
9289721,38,29
9290350,1755,8
9290541,61,8
9291731,86,103
9291739,672,28
9291937,76,103
9291954,19134,63
9292076,911,103
9292197,2299,8
9292424,722,28
9293428,35,28
9293465,6138,28
9293475,62677,28
9294184,1802,21
9295820,3073,20
9295898,616,8
9296148,35367,22
9297229,446,93
9297463,21,51
9297478,9584,61
9297964,808,80
9298129,4006,93
9299281,2315,20
9299680,106,28
9299806,2771,28
9300382,541,39
9300439,5577,80
9301822,54329,2
9302586,265,28
9302863,53291,28
9303148,31,2
9303259,52893,2
9304089,175,54
9305402,16,54
9305509,11,54
9306248,3477,80
9307003,13226,61
9307332,177,54
9308475,764,144
9309904,1047,80
9311110,1362,80
9312912,43239,80
9313788,40,136
9314444,41707,136
9319983,19,136
9329810,9588,61
9334825,16,51
9334848,16,51
9335895,4188,63
9335920,20123,76
9336120,53,84
9340595,1270,63
9341322,14564,36
9341763,166,46
9341946,2729,63
9344699,138,63
9344973,232,63
9345170,87,66
9345524,180,66
9346366,88,66
9346894,8524,80
9348228,15232,41
9349081,100,66
9356401,1964,31
9356401,1964,31
9356461,1904,31
9356462,1902,31
9356963,4001,8
9358484,5807,31
9358544,1403,31
9358544,2344,31
9358544,3772,31
9358544,5083,31
9358545,2173,31
9358545,2343,31
9358545,3863,31
9358545,3863,31
9358545,4360,31
9358545,4663,31
9358545,5081,31
9358620,779,31
9358620,779,31
9358620,838,31
9358620,3787,31
9358620,5097,31
9358620,5613,31
9358621,777,31
9358621,778,31
9358621,2097,31
9358621,4283,31
9358621,4345,31
9358621,5670,31
9363878,696,8
9364211,3995,28
9367262,21,93
9371156,3943,28
9372025,4718,31
9372202,4481,31
9372502,575,31
9372843,10,2
9375759,3478,7
9376971,60,31
9377505,797,31
9377557,744,31
9377558,653,31
9377562,410,31
9377563,408,31
9377563,467,31
9377622,350,31
9377622,407,31
9377622,408,31
9377623,466,31
9377804,61,31
9377923,497,31
9378240,497,31
9378240,620,31
9378240,966,31
9378300,436,31
9378300,559,31
9378300,906,31
9378420,101,31
9378580,96,31
9378676,469,31
9379275,350,31
9379324,1093,31
9379324,10756,31
9379325,10903,31
9379384,973,31
9379385,1032,31
9379385,10695,31
9379385,10872,31
9379445,10904,31
9379625,10602,31
9390426,533,144
9390428,22,31
9390485,98,31
9390523,59,31
9390530,52,31
9390530,52,31
9390531,50,31
9390773,5454,13
9390816,73,63
9391003,2314,63
9393395,2533,63
9394126,33,15
9394179,23,15
9394655,8660,2
9394661,11,2
9394707,701,144
9394733,89,15
9394823,54,15
9395183,8431,2
9397438,507,144
9399019,437,144
9400145,9811,61
9410716,9573,61
9415610,81,15
9420232,9826,61
9421412,79,15
9422429,60,28
9428888,19891,21
9428987,650,21
9429712,9419,15
9430059,9583,61
9432813,434,55
9434595,8878,22
9435383,546,21
9436366,3920,51
9436656,12,21
9437069,1136,21
9438256,987,13
9439643,9575,61
9440291,3485,51
9440302,61,51
9442982,622,11
9443412,8875,22
9443731,7617,11
9443780,4839,51
9443791,26,51
9447434,1399,36
9449113,1008,36
9449220,9823,61
9450431,440,36
9450444,19,93
9450711,401,93
9451024,707,36
9451220,91,93
9451268,4241,2
9451637,618,93
9452035,143,36
9452289,8943,22
9452541,140,36
9452579,184,93
9452823,4338,55
9453100,141,36
9453233,1042,11
9453516,128,36
9453960,572,36
9454510,134,36
9455912,2368,11
9456403,46,93
9456689,56,28
9456722,152,93
9457510,6331,2
9457802,287,93
9458654,2322,11
9458893,7144,2
9459042,9585,61
9460043,50,54
9460180,49,54
9461233,8861,22
9462226,1254,11
9462395,89,54
9462598,87,54
9463123,91,54
9463946,4814,80
9464213,907,11
9465219,3912,55
9465420,89,54
9468630,9840,61
9468802,3343,51
9470095,8884,22
9477492,7990,2
9477910,8698,2
9478471,9602,61
9481136,10653,80
9481365,23,55
9481572,910,55
9486403,9167,2
9486411,40,96
9486664,662,96
9487330,8539,2
9488074,9598,61
9497674,9829,61
9498874,8873,22
9507504,9596,61
9507748,8864,22
9510924,3367,51
9514296,3373,51
9516613,8838,22
9517102,9841,61
9517675,3368,51
9517687,60,51
9518473,521,1
9519198,4808,36
9521047,3369,51
9522028,24,43
9522070,23,43
9522084,348,96
9522752,54,96
9523398,51,96
9523678,10,21
9523887,797,21
9523919,128,96
9524422,4092,51
9524433,60,51
9525202,19869,21
9525452,8910,22
9525668,1413,96
9526945,9565,61
9528022,225,96
9528638,437,96
9529576,26,96
9529664,25,96
9529733,30,96
9529858,42,96
9529941,959,96
9531121,714,96
9531165,3386,51
9531889,257,96
9534365,8859,22
9534555,3368,51
9534949,858,36
9536031,853,36
9536541,9592,61
9537927,3373,51
9537932,591,1
9538398,568,8
9538965,109,54
9539132,3878,80
9539144,108,54
9541249,103,54
9541304,3366,51
9541416,102,54
9543226,8894,22
9543913,3908,80
9544675,3371,51
9546107,9842,61
9547503,138,28
9548051,3393,51
9548797,100,54
9549075,3864,80
9550040,109,54
9552121,8888,22
9552866,3700,51
9553149,3893,80
9555951,9587,61
9557999,11196,80
9558332,11270,2
9559194,10886,2
9560811,822,93
9561442,551,93
9562972,523,96
9563215,322,93
9564302,159,96
9564370,255,93
9565235,185,96
9565545,9864,61
9565599,282,96
9565720,446,93
9566123,527,96
9566765,1094,93
9566879,279,96
9567253,1003,96
9569106,555,96
9570283,56,96
9571303,64,96
9571736,3464,136
9572207,76,96
9572458,850,93
9575412,9600,61
9576505,2963,136
9579595,3204,136
9580880,8860,22
9583012,3192,136
9585015,9694,61
9587674,3195,136
9589742,8880,22
9590885,3190,136
9594175,3870,136
9595396,2218,7
9595474,17,76
9595503,661,76
9595524,183,28
9596180,971,76
9597167,473,76
9597517,2730,20
9597604,34,50
9597721,5519,51
9597791,30,7
9597810,358,50
9598074,5229,136
9598629,4738,22
9599585,895,21
9599923,3252,11
9600130,8,1
9600585,2954,28
9600704,133,1
9601063,113,21
9601279,221,21
9601563,1676,7
9601608,87,21
9601657,1066,40
9601777,132,21
9601988,260,21
9602124,309,76
9602285,100,21
9602345,29,43
9602386,23,43
9602475,178,21
9602892,5038,40
9602916,36,1
9603246,5892,51
9603518,402,21
9604450,1661,28
9604777,2845,11
9604959,2019,5
9605008,679,28
9605017,616,21
9605108,11364,7
9605795,573,21
9605859,591,28
9606120,12722,28
9606597,136,38
9606740,323,1
9606755,688,21
9606767,394,28
9606779,59,21
9606923,7,39
9606960,2954,39
9607084,62,38
9607482,119,40
9607626,396,21
9608092,402,21
9608183,16046,2
9608295,15,22
9608306,713,100
9608488,1855,22
9608588,473,76
9608684,8982,22
9608778,48,21
9608786,2079,40
9608893,17819,2
9609011,36,21
9609255,2155,38
9609324,27,21
9609405,18087,80
9609470,4315,51
9609490,93,55
9609552,29,21
9609586,14566,30
9609687,6768,20
9609774,7664,55
9609872,52,21
9610165,4750,28
9610200,2152,95
9610344,19904,21
9610497,1558,50
9610575,425,21
9611188,725,100
9611249,404,21
9611394,155,9
9611604,441,1
9611764,250,3
9612074,137,36
9612662,411,21
9612960,194,50
9612986,205,38
9613106,597,1
9613331,82,66
9613367,7395,5
9613635,42,39
9613722,198,43
9613790,3613,51
9613802,60,51
9613912,87,39
9614203,20,9
9614338,3854,43
9614810,48,9
9615181,8384,26
9615507,500,132
9615684,3637,28
9615978,394,73
9616291,170,40
9616528,45,9
9616649,3929,11
9616666,13,22
9616802,2092,40
9617237,46,9
9617359,480,21
9617409,3821,51
9617685,1580,50
9617765,6987,20
9617942,345,146
9618153,13,21
9618284,1902,43
9618365,32,21
9618476,1393,3
9618596,29,21
9618659,20,21
9618865,2349,22
9618935,48,21
9620091,179,21
9620206,1049,3
9620214,16,43
9620265,5711,43
9620306,425,6
9620532,28,21
9620803,186,21
9621126,981,6
9621360,3947,3
9621776,1234,30
9621947,44,40
9622007,17,40
9622063,16,40
9622094,351,40
9622108,559,100
9622587,10043,80
9622713,160,28
9622869,2132,21
9623047,684,28
9623559,2763,6
9623637,8557,40
9623773,45,28
9623864,3790,28
9624231,103,9
9624634,558,100
9624758,31,2
9625401,156,2
9625412,9029,22
9625546,700,38
9625646,42,9
9625689,966,30
9625858,1353,28
9626296,46,1
9626337,629,6
9626373,2128,146
9626429,42,1
9626680,55,9
9626732,696,38
9626890,6481,2
9626914,33,2
9626979,3947,6
9627105,2595,5
9627278,11113,51
9627711,1102,30
9627865,48,9
9627876,25,28
9627903,6900,28
9627937,896,43
9628121,487,9
9628131,1117,38
9629180,1854,26
9629401,103,1
9629586,46,9
9629661,1407,30
9630000,3322,2
9630061,210,92
9630084,2097,20
9630133,400,9
9630409,2141,28
9630436,258,92
9630517,31,23
9630563,22,23
9630792,61,39
9630916,263,92
9630928,16086,7
9631401,625,92
9631412,86,1
9631448,1630,100
9631555,796,30
9631803,5198,9
9631998,902,38
9632264,371,92
9632491,3049,46
9632505,450,26
9632859,102,28
9633120,336,100
9633511,62,39
9633572,11148,2
9633613,1190,28
9633781,42,39
9633842,10879,2
9633856,59,2
9633943,93,39
9634415,8960,22
9634908,8123,28
9635602,145,54
9635611,13636,26
9635684,304,8
9635794,139,54
9635967,3187,54
9636329,3934,100
9637906,8671,54
9638398,3366,51
9639029,5432,80
9639922,1076,54
9642107,199,113
9642539,192,113
9643390,8828,22
9644484,3878,80
9645604,4250,36
9646878,9825,61
9648390,7648,2
9648807,8396,2
9651901,245,28
9652058,1695,46
9652172,20309,28
9653390,10808,26
9657014,9577,61
9658023,5132,136
9662340,5361,7
9663288,5356,136
9663301,57,136
9666589,9823,61
9670051,4138,136
9670818,466,144
9672184,8896,22
9676415,9667,61
9677181,3203,136
9680986,3638,136
9681001,377,76
9681024,8825,22
9683342,1143,3
9683759,3483,51
9685125,4371,136
9685355,1206,3
9685746,11326,26
9685758,19856,21
9685787,700,30
9686234,919,55
9686680,1204,40
9686796,4150,36
9687248,3833,51
9687259,60,51
9687721,104,1
9688447,1888,26
9688734,1016,8
9688952,959,134
9688978,1243,55
9689475,156,1
9689619,3820,6
9689701,130,22
9689891,6242,40
9690059,124,7
9690147,143,1
9690186,11370,7
9690326,791,39
9690534,2606,76
9690797,47,8
9690965,1086,1
9691086,12817,51
9691189,5836,136
9691305,15731,58
9691462,279,22
9692052,11471,22
9692183,7113,22
9693104,1587,50
9693142,1670,5
9693175,418,38
9693182,5427,76
9693453,35,2
9693590,474,8
9693600,13850,2
9693794,4450,21
9693922,888,55
9694423,19,8
9694452,57,8
9694845,8863,55
9695021,571,38
9695545,138,92
9695888,770,132
9696031,1046,5
9696050,131,92
9696548,6027,146
9697104,7707,6
9697223,354,132
9697267,451,132
9697617,3963,80
9697940,8303,28
9698026,6785,7
9698156,5600,26
9698284,15509,2
9698747,1579,5
9699123,347,1
9699467,22,99
9699558,403,76
9699580,1297,39
9699815,3486,5
9699894,34,28
9700353,198,1
9700877,144,39
9701035,3016,39
9701160,92,6
9701898,11902,80
9702789,275,6
9703488,10216,22
9703642,1350,43
9703797,57,30
9703914,9775,51
9703978,5561,55
9704360,1181,100
9704487,20,39
9704614,9186,146
9704686,269,1
9704818,124,28
9705064,409,28
9705101,3210,26
9705512,618,28
9705833,496,76
9706126,7673,7
9706428,7372,28
9706574,463,76
9706631,90,92
9706798,662,38
9706810,82,92
9706967,78,92
9707182,6610,28
9707410,6566,6
9707438,6427,5
9707513,176,30
9707533,147,92
9707557,6050,58
9707884,370,92
9707892,125,7
9707937,993,146
9708018,5955,7
9708199,1888,26
9708339,5529,43
9708521,84,92
9708697,207,30
9708858,1118,92
9708892,1787,38
9709000,4974,100
9709231,4509,80
9709479,1822,11
9709821,98,39
9710192,92,132
9710313,3662,132
9710690,3279,30
9711133,4289,2
9712812,20,92
9713749,5111,51
9714120,1409,141
9714343,35,92
9714417,4717,100
9714513,972,141
9714540,341,30
9714595,4099,36
9715141,179,92
9715187,475,1
9715279,14,144
9715325,324,144
9715388,2949,144
9715422,130,30
9715529,1567,141
9715538,191,92
9715605,116,66
9715655,7499,7
9716107,82,92
9716486,861,30
9716526,102,66
9716674,2268,5
9716692,6984,7
9716755,116,66
9717066,12718,28
9717306,2256,28
9717500,1571,30
9719206,7136,2
9719243,4743,51
9719256,20,51
9719575,23,28
9719990,396,144
9720273,27,28
9720417,5019,28
9721573,3802,39
9721620,44170,2
9723086,43525,80
9724535,82,74
9725696,44,74
9727163,469,83
9728820,37,2
9729225,3927,2
9729237,61,2
9729483,135,83
9729705,159,83
9730057,3977,36
9730645,1261,83
9732941,4817,83
9733246,9573,61
9733630,1197,55
9734273,856,144
9734734,46,36
9735058,44,36
9735440,145,36
9735652,525,144
9735787,189,28
9736191,415,36
9737628,263,1
9738283,4989,55
9739018,11791,28
9739098,22571,26
9742575,173,83
9742745,140,83
9742832,9821,61
9742883,217,83
9743098,311,83
9743406,1108,83
9744511,466,83
9745087,7310,2
9746462,404,144
9747758,5971,136
9747831,505,144
9748741,8770,7
9750368,370,144
9752649,9571,61
9753813,3176,136
9760346,3500,136
9762222,1884,61
9762935,7569,28
9764818,5230,136
9769183,4807,55
9769587,7669,7
9769594,1394,9
9770432,8279,5
9770618,906,132
9770632,4762,28
9770726,5604,136
9771356,48,36
9771638,4444,43
9771925,19870,21
9771960,573,132
9772159,136,21
9772449,50,1
9772579,173,21
9772614,1199,132
9772690,47,1
9773650,51,1
9773869,993,132
9774192,7638,55
9774722,14,6
9774753,37,6
9774797,1209,6
9774905,2949,11
9775111,5517,132
9776025,7665,2
9776324,186,83
9776550,53,83
9776566,6881,6
9776833,10120,136
9777051,64,66
9777141,44,83
9777383,45,66
9777471,159,66
9778708,259,11
9778764,4678,6
9779049,12297,28
9779085,773,11
9779580,1920,134
9780563,481,36
9780952,91,66
9781273,47,8
9781320,107,66
9781582,2097,8
9782053,466,134
9782331,102,66
9782452,11294,26
9782558,3495,134
9782616,1277,66
9783689,25,8
9783717,4626,8
9783906,60,83
9784057,338,83
9784756,838,38
9784938,336,83
9785125,12,51
9785133,122,66
9785145,6,51
9785187,121,51
9785264,7716,7
9785506,3666,51
9785684,1539,36
9785754,42,100
9786277,103,66
9786285,214,39
9786513,1982,5
9786584,3155,39
9786855,173,99
9786980,289,83
9787550,5241,6
9787889,337,11
9789041,6370,2
9789179,3552,51
9789613,3041,55
9789712,394,11
9789864,387,144
9790097,3058,100
9790142,453,39
9790208,4977,43
9790274,1958,5
9790343,105,66
9790355,287,11
9790904,133,39
9791150,3986,6
9791180,2177,39
9791734,225,28
9792420,4032,8
9792492,62,8
9792736,48,51
9792789,95,51
9792889,253,51
9792964,170,30
9793181,255,11
9793734,584,30
9794007,1798,5
9794082,410,11
9794523,2010,30
9795176,3367,51
9795899,1641,134
9796092,3138,50
9796373,4005,6
9796670,2305,30
9797156,38,40
9797205,36,40
9797686,429,134
9798512,899,134
9798552,3919,51
9798603,831,95
9798708,76,66
9799119,7717,40
9799161,1394,134
9799199,1976,55
9799463,5885,28
9799497,14,30
9799810,65,30
9799813,67,50
9799979,546,134
9800129,75,39
9800276,3237,39
9800494,58,66
9800556,293,134
9800691,4152,28
9800908,692,134
9800951,103,30
9801182,79,66
9801507,223,30
9801617,764,134
9801742,15,96
9801908,13,96
9802409,768,134
9802424,88,66
9802476,917,51
9803240,94,66
9803536,159,39
9803616,738,11
9803624,3985,51
9803782,530,66
9804501,813,11
9804512,63,66
9805559,268,11
9805653,6272,55
9806287,417,11
9806455,326,39
9806478,5391,28
9806671,736,50
9806774,1685,39
9807168,4637,2
9807540,4263,2
9807615,4190,51
9807841,315,74
9808069,655,50
9808204,3663,28
9808510,3296,11
9810198,1456,50
9811716,637,50
9814706,85,141
9815214,2644,36
9817371,127,92
9817945,668,50
9818181,126,92
9818400,120,92
9818913,60,50
9818995,124,92
9819097,3171,50
9819386,126,92
9819627,76,92
9820819,70,92
9821732,56,92
9822034,62,92
9822208,173,92
9822531,651,50
9822740,52,92
9822942,97,83
9823035,82,83
9823116,123,83
9823236,154,83
9823301,793,50
9823386,585,83
9823522,92,92
9823968,278,83
9824137,93,92
9824309,1279,50
9824737,56,92
9824918,52,92
9825587,147,92
9826079,834,50
9826270,3892,80
9826678,6830,2
9826728,7132,2
9827034,814,50
9827968,1441,50
9829742,15204,36
9831223,3852,80
9831454,6577,136
9833995,57,2
9834365,7116,2
9835049,67,2
9836092,351,144
9836593,477,144
9838288,71,136
9838359,4699,136
9841271,670,144
9842080,166,144
9849298,795,136
9853014,622,31
9853014,623,31
9853015,621,31
9853015,679,31
9853754,1213,31
9853754,1213,31
9853754,1214,31
9853754,6939,31
9853754,6939,31
9853755,7034,31
9853755,7035,31
9853755,7035,31
9853755,7035,31
9853756,1211,31
9853756,7033,31
9853756,7062,31
9853756,7063,31
9853756,7063,31
9853756,7063,31
9853756,7128,31
9853756,7128,31
9853757,7125,31
9853757,7126,31
9853757,7126,31
9853757,7215,31
9853757,7216,31
9853757,7216,31
9853757,7217,31
9853757,7246,31
9853758,1208,31
9853758,1569,31
9853758,7245,31
9854029,22801,136
9861393,4784,31
9861394,1986,31
9861394,3888,31
9861394,7543,31
9861395,1916,31
9861395,1984,31
9861395,2338,31
9861395,3856,31
9861395,3887,31
9861453,1925,31
9861453,1926,31
9861453,6278,31
9861453,6279,31
9861453,7483,31
9861515,779,31
9861515,825,31
9861515,826,31
9861515,7421,31
9861515,7421,31
9861516,777,31
9861516,824,31
9861516,3825,31
9861516,3826,31
9861516,3826,31
9861516,7515,31
9861516,10918,31
9861517,822,31
9861517,823,31
9862339,17114,31
9862534,16919,31
9862594,16922,31
9862653,16863,31
9862952,16627,31
9863012,16567,31
9867852,11826,31
9867852,11917,31
9867852,11947,31
9867912,11766,31
9867922,11847,31
9867922,11877,31
9869730,9632,8
9871877,1304,36
9874445,635,40
9875489,39519,80
9879128,81,92
9880046,421,31
9880076,451,31
9880083,505,31
9880146,502,31
9880147,441,31
9880147,501,31
9880829,8,141
9880861,30548,31
9880862,21449,31
9880862,27812,31
9880922,28022,31
9880922,30587,31
9880923,20818,31
9880990,93,28
9881067,20,31
9881067,27257,31
9881072,192,28
9881079,25605,31
9881080,24,31
9881080,15378,31
9881086,26631,31
9881087,25093,31
9881104,15353,31
9881341,25314,100
9881439,25015,31
9881498,26250,31
9881499,14958,31
9882009,234,141
9882245,137,31
9882246,136,31
9882246,3729,31
9882246,3730,31
9882247,3649,31
9882247,15717,31
9882248,12063,31
9882248,14221,31
9882517,431,92
9882639,13830,31
9883458,442,92
9883864,24208,2
9883980,283,2
9884513,498,66
9884668,420,92
9885392,8258,21
9885894,80,66
9886035,3223,21
9886312,432,92
9887324,439,92
9887427,13513,22
9887439,13015,22
9888174,59,96
9888360,54,40
9888574,56,96
9889162,111,96
9889307,6353,20
9891333,5199,8
9892131,1010,121
9892622,319,121
9893538,987,121
9896456,161,31
9896456,162,31
9896468,181,31
9896617,176,31
9896617,176,31
9900739,175,46
9901887,2073,21
9902130,755,21
9906180,6257,31
9906453,9304,31
9906588,2915,21
9906724,7253,31
9907717,7339,31
9907748,11348,31
9908324,9460,31
9909890,117,2
9909909,23,2
9909918,342,96
9909989,27,96
9910052,1718,96
9910507,15614,2
9912077,64,83
9912185,383,83
9912197,60,83
9912437,14775,31
9912566,335,83
9912898,534,83
9913428,930,83
9913977,13571,31
9914355,2764,83
9915055,11461,31
9915383,250,96
9917117,921,83
9917784,10096,31
9918035,1157,83
9918592,8586,136
9919189,3599,83
9922776,4231,83
9927262,24,136
9927384,3418,136
9933967,3197,136
9937333,3197,136
9940099,166,7
9940740,3202,136
9941638,344,36
9944795,2242,28
9945383,19884,21
9945906,398,120
9946161,432,120
9946825,1069,134
9947167,15843,55
9947622,1042,20
9948023,380,134
9948702,14897,51
9948731,14280,8
9948872,33,8
9948958,150,39
9949102,113,8
9949147,629,134
9949160,809,39
9949253,13756,20
9949262,702,46
9949407,9125,26
9949591,13332,43
9949695,2603,6
9949865,538,50
9950050,1666,39
9950268,1116,46
9950475,239,6
9950552,1515,134
9950652,12269,136
9950749,191,134
9950918,317,8
9951076,307,121
9951132,25,50
9951218,788,50
9951317,438,8
9951417,139,46
9951541,11465,46
9951859,251,121
9951888,11117,8
9952087,10837,134
9952317,10607,6
9952398,110,121
9952803,571,50
9952992,10083,7
9953014,12626,58
9953385,504,50
9953559,120,121
9955041,3304,134
9955485,2385,40
9956589,13006,136
9957208,19363,141
9960597,2699,13
9962296,111,60
9962325,3645,60
9963157,60,40
9963165,100,66
9963177,90,31
9963217,50,31
9963218,48,31
9963218,49,31
9963218,56,31
9963218,56,31
9963272,27,40
9963306,420,8
9963324,71,40
9963336,68,66
9963422,63,66
9963489,1789,43
9963843,7514,6
9964146,440,76
9964436,66,38
9964516,136,38
9964595,1398,134
9964721,32,38
9965277,36,40
9965304,873,26
9965321,256,40
9965341,5373,43
9965593,474,8
9965648,3361,40
9966028,1085,134
9966150,2857,36
9966241,101,8
9966551,309,7
9966827,15726,14
9967060,80,23
9967096,1500,76
9967113,6813,7
9967485,4383,100
9967513,29,134
9967595,4754,134
9968325,41,40
9968478,379,40
9968607,704,74
9968656,293,76
9968809,7180,46
9969022,17,40
9969119,917,134
9969586,97,8
9969818,4975,8
9970127,324,76
9970274,516,74
9970893,513,74
9970975,2057,2
9971469,10991,2
9971552,367,76
9971737,386,134
9971825,40,74
9972079,66,40
9972145,265,134
9972188,34,74
9972377,44,40
9972427,1491,134
9972477,9732,36
9972534,100,40
9972738,98,40
9972945,42,40
9973031,9427,28
9973053,261,74
9973176,710,76
9973275,99,40
9973446,18,40
9973638,39,40
9974030,41,40
9974232,98,40
9974381,71,66
9974497,42,40
9974579,108,121
9974586,1669,28
9974741,810,134
9974763,19,40
9974786,7673,2
9974803,511,76
9974889,189,121
9975038,19,40
9975086,95,66
9975144,767,38
9975292,89,40
9975382,51,121
9975404,155,40
9975624,235,40
9975657,482,134
9975792,76,121
9975854,405,76
9975893,6505,22
9975967,112,121
9976212,90,66
9976226,1256,134
9976317,239,66
9976386,721,28
9977024,894,8
9977038,620,38
9977374,18,28
9977420,95,66
9977471,613,144
9977503,31,40
9977507,1244,134
9977513,5111,28
9977813,4585,51
9977826,58,51
9978015,4609,39
9978794,3603,134
9980604,158,144
9980704,11327,7
9982891,3938,14
9984011,1012,40
9985025,27978,40
9988008,7311,141
9991771,6746,51
9993534,15204,36
9996078,6013,70
9996279,5831,13
9996560,365,36
9996717,411,144
9999567,142,144
10001707,154,144
10002737,642,144
10004770,3444,2
10005138,3936,144
10005477,6686,2
10009335,3381,144
10013236,3882,144
10026534,9839,61
10028206,354,36
10029234,345,36
10030423,218,36
10030657,3350,36
10031202,3356,36
10032764,3645,51
10035072,68,92
10035472,64,92
10036311,9675,61
10036414,3390,51
10036507,11889,40
10037895,43,40
10038535,61,40
10038611,115,40
10038832,320,40
10039011,597,28
10039074,2439,28
10039181,267,40
10039571,1055,40
10039619,236,28
10039808,3586,51
10040301,3462,28
10041401,560,21
10041668,19896,21
10042058,162266,36
10042184,489,21
10042696,52,21
10043405,3399,51
10045081,159256,28
10045749,38,28
10045814,55,28
10045900,9412,28
10046809,3439,51
10049887,3745,2
10050254,154071,51
10050846,153471,7
10066847,77,21
10124957,273,74
10129439,9,2
10129935,10,2
10130561,3665,8
10137405,11,2
10158683,21140,40
10168746,11,2
10201141,11,2
10201147,9,2
10205872,12,2
10205881,9,2
10205922,5570,28
10205937,14303,28
10206111,9614,51
10206392,6935,141
10207310,422,120
10207428,426,120
10207965,521,120
10208104,383,3
10208216,7378,36
10209497,4936,5
10209503,19,25
10209638,103,8
10209662,5,40
10209761,70,8
10209903,57,25
10210083,11307,7
10210155,305,8
10210557,67,76
10210624,10,2
10210633,8,2
10210753,263,8
10210873,14,2
10210894,1436,6
10210956,97,76
10211124,315,8
10211222,52,76
10211424,86,76
10211565,3939,43
10211605,1035,28
10211785,291,76
10211854,179,8
10212014,365,120
10212031,299,66
10212054,7993,5
10212086,1115,120
10212143,123,76
10212201,162,8
10212395,61,76
10212516,9,2
10212596,111,8
10212706,39,28
10212718,95,8
10212763,296,28
10212887,495,8
10213021,7115,6
10213069,7150,28
10213327,192,66
10213386,370,128
10213487,1145,8
10213495,152,8
10213528,1489,120
10213545,260,66
10213664,227,8
10214167,439,8
10214282,5931,128
10215296,556,8
10216407,57,8
10216551,1942,102
10216682,6354,141
10216856,763,8
10216955,13,2
10217046,9,2
10217081,12,2
10217634,76,8
10217773,48,8
10218246,55,8
10218338,3358,36
10218419,6553,51
10218637,62,8
10218722,52,8
10219146,13919,58
10219152,59,8
10219699,55,8
10219777,379,8
10220413,1877,46
10221293,69,8
10221502,11300,7
10221838,69,8
10221969,5971,6
10222035,3966,43
10222340,21,8
10222370,61,8
10222921,78,8
10223200,51,8
10223213,3512,54
10223565,998,8
10223627,4252,6
10223775,161,40
10223817,75,66
10223911,17,2
10224565,81,40
10224587,49,8
10224622,14,40
10224672,96,8
10224859,3089,144
10224889,82,66
10224903,75,8
10224924,6040,40
10224979,4803,51
10225183,51,8
10225404,1765,5
10225433,58,8
10225587,14765,2
10225765,296,30
10225857,82,8
10225966,14757,2
10225997,318,8
10226265,105,121
10226426,267,30
10226748,106,121
10227102,129,91
10227414,210,14
10227537,281,30
10227622,73,30
10228056,3134,14
10228142,83,28
10228152,59,28
10228267,53,40
10228291,7482,28
10228307,215,28
10228354,207,40
10228450,72,128
10228464,344,43
10228526,20517,28
10228625,4636,6
10228675,119,40
10228893,93,40
10228998,58,128
10229239,86,39
10229281,610,141
10229376,28,40
10229439,237,39
10229459,69,40
10229753,119,40
10229789,7688,51
10229900,42,128
10229918,4409,5
10230025,8214,141
10230284,41,29
10230310,64,40
10230438,110,29
10230619,81,66
10230987,19,3
10231072,624,46
10231081,78,66
10231171,1155,30
10231279,474,3
10231411,83,29
10231971,88,29
10232120,62,29
10232266,254,66
10232279,2863,3
10232329,1318,30
10232832,418,66
10232907,1099,144
10232932,254,7
10233179,4222,54
10233301,2143,134
10233341,80,29
10233441,1439,39
10233739,19919,11
10233910,52,10
10233995,51,10
10234169,1011,30
10234552,495,74
10234585,15726,5
10234625,746,46
10234664,265,66
10234908,103,29
10235036,2343,144
10235067,2314,40
10235217,160,66
10235387,1355,120
10235467,1780,30
10235527,325,134
10235556,922,8
10235784,1151,28
10235882,1027,134
10236011,65,10
10236115,608,3
10236255,50,10
10236437,58,10
10237042,4028,28
10237568,3992,51
10237846,190,59
10238348,604,144
10238484,2058,39
10239033,518,46
10240448,864,14
10241082,15474,28
10241565,3860,51
10242747,2071,14
10244515,10340,2
10244978,339,14
10245258,56,14
10245431,6761,51
10245543,12028,7
10245612,7350,141
10245962,820,46
10250227,1086,13
10250455,2908,13
10251394,114,13
10253113,9589,61
10253586,1857,46
10253772,162,13
10254534,163,13
10254994,198,13
10255759,36,13
10256554,2485,28
10257997,5155,2
10259131,608,28
10259147,171,39
10259941,668,28
10260058,3150,39
10260193,159,40
10260433,58,40
10260677,12298,28
10263536,13429,36
10263896,3193,2
10268171,5646,2
10268759,306,147
10272972,12449,28
10285419,6372,28
10288085,27067,7
10288859,1030,3
10290107,25860,6
10290313,13,3
10290344,1392,3
10291662,24230,28
10291756,3779,6
10291837,24059,28
10291981,23840,51
10293230,1577,39
10293489,22408,8
10293513,22263,2
10293804,74,40
10293902,279,4
10294069,170,66
10294609,3005,9
10294615,77,40
10294831,807,39
10294838,71,40
10295280,62,40
10295591,19692,13
10295603,543,66
10295626,58,40
10296138,78,128
10296165,19792,6
10296342,123,8
10296578,257,40
10296608,940,8
10296800,95,66
10296830,44,128
10296920,109,66
10297084,18256,40
10297153,96,59
10297596,18355,8
10302316,459,144
10304738,7856,141
10315377,646,128
10316053,7786,58
10316173,9847,51
10316203,875,29
10316274,951,40
10316408,9708,91
10317098,90,66
10317237,456,40
10317595,83,66
10318317,7505,7
10318413,68,66
10318632,527,6
10318657,597,6
10318711,323,14
10319069,90,66
10319097,18,14
10319125,7001,14
10319336,23326,5
10319473,789,43
10319552,2430,39
10319653,1588,102
10319873,970,144
10319904,6162,30
10319932,808,59
10320036,523,30
10320041,53,66
10320131,147,66
10320479,615,30
10320738,3158,82
10320774,479,147
10320861,12,38
10320925,245,38
10321078,514,30
10321117,964,144
10321626,69,66
10321708,115,66
10321848,290,38
10321883,1774,13
10321959,1693,2
10321995,1222,28
10322093,1560,2
10322777,109,144
10322940,3186,14
10322999,652,28
10323006,3120,47
10323409,78,39
10323711,29932,40
10324533,3124,28
10324588,3112,28
10325204,7814,141
10325824,11250,40
10326348,58,14
10326357,6808,51
10327277,3954,11
10327447,8716,2
10327455,8726,2
10328227,277,91
10328366,119,29
10328609,234,147
10329290,121,29
10329327,455,147
10329443,154,28
10329822,4112,91
10329849,132,43
10330853,127,29
10331206,4328,11
10332659,505,9
10333169,4320,51
10333398,18432,28
10333408,33389,28
10333861,282,21
10334145,4099,9
10334236,177,21
10334248,45,21
10334805,4308,141
10335195,12446,21
10335333,263,91
10335752,8548,58
10336576,2292,47
10337902,9890,61
10338395,63,91
10338581,11502,2
10339073,398,39
10339284,11352,2
10339540,3024,39
10342288,1920,46
10344277,892,144
10345411,76,91
10345674,47,96
10345757,559,91
10345987,138,96
10346401,62,144
10346412,114,91
10346454,1072,96
10347978,500,96
10348479,611,96
10349399,1271,96
10350525,9133,2
10350930,73,96
10351029,316,96
10351206,8930,2
10351919,169,96
10359045,9630,61
10368677,9806,61
10373068,257,146
10373341,21,146
10373370,2623,6
10373414,1001,146
10373567,2424,6
10373725,2267,28
10375189,3993,91
10375629,7161,91
10376078,388,146
10376185,665,21
10376456,7010,6
10376780,3451,51
10377397,6439,7
10377798,6202,28
10378534,888,21
10378578,418,146
10378584,824,43
10378590,102,66
10378733,5261,7
10379486,4643,31
10379534,12451,21
10380056,1068,43
10380440,62,8
10380461,3523,141
10380628,42,8
10381050,65,8
10381163,95,5
10381403,83,66
10381669,380,59
10381884,39,8
10381920,2181,38
10382010,34,8
10382404,6779,6
10382588,3938,91
10382861,1996,13
10383120,6876,141
10383335,41,8
10383573,3943,58
10383796,831,20
10384173,20,8
10384255,2027,31
10384263,6611,51
10384296,543,5
10384788,98,66
10384807,46,8
10384910,132,66
10385250,308,146
10385267,44,8
10385283,88,146
10385396,80,146
10385634,113,8
10385759,510,8
10385865,1529,146
10386330,300,74
10386580,36,31
10386591,276,66
10386635,55,31
10386688,440,120
10386750,23,8
10386816,21,8
10386890,536,40
10386910,148,74
10386944,22,8
10387338,241,74
10387368,205,8
10387405,3234,47
10387512,501,38
10387554,209,59
10387597,324,82
10387846,11273,13
10388104,44,109
10388173,2530,59
10388273,2600,58
10388287,2416,109
10388450,2189,32
10388642,13438,58
10388796,315,146
10388959,4042,100
10390250,603,83
10390350,9124,2
10390611,3721,5
10390737,1308,144
10391112,192,96
10391245,891,83
10391422,692,146
10391866,10715,141
10391966,237,96
10391996,29,84
10392132,2176,83
10392207,4809,47
10392254,2513,146
10392292,7032,30
10392325,189,38
10392488,377,96
10392639,40,10
10392697,95,59
10392709,1632,30
10392809,1678,146
10392918,182,29
10393125,3940,59
10393139,346,59
10393320,157,51
10393509,12968,51
10393523,228,59
10393711,530,39
10394185,6317,6
10394337,145,29
10394443,883,82
10394455,268,10
10394522,173,59
10394633,1432,146
10394653,11413,7
10394692,16,7
10394734,668,7
10394750,745,59
10394795,7920,20
10395021,846,30
10395131,175,29
10395199,3176,10
10395438,3916,7
10395503,1033,5
10395666,86,59
10396160,626,59
10396245,12239,28
10396251,3156,28
10396487,1003,82
10396802,14828,59
10396829,1290,46
10396870,1558,5
10397581,5481,5
10397772,216,144
10397885,693,38
10397960,451,96
10398331,141,29
10398601,1985,5
10398656,662,82
10398773,180,66
10399008,136,66
10399085,4226,47
10399104,1039,14
10399350,152,29
10399355,944,82
10399590,325,96
10399649,368,10
10399933,109,32
10399951,3463,6
10400431,4321,30
10400531,151,29
10400647,331,10
10400677,42,109
10400697,455,38
10400713,40,148
10400756,3952,66
10400768,401,66
10400863,230,38
10400999,61,40
10401056,495,8
10401113,43,148
10401145,51,10
10401420,196,66
10401427,171,10
10401505,57,148
10401547,305,7
10401582,846,8
10401659,4719,2
10401725,2934,109
10401895,157,10
10401915,736,40
10401950,1441,14
10402010,378,66
10402206,84,29
10402287,42,148
10402332,696,38
10402854,68,74
10403016,895,66
10403022,1248,7
10403325,2506,47
10403497,237,29
10403544,514,40
10403707,2182,59
10403719,417,120
10403826,30,148
10403939,573,32
10404037,28,148
10404092,1226,120
10404183,32,148
10404450,23,148
10404792,654,40
10404949,335,32
10405092,595,100
10405163,799,74
10405341,1308,32
10405392,357,38
10405504,5980,58
10405570,867,11
10405656,4312,28
10405810,5889,66
10405831,1632,66
10406025,24,59
10406303,5224,47
10406424,4943,7
10406439,5048,7
10406471,5011,11
10406600,5100,6
10407225,334,144
10407246,666,8
10407276,3974,20
10407433,330,100
10407454,4246,20
10407475,494,2
10407504,308,2
10407560,2825,146
10407589,324,32
10407662,34,96
10407902,23714,5
10408045,54,96
10408053,3526,66
10408056,3589,30
10408169,999,29
10409097,4272,47
10411630,2059,50
10411643,9928,141
10411785,1762,28
10411799,7093,28
10412009,7304,2
10412350,302,144
10412434,9132,11
10412948,14,83
10413002,453,83
10413451,765,83
10413559,16342,28
10413766,6474,6
10414214,1596,83
10414411,635,74
10420775,5816,2
10421567,8942,58
10422307,25,100
10422336,19,100
10422428,223,100
10422662,408,100
10422708,29,100
10422733,1774,28
10423090,1198,141
10425079,108,100
10425243,154,146
10426044,134,100
10426334,240,100
10426671,190,146
10426742,100,144
10427248,5535,146
10427640,557,21
10428272,1034,21
10428368,14233,21
10429151,6363,7
10430690,167,96
10431959,307,96
10432854,1177,96
10434557,2330,96
10435221,3618,2
10438076,2344,96
10449093,2081,40
10455553,9589,61
10457322,521,28
10458025,1305,28
10458146,1186,28
10458903,2630,6
10459122,441,50
10459400,8188,7
10459547,3032,28
10459556,3438,28
10461531,3142,67
10461674,1811,21
10462116,4237,5
10462576,8595,30
10462960,2213,6
10462978,1957,28
10463642,1492,10
10464016,70,148
10464748,37,67
10464867,1785,21
10464979,3617,28
10464992,1789,67
10465172,3245,28
10465411,1160,6
10465809,553,61
10466152,5685,5
10466665,102,67
10466673,385,146
10466745,607,6
10466818,649,67
10466830,72,40
10467237,3866,120
10467290,384,21
10467347,6351,6
10467384,3966,6
10467418,6598,96
10467564,589,59
10467750,499,67
10467877,260,21
10468145,3317,20
10468399,28298,40
10468553,2185,50
10468577,14250,21
10468720,68,20
10468753,7097,21
10468827,828,59
10468977,564,67
10469511,398,66
10469556,208,109
10469573,940,67
10470599,522,11
10470693,43,38
10470894,22,38
10471391,24,38
10471454,112,11
10471585,163,11
10471762,2954,11
10471796,306,10
10472008,24,40
10472061,3804,6
10472202,3984,66
10472401,204,66
10472461,93,10
10472489,39,8
10472837,27,8
10473019,239,40
10473137,3652,100
10473270,43,40
10473322,62,8
10473373,32,40
10473423,60,40
10473477,57,8
10473710,82,40
10473908,618,38
10474069,138,148
10474244,33,8
10474262,1854,5
10474294,49,148
10474383,47,8
10474477,22,50
10474509,16,148
10474522,1352,50
10474558,1721,5
10474559,72,50
10474721,14,148
10475263,55,8
10475337,42,8
10475486,180,8
10475576,75,66
10475614,1808,144
10475655,3334,8
10475717,18,66
10475746,74,8
10475845,32,8
10476189,2780,6
10476197,57,8
10476616,14,146
10476639,52,8
10476682,5252,146
10476720,941,38
10476783,73,8
10476953,28,8
10476971,2962,58
10477096,52,8
10477289,41,8
10477470,1482,14
10477503,4325,100
10477550,1553,5
10477743,35,8
10477908,46,8
10478019,1422,6
10478184,20,8
10478211,1447,144
10478275,16866,51
10478318,95,8
10478469,277,39
10478578,73,8
10478737,268,8
10478798,628,39
10478834,15596,30
10479017,108,8
10479027,1041,6
10479162,4098,5
10479201,155,8
10479428,15,8
10479522,16,8
10479529,1204,39
10479626,19,8
10479732,19,8
10479826,26,8
10479937,169,99
10479992,103,8
10480200,104,6
10480360,26,8
10480403,23,8
10480515,492,146
10480592,714,6
10480667,14660,28
10480685,14826,28
10480781,40,8
10480894,14433,2
10480948,59,99
10481056,14274,146
10481107,19,8
10481242,339,66
10481306,22,8
10481448,13953,6
10481453,495,8
10481538,862,99
10481812,172,66
10481951,11,8
10481957,1106,146
10482152,20,8
10482187,88,66
10482314,141,66
10482385,1653,144
10482485,19,8
10482670,260,40
10482711,12803,99
10482756,315,66
10482962,12337,8
10484803,10521,8
10485336,9913,40
10485866,2279,58
10485952,3981,129
10486270,102,40
10492059,3044,100
10493431,312,1
10495198,3646,5
10495426,15441,11
10495605,7467,28
10495612,16970,28
10495743,25,31
10495755,65,8
10496155,1597,21
10496225,65,8
10496580,86,8
10496896,75,8
10496957,1181,1
10497084,29,8
10497194,73,8
10497524,28,8
10497772,19,8
10497853,387,6
10497907,240,21
10497976,25,8
10498131,18,8
10498312,415,6
10498349,213,21
10498793,20,8
10498818,2331,6
10498950,19279,2
10498970,16,8
10499515,18,8
10499725,17,8
10499965,98,8
10500133,16,8
10500271,404,8
10500763,19,8
10501312,3521,6
10501495,19,8
10501662,20,8
10501823,26,8
10503154,9468,28
10504870,132,6
10505284,37,100
10505400,68,6
10505483,7336,6
10506316,11484,141
10506835,9749,61
10510152,1232,100
10510844,960,40
10511901,757,40
10512738,10621,58
10512797,468,28
10512829,447,28
10512852,3995,6
10512938,426,6
10513195,10376,51
10513360,31041,28
10513448,47143,28
10514499,107,40
10514767,4010,40
10515658,194,21
10515976,300,21
10516261,14204,21
10519074,1657,96
10519490,11,2
10519950,10042,2
10521037,23366,2
10521998,1503,96
10522276,9879,61
10524621,1502,96
10526954,2994,96
10532155,9608,61
10540461,8292,136
10541764,9841,61
10546384,869,3
10546839,1176,1
10547873,30,21
10547904,1169,21
10548063,12123,30
10548105,439,6
10548554,240,6
10548926,171,3
10548979,11448,136
10549120,3911,36
10549273,38,3
10549323,232,3
10549551,3100,129
10549874,373,3
10549900,1177,1
10550204,800,21
10550766,19,8
10550837,3872,120
10551009,18,8
10551155,30,40
10551164,8734,5
10551205,17,8
10551353,87,40
10551436,48,10
10551558,4545,6
10551682,3082,40
10551926,86,66
10551970,25,8
10552205,22,8
10552285,13906,6
10552519,636,74
10552571,14181,21
10552624,923,21
10552650,169,8
10552955,64,8
10552965,63,10
10553040,453,66
10553211,25,8
10553530,18,8
10553637,954,10
10553752,20,8
10553905,291,99
10554334,25,8
10554394,56,8
10554814,351,10
10554838,20,8
10554877,33,8
10555033,70,1
10555223,25,8
10555323,4882,120
10555433,53,8
10555772,28,148
10555868,261,99
10555880,57,148
10556143,10043,8
10556342,9931,8
10557287,23,148
10557607,23,36
10558230,2234,36
10560027,30,10
10560142,2720,62
10560227,54,96
10560295,63,6
10560444,709,120
10560829,5292,120
10560976,178,36
10561753,3995,102
10562420,3618,58
10562933,3187,40
10563267,331,141
10563555,1380,28
10564058,4975,19
10565449,3662,36
10565737,3892,144
10566509,773,31
10567339,1316,6
10567546,47,6
10567554,2813,28
10567882,4065,96
10568592,2031,40
10568641,6582,62
10568666,4521,6
10568980,513,74
10569449,3093,6
10569485,14,38
10569508,745,38
10569531,2338,5
10569986,8678,100
10570125,1989,8
10570725,6819,28
10571045,9665,7
10571143,999,74
10571454,46,51
10571853,287,38
10571871,7611,51
10571901,4934,30
10572369,756,38
10572393,916,120
10572458,17,8
10572512,1145,8
10572539,27,8
10572572,5452,6
10572729,5146,5
10572978,1058,74
10573102,5562,96
10573806,264,8
10574169,718,8
10574759,3910,31
10574929,52,10
10575061,108,8
10575417,541,94
10575708,921,74
10575822,6550,58
10576801,1867,11
10577470,470,28
10577719,1209,38
10577843,1096,74
10577920,133,46
10578046,365,6
10578089,353,46
10578101,153,28
10578447,96,28
10578550,82,28
10578582,12128,8
10578594,28708,8
10578599,27977,40
10578666,97,28
10578784,3282,28
10579012,1658,5
10579449,603,75
10579576,4316,10
10579601,1715,120
10579715,882,75
10580347,271,46
10580567,7734,30
10580666,11,5
10580689,1003,74
10580883,101,5
10580907,2882,38
10581012,5984,5
10581142,656,11
10581661,4019,100
10581850,1821,74
10581965,424,46
10582062,15602,28
10587041,25891,5
10587410,239,40
10592026,22583,7
10592978,148,46
10594721,62,10
10594953,94,10
10595062,307,10
10596861,745,28
10597727,4948,28
10598031,29140,40
10598165,448,28
10598464,30409,40
10600942,274,46
10601916,1519,96
10602765,22296,28
10604022,167,96
10604777,74,96
10605231,74,96
10606106,1184,96
10606160,2065,96
10609551,2381,96
10609580,2692,96
10614542,16259,7
10615539,3051,96
10615707,25,147
10617433,39,147
10625056,8667,28
10625955,30,40
10633722,7113,28
10640837,9645,28
10642622,46,28
10642753,110,28
10644794,554,31
10645248,36,100
10645347,539,31
10647482,1869,100
10648532,34,13
10648583,689,61
10648680,41,13
10649262,6728,13
10650039,537,100
10650519,9888,28
10651810,85,96
10651897,165,96
10652300,168,96
10652633,284,96
10653127,638,96
10654090,367,10
10654403,57,31
10655986,1549,13
10657533,6496,13
10658393,26002,8
10661330,63,8
10661394,287,106
10661742,285,106
10662586,3730,106
10667237,45,106
10667318,9096,106
10671949,55,28
10672120,63,28
10672188,10505,28
10680681,262,96
10681369,885,96
10682359,1079,96
10682750,22493,28
10683821,23,75
10684525,305,75
10684919,165,75
10709366,11,106
10709909,4968,106
10717700,207,106
10718388,11203,106
10732002,70,1
10733243,184,46
10734226,267,36
10734888,5946,75
10734991,666,75
10738305,1052,64
10739609,213,46
10740620,4418,58
10742376,439,40
10742888,233,40
10743415,172,46
10745149,4723,58
10745378,752,6
10748218,77,8
10748347,48,8
10748459,113,8
10748685,60,8
10749108,24,8
10749301,84,8
10749529,133,8
10749746,60,8
10749894,59,8
10750062,4644,58
10750134,59,8
10750471,64,8
10750847,64,8
10751051,60,8
10752158,223,40
10752402,14,40
10752427,99,40
10752536,94,40
10752614,335,11
10752672,42,40
10752725,85,40
10752831,166,40
10753061,110,40
10753198,28,40
10753499,46,40
10753582,96,40
10753686,274,11
10754140,583,21
10754343,163,40
10754582,16,40
10754621,3955,40
10754804,3082,58
10755039,14233,21
10755232,14,21
10755424,11,21
10755650,139,21
10757934,1272,58
10764388,1421,74
10764411,6007,106
10766035,29,40
10766590,219,40
10767179,125,40
10768724,1781,62
10768979,1747,74
10770823,1192,75
10771162,361,62
10771818,2941,74
10771977,4321,62
10774157,114,36
10774330,77,36
10774490,208,36
10775830,117,36
10776591,108,36
10778062,114,36
10778652,107,36
10781579,22,136
10781653,12,136
10782596,3191,136
10798641,3182,136
10802110,3186,136
10805657,74,40
10806129,53,40
10806503,4238,5
10806554,143,5
10806753,50,40
10806864,92,40
10806975,3870,136
10806983,286,5
10807092,21,40
10807311,107,40
10807488,44,40
10808035,6829,30
10808075,639,3
10808100,2163,7
10809217,508,21
10809530,2622,11
10809808,709,21
10809883,243,10
10809898,1010,31
10809898,1011,31
10809957,586,31
10809957,890,31
10810499,75,8
10810728,100,40
10810736,105,8
10810750,4170,120
10811143,33,75
10811186,94,40
10811243,3423,5
10811708,3305,8
10811892,3111,8
10812632,2227,11
10814692,263,40
10815045,1268,40
10815281,626,21
10815425,71,66
10815440,62,8
10815612,7256,31
10815669,66,9
10815681,167,8
10815738,3826,31
10815752,766,31
10815919,22,38
10816399,123,8
10816442,76,40
10816665,127,66
10816687,490,40
10816783,81,8
10817147,59,8
10817239,107,40
10817638,30,8
10818126,68,8
10818361,65,8
10818490,4157,58
10818590,63,8
10818674,4133,38
10819087,557,145
10819352,32,29
10819475,494,66
10819699,2837,8
10823204,20,31
10823410,488,10
10823459,69,8
10823488,3157,120
10823777,3382,31
10823780,371,29
10824154,271,10
10824189,2382,5
10824257,75,1
10824269,39,31
10824439,200,1
10824669,47,145
10824892,1344,1
10826687,40,9
10826807,32,9
10826973,310,5
10827107,177,66
10827392,20,31
10827404,17776,21
10827406,525,31
10827410,21,75
10827563,14,75
10827738,2565,75
10827775,98,66
10827804,383,21
10827914,179,29
10827969,36,31
10828270,786,21
10828666,68,145
10828687,18,75
10828787,67,76
10828969,2176,130
10829184,102,76
10829424,3494,19
10829442,533,76
10829566,90,31
10829679,133,145
10829821,8741,5
10829879,1472,31
10830824,989,38
10830944,3929,3
10830980,10249,3
10831138,503,8
10831400,41,31
10831607,6591,58
10831760,803,8
10832352,6205,5
10832380,1423,28
10832999,78,8
10833117,35,8
10833201,2002,38
10833209,876,8
10833527,77,29
10833550,55,29
10833625,988,29
10833811,29925,28
10833955,478,62
10834095,986,10
10834334,747,31
10834568,3793,62
10834805,24,40
10835000,39,40
10835027,5185,75
10835719,7296,51
10835789,101,40
10836125,391,29
10836469,1700,30
10836560,788,120
10836581,413,1
10836797,75,145
10837258,45,145
10837538,67,66
10837630,2963,50
10837684,163,46
10838122,26,29
10838140,2943,120
10838428,1861,145
10838454,29,29
10838473,50,30
10838583,152,62
10838591,16057,5
10838780,3507,62
10838935,7435,30
10838948,20,29
10839125,209,46
10839360,20,29
10839541,10720,8
10839696,23,29
10840147,8648,11
10840185,27,29
10840244,1047,144
10840597,6442,8
10840767,28,29
10841127,31,29
10841276,42,29
10841537,7539,106
10841793,34,29
10841940,49,144
10842403,38,62
10842567,32,51
10842594,376,144
10843562,5197,51
10844155,3492,62
10844705,13186,7
10844726,298,144
10847496,2014,8
10848765,3387,51
10849472,292,8
10849488,202,74
10850869,3929,11
10852324,36,62
10853004,203,54
10853897,4068,62
10855020,558,46
10855535,584,54
10855954,94,75
10856116,856,75
10856263,954,54
10856667,4734,75
10857825,15989,54
10858453,711,8
10858648,45,8
10859297,11755,8
10859674,296,144
10862431,51,144
10862554,57,144
10863733,24743,28
10865024,183,144
10865434,41,62
10865531,1979,144
10865699,3493,62
10866537,6536,136
10866829,27,147
10871321,6164,106
10875548,14424,7
10885249,6455,136
10888473,7553,28
10891804,1980,61
10892193,725,3
10892597,6320,136
10892960,1905,3
10893347,3415,51
10895009,570,31
10895062,73,31
10895130,12782,5
10895169,904,5
10895329,1131,21
10895717,882,31
10895786,806,31
10895994,45,29
10896040,31,28
10896078,102,28
10896219,592,3
10896259,27,28
10896384,206,28
10896556,44,29
10896596,12735,28
10896771,1212,51
10896975,3765,21
10897036,612,7
10897051,451,145
10897194,477,30
10897635,44,13
10897699,335,13
10897869,284,145
10898151,2433,30
10898179,251,3
10898270,980,145
10898430,1184,29
10898471,7835,51
10898477,2887,3
10898528,4118,120
10899110,166,10
10899118,7442,136
10899334,2974,145
10900229,34,30
10900356,484,30
10900731,426,10
10900840,3903,58
10901003,3693,21
10901100,83,66
10901740,58,31
10901916,167,31
10902010,120,66
10902100,300,59
10902271,6152,30
10902366,11308,7
10902696,83,66
10902888,77,103
10903009,330,103
10903102,4156,50
10903325,3991,80
10903445,219,30
10903529,48,31
10903605,142,66
10903614,109,31
10903723,38,31
10903723,589,31
10903846,620,3
10904310,456,103
10904368,80,10
10904415,53,31
10904478,259,3
10904551,39,31
10904551,216,31
10904660,102,145
10904746,641,3
10904822,6379,50
10904831,3203,38
10904869,86,66
10904942,1496,11
10905002,126,30
10905358,99,10
10905395,237,103
10905741,95,10
10905784,294,8
10905807,1178,103
10906069,6222,58
10906319,4621,51
10906350,263,8
10906360,802,8
10906604,108,10
10906779,62,66
10907159,38,29
10907339,943,80
10907473,9495,31
10907473,14686,31
10907586,30,8
10907674,798,8
10907695,1373,103
10907846,51,62
10908106,6783,62
10908249,52,29
10908398,31,29
10908564,61,31
10908624,465,31
10908683,406,31
10908786,55,29
10908971,13110,28
10909075,816,8
10909168,384,80
10909222,1250,13
10909380,12775,28
10909488,369,80
10909569,1116,38
10909898,8107,8
10910109,2546,30
10910623,239,30
10910952,768,51
10910966,59,51
10911243,3928,145
10912078,7433,13
10912275,14,51
10912335,7057,51
10912520,185,30
10912549,722,29
10913132,2296,80
10913435,94,10
10913473,20,30
10913655,27,30
10913723,26,30
10913742,529,30
10914006,45,31
10914050,59,31
10914234,2448,141
10914432,2323,36
10914863,626,11
10914938,4879,7
10915119,60,62
10915164,132,10
10915168,71,31
10915214,7049,39
10915394,3528,62
10915527,24,31
10915692,605,80
10915699,394,10
10915734,1924,38
10915943,30,148
10916061,676,29
10916212,4501,75
10916237,48,148
10916314,5766,80
10916344,2396,11
10916513,49,148
10916584,216,30
10916610,76,29
10916651,439,3
10916756,877,29
10916814,1411,96
10917203,5064,31
10917556,238,30
10918014,4250,8
10918242,2471,29
10918265,1283,30
10918317,3761,120
10918664,35,148
10918863,1209,3
10919035,3113,38
10919132,3017,62
10919156,37,8
10919229,35,148
10919411,2736,8
10919441,2568,11
10919782,251,5
10919962,701,103
10920099,1908,51
10920146,28,62
10920833,44,148
10921641,851,103
10922167,107,8
10922698,1992,141
10922881,11149,31
10922882,1130,31
10922943,58,31
10922943,11086,31
10923267,65208,51
10923318,873,31
10923393,20,31
10923426,65262,80
10923699,704,75
10924154,181,31
10924173,72,31
10924352,8669,31
10924371,66164,31
10925430,83,8
10925458,701,103
10925505,1669,38
10925549,69,8
10925788,137,8
10925933,37,62
10925977,142,8
10926057,64625,75
10926076,1764,62
10926232,101,8
10926283,64250,96
10926355,86,8
10926466,64,8
10926556,59,8
10926637,62,8
10927076,788,103
10927188,94,8
10927256,55,103
10927327,288,8
10927374,897,5
10927431,1946,7
10927640,1390,38
10927844,228,8
10928089,775,8
10928262,905,5
10928692,1494,103
10928940,633,8
10929258,10790,5
10929582,144,8
10930331,60132,7
10930579,288,8
10931120,348,29
10931526,229,76
10931759,241,8
10931869,1211,29
10932307,248,8
10932726,58019,8
10932737,237,8
10933320,495,29
10933330,203,8
10933698,170,8
10934083,123,8
10934299,56451,31
10934317,2601,31
10934348,22,8
10934384,70,8
10934573,94,8
10934638,6355,106
10934775,14,8
10934800,281,8
10934923,55822,74
10934999,47,29
10935264,36,29
10935643,43,29
10936315,54372,8
10936886,53703,40
10937922,2846,36
10950482,4133,136
10979002,28,148
10981113,21725,21
10983943,1776,120
10988255,404,40
10990964,410,132
10990994,1456,38
10991385,1131,132
10991535,2343,13
10991638,3333,28
10991655,2904,28
10991681,422,8
10991945,3269,3
10991955,30,29
10992461,6249,96
10992524,1947,4
10992582,2077,132
10992694,230,8
10992761,81,103
10993049,230,8
10993358,227,8
10993572,29,29
10993721,244,8
10993839,141,40
10993852,36,29
10994011,614,40
10994336,29,8
10994419,40,29
10994452,8767,7
10994607,8845,28
10994638,8822,120
10994738,8801,132
10994757,82,40
10994913,8629,40
10994931,407,8
10994975,8408,51
10995080,345,29
10995099,8442,28
10995162,8299,32
10995427,537,30
10995653,505,29
10996288,42,31
10996328,34,29
10996426,62,31
10996487,60,31
10996547,23,31
10996548,6834,29
10996551,30,31
10996562,85,31
10996569,6971,24
10996570,76,31
10996580,66,31
10996645,56,31
10996646,55,50
10996700,6845,50
10997724,120,3
10998210,9,148
10998423,755,4
10998463,4920,40
10999309,15,4
10999516,13,4
10999876,18,4
11000229,3072,8
11001385,9,45
11002606,15,75
11002773,3868,100
11003693,12,40
11004669,1590,7
11005085,35,28
11005092,24838,28
11005849,35,31
11005849,2495,31
11005915,2429,31
11006283,7,63
11007052,65,141
11009114,866,31
11009114,901,31
11009881,412,31
11009914,362,31
11010257,178,144
11018175,82,46
11018242,487,40
11018325,320,46
11018770,22411,28
11019184,530,144
11020169,7874,144
11023040,72,40
11023138,433,40
11023661,629,40
11024102,25,121
11024408,16,121
11024664,36,121
11024939,32,121
11025157,35029,40
11025240,3900,62
11025574,2377,132
11026429,6611,106
11026704,1990,61
11026841,69,9
11027517,3980,5
11028049,395,46
11028124,1176,132
11031117,116,9
11031503,86,9
11031700,1177,9
11032725,310,9
11033279,1473,62
11035999,4058,9
11037942,25,88
11068937,1716,132
11069119,2220,7
11069645,1315,30
11069736,1602,28
11069745,1626,28
11069969,338,75
11070132,58,10
11070199,1431,24
11070382,1249,75
11070619,102,103
11071092,54,103
11071126,212,30
11071416,5992,51
11071851,591,31
11072110,329,28
11072117,9913,28
11072442,8730,31
11072873,27,121
11072902,8270,31
11073100,8071,31
11073116,8055,31
11074838,1469,75
11075308,258,103
11075689,29,148
11077425,23,8
11078304,16,116
11080047,45,45
11081610,5858,8
11081690,269,29
11081755,28,40
11081822,184,8
11082205,3632,29
11082300,39,40
11082362,162,28
11082402,119,141
11082466,6398,5
11082515,6138,13
11082918,8604,55
11082937,3329,30
11082952,1282,38
11082987,331,30
11083152,132,40
11083292,57,103
11083333,118,40
11083418,4322,24
11083463,40,103
11083469,52,121
11083585,4256,145
11083608,38,103
11083696,70,121
11083708,813,8
11083983,23,121
11084065,38,103
11084110,132,30
11084280,24,121
11084300,27,103
11084567,16,121
11084690,13,121
11084722,795,8
11084869,32,121
11084945,12,121
11085042,1666,15
11085108,170,30
11085142,263,121
11085454,39,121
11085499,669,29
11085553,759,3
11085627,83,31
11085702,914,30
11085717,132,8
11085730,3134,62
11085918,5,8
11086024,907,20
11086070,19,8
11086100,880,8
11086247,2620,31
11086248,378,31
11086271,839,31
11086614,27,31
11086614,150,31
11086638,53,30
11086814,657,31
11087082,175,8
11087195,585,29
11087209,1657,10
11087268,4251,8
11087330,361,40
11087493,1370,51
11087757,3848,30
11088043,3362,11
11088517,38,100
11088650,406,13
11089179,4368,51
11089670,2888,24
11091766,4494,28
11091771,1677,28
11093514,2251,31
11093522,166,88
11093525,1346,31
11093678,1676,31
11093744,1197,31
11094105,1216,31
11094154,419,31
11094254,10,116
11094817,6459,40
11094830,54344,40
11094840,34920,40
11094853,40771,40
11096039,432,29
11096394,1647,28
11096515,6147,75
11096624,276,88
11096681,4895,58
11096701,630,29
11096794,3321,145
11097167,488,38
11097660,27,99
11097939,5299,62
11098046,14231,28
11099059,292,149
11099410,126,99
11099770,49,121
11099798,943,7
11100074,27,121
11100358,5611,51
11100448,69,121
11100528,193,121
11100727,8666,5
11100848,550,99
11101048,46,121
11101493,29,75
11101493,211,121
11101833,212,149
11101856,66,75
11101991,622,75
11102011,283,121
11102201,3181,106
11102223,239,39
11102869,38,39
11103061,546,149
11103176,5845,141
11103617,138,144
11105170,212,144
11105977,3488,51
11106310,22129,15
11107047,5281,8
11112509,62972,15
11112780,14622,5
11113203,833,132
11114048,1706,132
11114794,12027,106
11115858,1056,132
11116474,175,39
11116678,2385,9
11116959,3956,132
11117016,444,39
11117191,81,39
11117311,1204,132
11117429,88,39
11117684,309,39
11118426,435,39
11127562,11352,7
11133643,615,17
11150749,1210,3
11152644,3369,51
11152681,3940,31
11152789,42186,40
11152791,754,31
11154267,3937,28
11154991,1016,145
11156023,3398,51
11156074,1632,50
11156698,6612,106
11156818,808,149
11156874,885,74
11157601,71,8
11157762,56,8
11157843,4041,50
11157883,66,8
11158269,1649,75
11158349,65,8
11158477,1693,120
11158562,3167,10
11158871,67,8
11159371,173,149
11159656,2262,149
11160134,3352,28
11160238,3503,11
11160727,10874,7
11161087,69,66
11161134,453,99
11161379,349,99
11161388,441,43
11161723,75,66
11162152,9448,30
11162474,1510,76
11162493,70,31
11162581,580,31
11162597,563,31
11163062,2194,31
11163078,27,8
11163152,60,8
11163187,1501,31
11163205,1463,31
11163241,1998,31
11163325,59,8
11163360,7981,55
11163424,1318,19
11163515,8104,28
11163782,191,88
11163796,95,8
11163836,223,11
11163896,5450,51
11164180,17762,21
11164252,57,8
11164337,37,8
11164655,204,11
11164742,205,66
11164785,114,8
11164861,7032,75
11164911,6585,31
11164945,6551,31
11164967,5,3
11165095,35,40
11165347,533,29
11165370,36,40
11165405,2851,31
11165438,2802,31
11165617,5905,31
11165634,5818,31
11165709,65,8
11166602,20,75
11166746,40,8
11166771,3012,29
11167243,46,8
11168058,66,8
11168328,40,8
11168447,3446,47
11168603,40,8
11168812,43,8
11169026,40,8
11169260,41,8
11169326,401,99
11169356,2244,51
11169438,70,8
11169649,77,8
11169922,42,8
11170167,46,8
11170183,710,29
11170318,86,8
11170613,33,8
11170704,40,8
11170907,66,8
11171015,477,141
11171028,865,149
11171103,100,8
11171424,69,8
11171469,138,76
11171475,190,3
11171778,3939,51
11171790,18919,28
11171798,18421,28
11172118,134,144
11172374,3697,47
11174088,495,31
11174121,428,31
11174785,6036,8
11174789,23057,8
11174794,40829,8
11174961,32,50
11175769,163,31
11175800,131,31
11175965,16,45
11176645,921,31
11176661,743,31
11176687,101,9
11176974,746,75
11177552,4732,31
11177634,4650,31
11177667,4617,31
11177684,4599,31
11178958,3929,24
11181795,8021,75
11182223,14812,106
11182681,5306,149
11182842,356,3
11183418,1128,144
11183441,1051,121
11183707,3068,74
11184973,7388,7
11186117,368,99
11186204,3938,47
11186218,897,47
11186426,3534,51
11186747,2010,58
11186923,39,75
11187239,380,99
11188013,115,66
11190777,369,99
11191577,473,99
11195406,8296,47
11201214,126,144
11201444,53916,28
11201463,53851,28
11256111,22957,28
11256121,30249,28
11259931,1244,144
11262236,2967,75
11264133,82,9
11265552,8926,75
11266280,57,9
11266435,83,9
11267260,440,9
11268129,78,46
11269115,3976,46
11271613,16395,106
11286364,51993,28
11289004,16696,106
11291283,64,1
11292064,83,1
11292129,102,1
11292672,75,1
11293132,59,1
11293636,63,1
11293933,41,1
11294101,52,1
11294221,59,1
11294363,646,46
11294502,59,1
11295247,78,1
11297726,1633,46
11339090,22135,15
11341110,7814,58
11342495,35,31
11343415,36,31
11343416,17574,106
11345560,252,5
11345708,100,100
11345815,117,100
11346094,1845,1
11346834,321,100
11347063,674,1
11347932,1648,132
11348094,702,100
11348390,672,1
11349038,27,31
11349056,57,31
11349166,63,31
11349246,36,31
11349431,683,100
11349650,481,132
11351011,13067,58
11351616,202,1
11351932,549,100
11352123,3454,9
11352247,161,1
11352453,91,1
11353264,2677,132
11353471,25815,28
11353481,27680,28
11353541,679,100
11355728,911,21
11356007,645,100
11356664,352,100
11356700,506,100
11357089,17787,21
11357115,487,21
11357635,2120,100
11357875,1069,132
11361685,6076,132
11362518,600,100
11363977,1078,100
11365176,21133,15
11370600,3309,46
11370833,108,100
11370960,402,100
11372120,56,1
11372182,934,100
11372262,145,1
11373297,223,1
11373420,37,1
11373764,52,100
11373845,836,100
11374001,142,1
11374236,42,1
11374775,774,100
11374991,40,1
11375591,82,1
11375958,199,1
11376194,467,100
11376385,268,100
11376846,178,1
11377342,92,1
11377497,108,1
11377760,94,1
11378343,150,1
11378995,241,1
11379967,150,1
11381035,99,1
11381158,23412,28
11381194,89,1
11381403,81,1
11381611,99,1
11382509,10369,1
11410275,2688,36
11410714,25848,28
11410736,33233,28
11411679,7034,7
11412048,41,141
11412271,12767,5
11412283,4637,141
11414722,2694,13
11415344,378,99
11415421,4410,94
11415530,7000,51
11415559,41,76
11415594,4178,1
11416650,701,76
11416993,4224,5
11417177,2120,11
11417187,406,99
11417195,210,40
11417617,3973,145
11417710,26,40
11418062,31,40
11418276,36,40
11418637,46,40
11418696,64,30
11418756,1784,30
11418945,62,40
11419041,697,75
11419050,37,40
11419084,1462,30
11419104,11349,7
11419175,4077,63
11419449,33,40
11419768,43,40
11420098,110,66
11420124,10511,94
11420285,7691,1
11420483,102,40
11420774,49,40
11421168,319,38
11421693,10754,94
11421763,286,31
11421871,2308,120
11421992,2660,30
11422156,163,38
11422222,2601,31
11422514,28,23
11422561,7213,51
11422578,20,23
11422626,19,23
11422804,62,38
11423508,388,99
11423607,8973,75
11423665,426,99
11423825,23,38
11423868,336,38
11424364,6268,47
11424446,5315,43
11424544,237,6
11424581,1196,63
11424688,1512,38
11424793,137,8
11424811,199,6
11424902,20,103
11424950,34,103
11424965,22,103
11425069,39,103
11425195,84,103
11425294,31,103
11425730,48,8
11425797,30,103
11425815,53,103
11426035,22,103
11426106,57,103
11426121,40,103
11426267,5218,58
11426388,1663,36
11426423,97,38
11426450,30,8
11426503,3797,8
11426741,68,8
11426771,1233,63
11426849,2795,116
11426858,682,10
11427161,94,8
11427196,3251,9
11427592,19,38
11427623,834,38
11427796,4445,24
11428027,12749,5
11428323,243,88
11428705,38,8
11429026,189,5
11429299,71,141
11429524,505,1
11429568,9555,13
11429724,948,116
11429783,5261,51
11429921,262,10
11430365,2350,63
11430866,21,116
11430994,1029,1
11431105,436,30
11431404,955,29
11431470,34,141
11431567,146,10
11432111,7250,1
11432278,23,8
11432337,190,8
11432560,182,10
11432654,26,116
11432735,3674,94
11432759,4538,11
11432788,4440,63
11432827,16,116
11433316,2045,76
11434934,60,40
11435719,114,32
11436265,1101,29
11436581,6578,51
11436610,1373,32
11436755,5998,47
11436827,104,40
11437044,25,8
11437063,15,124
11437072,380,40
11437091,615,38
11437333,1829,11
11437864,293,9
11438165,1224,63
11438331,154,40
11438390,763,32
11438721,129,40
11439175,1214,11
11439329,187,40
11439502,7808,58
11439679,22,8
11439745,63,141
11439877,27,8
11439926,1424,63
11439936,897,10
11439995,29,8
11440168,23,8
11440213,3999,40
11440444,25,8
11440464,92,61
11440589,9905,61
11440591,631,134
11440606,21,8
11440794,23,8
11440832,3395,145
11440876,126,10
11440923,3236,5
11441035,258,10
11441053,4714,1
11441076,33,8
11441361,1427,11
11441457,23,40
11441491,2173,24
11441512,251,38
11441690,11,130
11441781,11,130
11441912,14,130
11442003,32,130
11442073,34,40
11442200,12,130
11442289,70,141
11442426,12,130
11442455,179,38
11443063,1394,11
11443106,137,38
11443167,5506,51
11443602,2278,63
11443816,4626,8
11443859,10310,47
11443965,270,28
11444047,1070,38
11444208,4039,66
11444225,2023,5
11444287,2277,28
11444304,2253,28
11444673,53,39
11445981,2665,63
11446008,114,38
11446181,1021,1
11446305,3932,5
11446460,104,38
11446736,675,28
11446829,573,28
11446853,100,38
11447208,613,38
11447648,400,28
11448113,9324,28
11448127,9145,28
11448506,295,29
11448689,3362,51
11448701,60,51
11449284,249,29
11449804,250,29
11452058,3368,51
11452568,22932,40
11455421,23,9
11455564,15,9
11455679,14,9
11457043,79,39
11457261,81,39
11457441,22528,28
11457543,20,9
11457696,14,9
11457708,66,9
11457900,228,39
11458291,36,9
11458946,15771,54
11459238,2724,58
11460040,731,10
11460089,79,39
11460248,63,39
11460618,16416,1
11471763,1983,61
11479965,27268,28
11494917,8677,31
11494933,8660,31
11496705,29087,28
11497145,18851,31
11497163,18832,31
11497788,795,7
11498128,3406,51
11498571,12250,5
11498731,3968,63
11498781,9733,110
11499575,39,148
11499785,11288,7
11501280,5023,11
11501720,254,66
11502195,240,66
11502784,4379,63
11503342,84,116
11503938,128,10
11503991,10077,31
11504007,10061,31
11504031,121,8
11504109,38,75
11504172,776,75
11504286,315,10
11504308,698,75
11504381,4375,32
11504590,1694,8
11505208,20452,75
11505674,4411,145
11506788,47,148
11506888,85,9
11507557,34,148
11507622,148,30
11507682,79,9
11508056,641,30
11508666,29,148
11508780,2014,32
11508851,1083,5
11508894,26,148
11508990,2902,30
11509156,26,148
11509272,52,148
11509338,30,148
11509375,8371,24
11509647,4818,51
11510252,9656,47
11510270,73,38
11510405,1092,11
11510460,105,9
11510867,5331,5
11511011,371,38
11511440,89,9
11512380,93,9
11512721,75,9
11513212,86,9
11513574,114,9
11513796,85,9
11514180,65,9
11514482,54,9
11514942,287,9
11515459,712,38
11516055,9542,31
11516055,9608,31
11516173,6723,31
11516176,9623,31
11516349,346,30
11516564,26,51
11516599,21,51
11516625,19,51
11517254,343,8
11517316,15,51
11517336,10,51
11517392,8201,51
11517403,8029,5
11517719,4172,9
11517861,4336,55
11518146,448,30
11518203,101,99
11518286,16,39
11518297,616,8
11518386,43,99
11518394,3974,24
11518928,84,141
11519071,200,30
11519212,195,88
11519398,482,99
11519973,471,99
11520058,31,23
11520104,651,29
11520189,5538,62
11520220,5370,141
11520502,386,8
11521465,592,8
11521487,47,148
11521506,691,38
11521530,1301,38
11521599,32,31
11521602,29,45
11521903,45,148
11522133,3667,31
11522208,43,148
11522326,3198,7
11522850,37,148
11522872,2781,8
11523128,3211,29
11523298,32,148
11523592,23,148
11524763,237,45
11525600,21,51
11526071,13,51
11526078,41,9
11526090,15,51
11526113,13,51
11526132,15,51
11526137,675,141
11526178,4338,8
11526364,1483,29
11526381,929,5
11526452,412,99
11526622,25,148
11526640,1303,75
11527254,714,99
11527755,2040,11
11527791,482,66
11527802,12,19
11527924,18,75
11528051,575,75
11528290,1776,120
11528326,2483,19
11528335,1242,30
11528532,20,75
11528538,20,75
11528581,19,75
11528611,208,51
11528616,680,38
11528750,20,31
11528801,40,31
11528848,967,51
11528871,37,31
11528926,90,31
11529015,60,31
11529074,38,31
11529127,4723,75
11529177,69,31
11529247,833,132
11529367,71,9
11529461,242,6
11529527,69,9
11529555,7517,31
11529575,8433,31
11529590,576,134
11529676,184,66
11529851,70,9
11529858,209,88
11529937,6845,51
11529988,59,9
11530358,7452,141
11530453,468,5
11530517,759,62
11530640,46,9
11530753,36,9
11530913,165,9
11530984,257,88
11531124,25473,28
11531137,27774,28
11531237,1426,30
11531466,2396,9
11531914,16598,88
11532250,13910,7
11532467,187,46
11532792,76,46
11533410,317,46
11533503,7458,8
11533759,558,46
11534735,312,46
11534944,29593,5
11535035,5927,47
11536790,3846,51
11540467,22325,137
11540646,6682,51
11542428,729,120
11543223,7302,141
11543795,112,46
11543802,500,120
11543892,4600,46
11544101,1556,19
11546062,16440,1
11547013,13081,55
11558906,23835,28
11560061,138,96
11560381,139,96
11560955,85,96
11582738,29299,28
11583146,24,148
11584244,768,63
11584531,26,148
11585349,3089,63
11585645,54,7
11585681,4610,5
11585731,58,7
11585793,11278,7
11585986,4720,6
11586078,4621,6
11586830,5539,145
11587810,562,29
11587848,4477,51
11589021,399,45
11589035,22934,28
11589496,3701,11
11589556,8328,31
11589591,7697,31
11590762,12393,5
11591003,3471,141
11591164,107,30
11591729,258,30
11591875,325,11
11591966,10282,5
11592469,859,120
11593323,638,61
11594397,3549,145
11594407,20,31
11594508,36,31
11594541,39,31
11594771,20,31
11594803,66,31
11594859,82,75
11594988,173,66
11595048,11136,141
11595159,70,31
11595166,104,31
11595304,47,31
11595429,36,31
11595430,34,31
11595542,1270,30
11595731,10561,51
11596083,1032,6
11596195,3387,6
11597061,4404,30
11597079,192,29
11597139,18,6
11597171,2397,6
11597288,10547,31
11597508,370,69
11597696,1932,120
11597902,9540,31
11598018,196,38
11598031,6828,58
11598447,2668,9
11598726,20,23
11599064,3255,23
11599914,213,66
11600610,11427,62
11601311,983,7
11602160,370,100
11602235,328,100
11602287,2497,30
11602770,210,39
11602859,42,29
11602999,4489,39
11603371,8664,100
11603631,746,5
11604509,452,45
11604560,271,29
11604810,88,29
11604817,6866,1
11604885,1784,29
11604939,1446,4
11605129,447,45
11605589,1876,5
11606660,22,23
11606805,46,23
11606852,284,23
11607354,4483,23
11607481,4355,51
11607630,4204,19
11607810,4092,6
11607912,367,29
11607921,4047,55
11608337,6730,88
11608442,3328,29
11608547,253,46
11608613,3354,63
11608860,3108,46
11609005,3031,99
11609706,2261,39
11612045,2195,100
11612502,35,31
11612547,739,7
11612575,1009,61
11612749,1182,120
11612821,33,31
11612864,313,76
11613265,2247,9
11613272,1849,5
11613364,5712,63
11613608,1096,6
11613614,978,132
11613758,90,129
11614019,9371,58
11614195,18,99
11614336,5056,39
11614404,1821,99
11614616,5786,132
11614813,1613,29
11614986,43,100
11615094,160,38
11616077,8334,47
11616633,472,29
11617409,377,99
11617512,94,30
11617876,54,30
11618201,60,30
11618418,760,5
11618564,14081,13
11618603,15,12
11618626,225,12
11618813,5501,51
11619433,24405,5
11619597,3387,39
11620101,15,150
11620195,12,150
11620494,2259,132
11620758,45,150
11620855,6461,141
11620862,53,150
11621488,63,150
11621939,166,150
11622143,107,150
11622472,265,150
11623403,62,150
11623931,179,150
11624323,4838,51
11624452,53,150
11624848,204,150
11625168,42,150
11625348,45,150
11625464,67,150
11625592,47,150
11625632,6319,146
11625993,509,150
11627125,55,150
11628186,1530,19
11629174,8454,141
11629177,8444,51
11629356,1697,100
11630295,3187,1
11631134,863,132
11631561,1593,39
11632025,3971,132
11632120,3981,132
11632283,60,150
11632505,3957,150
11632601,105,150
11632925,8626,58
11633498,7454,146
11635361,316,96
11635808,15360,13
11635990,584,96
11636501,13480,88
11636870,211,54
11637121,114,150
11637401,3666,150
11637466,217,54
11637575,3665,150
11637853,433,54
11638451,457,54
11639372,435,54
11640347,1043,54
11640492,1659,54
11640811,1810,61
11645949,4838,7
11670371,5762,19
11678941,8235,23
11679666,8373,45
11681861,8335,21
11682432,469,88
11682823,8105,5
11682885,8515,8
11683862,8316,80
11684455,119,93
11684804,8096,129
11684960,837,5
11690643,303,129
11692042,11503,141
11692354,94,130
11693064,3968,134
11693101,847,134
11693330,1181,6
11693449,1580,5
11693461,1050,6
11693477,1007,38
11693521,48,8
11693563,578,66
11693871,385,130
11694215,10468,51
11694375,604,1
11694787,36,8
11694915,157,148
11695107,158,30
11695296,76,38
11695495,766,134
11695521,125,30
11695662,253,30
11695731,39,8
11695778,135,38
11696106,12627,36
11699048,501,148
11699226,24,1
11699233,147,5
11699302,562,38
11699406,24100,5
11699735,943,76
11700139,6405,41
11700395,581,21
11701572,17803,21
11702323,22629,5
11703254,165,93
11703429,201,66
11703835,4900,36
11703970,63,23
11704068,34469,23
11704214,34,150
11704372,67,66
11704385,444,99
11704585,12,150
11704696,12611,51
11704945,14,150
11705745,138,99
11706046,115,99
11706104,3068,88
11706183,32189,88
11706254,121,99
11707052,944,7
11707697,1804,29
11708395,23671,141
11709713,11123,146
11710818,392,10
11711843,3824,63
11713559,7688,80
11715693,5266,63
11717315,6642,51
11721423,693,39
11721483,680,39
11723062,14105,1
11728676,16326,7
11729449,26,45
11729577,22,45
11729859,16,45
11730062,11,45
11730338,13,45
11730464,14,45
11731583,379,45
11732091,7346,141
11732104,14,45
11733372,1033,45
11733620,6444,45
11738367,58,96
11738673,1224,96
11740333,1216,96
11754019,89,31
11754073,334,31
11754145,3770,31
11755450,13850,7
11755476,3219,31
11756249,7811,1
11756487,212,148
11757138,356,148
11757721,4004,63
11757965,406,148
11759066,626,148
11759721,43,148
11760070,1403,134
11760154,736,148
11760408,482,149
11760474,63,8
11760602,4660,51
11760665,87,8
11760707,138,10
11762280,479,5
11762450,123,99
11762504,74,8
11762592,1240,148
11762804,1056,39
11762894,72,8
11763147,354,8
11763319,6113,63
11763432,2704,141
11763649,884,8
11764059,5149,75
11764062,392,8
11764229,1238,148
11764341,723,149
11764464,62,8
11765017,8345,5
11765095,68,8
11765399,319,149
11765441,3498,1
11765444,183,66
11765555,347,38
11765704,720,21
11766167,17714,21
11768693,220,54
11770319,78,8
11770580,62,31
11770701,1088,31
11770907,1001,31
11770907,1002,31
11771713,7544,63
11771789,867,31
11771970,7226,51
11772019,71,8
11772290,1871,31
11772290,6972,31
11772458,70,8
11772517,6795,47
11772562,90,22
11772588,6607,141
11772655,678,31
11772673,1244,22
11772855,35,4
11772911,115,8
11773099,16,45
11773283,703,8
11773333,969,31
11773474,107,66
11773545,29,45
11773981,17,39
11774152,5161,8
11774302,5126,31
11774327,4711,1
11774777,225,80
11775008,19,45
11775590,77,8
11775820,196,80
11776964,16,45
11777871,216,54
11778577,6683,23
11779202,81,51
11779534,1071,31
11779698,2280,51
11779722,156,1
11779778,5997,149
11779825,140,8
11779854,1576,29
11780119,22133,8
11780134,39222,8
11780325,78,8
11780347,2211,1
11780580,24,8
11780604,888,31
11780645,104,150
11780853,69,8
11781008,46,150
11781089,70,8
11781166,347,8
11781260,85,22
11781362,2039,22
11781490,22,8
11781492,668,31
11781601,105,150
11781657,9118,63
11781783,8519,146
11781805,111,8
11781923,123,8
11781971,6909,47
11782160,1043,31
11782266,1484,38
11782282,6125,7
11782291,628,150
11782371,157,8
11782511,119,150
11782704,215,150
11782766,5155,51
11782803,212,8
11783050,2322,74
11783072,1562,150
11783203,884,31
11783371,5450,80
11783421,28,124
11783439,169,8
11784087,802,31
11784287,474,150
11784294,6232,38
11784636,371,30
11784732,409,1
11784889,73,31
11785107,307,150
11785126,18415,75
11785373,282,54
11785435,3174,5
11785683,28,45
11785772,145,32
11785897,375,150
11786298,602,32
11786304,1260,150
11787310,147,88
11787382,14,45
11787464,22205,40
11787472,22066,40
11787479,22166,40
11787489,22211,40
11787566,226,45
11787731,16,45
11787915,909,31
11787931,8607,51
11788169,15,45
11788201,21821,141
11788217,12,45
11788396,52,150
11788713,814,134
11788824,1222,31
11788916,15,45
11788925,218,88
11788953,26,4
11788993,90,66
11789000,100,150
11789135,3751,47
11789241,6942,45
11789472,4836,80
11789683,33,10
11789842,129,66
11789859,47,10
11790033,37,10
11790045,969,31
11790153,23,10
11790186,522,134
11790497,353,7
11790544,156,88
11790983,316,88
11791001,13477,5
11791014,944,31
11791132,1586,38
11791219,79,66
11791412,6578,1
11791478,1628,134
11791723,473,30
11791824,7912,88
11791958,560,31
11792518,324,31
11792842,778,31
11793368,3229,134
11793620,1477,31
11794721,5013,47
11795095,763,31
11795856,601,31
11796456,497,31
11796545,7768,51
11796635,8689,47
11796951,278,31
11796964,4727,80
11797524,473,54
11801873,6897,80
11802570,26,4
11802681,617,4
11802769,25,150
11802847,579,4
11803424,844,13
11803847,14,150
11803915,50,150
11804144,20,150
11804945,9,4
11804972,21,150
11805361,37,4
11805959,85,4
11809997,607,146
11810701,742,5
11810983,346,5
11819369,501,146
11820287,483,146
11821111,615,146
11821180,62,146
11842358,2319,40
11845606,5020,5
11845655,122,1
11846064,149,1
11846423,66,1
11846702,4780,1
11847303,15,36
11847334,20,36
11848986,5914,36
11849553,4452,45
11849994,1916,8
11851181,692,8
11851434,250,40
11851469,4697,13
11851817,192,40
11851950,20961,8
11851992,21078,8
11852000,52160,8
11852047,71,8
11853198,12478,5
11855682,3784,1
11856176,1016,13
11857705,979,13
11861022,14619,47
11864051,94,1
11864107,209,150
11864140,9877,36
11864211,2461,1
11864305,42,150
11864602,98,150
11864909,57,150
11865006,958,13
11865277,173,150
11865984,346,150
11866040,19,150
11866079,19,150
11867620,38,150
11867845,40,150
11868061,75,40
11868261,38,150
11868419,139,150
11868617,20910,40
11868638,30,150
11869023,52,150
11869459,96,36
11870569,210,150
11870794,389,150
11871069,3745,141
11871228,876,150
11874072,371,36
11874504,6987,36
11875873,11452,5
11875993,26692,5
11877689,794,100
11878157,1875,96
11878700,865,74
11879931,300,96
11880983,658,100
11881523,31,36
11881581,9580,36
11882138,929,100
11883732,126,100
11883777,3988,47
11884026,8113,47
11884414,80,100
11885050,511,100
11885582,1914,100
11885997,34,151
11886384,835,150
11887209,106,150
11887465,177,150
11887641,1714,100
11887992,47,150
11888506,88,150
11888805,48,150
11888850,14050,47
11888976,92,150
11889376,1495,150
11889533,285,150
11890188,108,150
11890317,4118,100
11890638,39,150
11890894,75,150
11891349,129,150
11891773,638,150
11891973,459,150
11892580,83,150
11893001,103,150
11893249,56,150
11893767,76,150
11894355,91,1
11895521,11,146
11896945,15910,146
11910348,19,150
11910420,18,150
11910822,63,150
11911322,13,150
11911933,303,150
11911999,74,150
11912288,62,150
11914363,50,150
11914669,50,150
11915164,18,150
11915235,17,150
11915856,16,150
11916326,17,150
11916388,15,150
11916687,12,150
11932099,20896,40
11932716,86,1
11933401,1961,1
11934058,4407,36
11935265,12562,5
11935592,392,64
11936003,2876,64
11936901,571,61
11938480,442,40
11938510,883,28
11938749,6882,36
11938906,4572,64
11939247,105,40
11939810,193,28
11940248,226,40
11940951,661,61
11941564,56,13
11941650,21192,8
11941886,13065,47
11942135,838,61
11942973,2343,74
11943250,41,13
11943344,811,36
11943428,4136,61
11943466,4330,1
11944024,34,13
11945090,34,13
11945348,413,13
11946235,17010,75
11946286,8710,36
11946456,300,75
11946552,30,86
11946655,881,86
11947314,57,8
11947484,15,150
11947525,283,13
11947870,6568,61
11948336,208,43
11949071,50,86
11949695,3771,86
11950749,16,150
11951451,34,150
11952132,12566,75
11952877,23,8
11952925,41,8
11953086,137,8
11954570,1252,61
11954626,73,8
11954879,1798,86
11955311,56,8
11955568,5264,1
11955648,17,150
11955677,3443,36
11955829,15,150
11955901,49,8
11956122,22,150
11956283,67,8
11956359,37,150
11956422,12,150
11956822,15,150
11956845,1252,61
11956885,58,8
11957657,14457,5
11958000,4181,75
11958340,391,13
11958562,882,150
11958727,56,150
11959120,8702,36
11959391,980,86
11959469,44,150
11959882,46,150
11959979,287,61
11960333,1329,61
11961759,126,40
11963825,3557,96
11964014,1223,96
11964092,41,8
11965375,242,74
11968395,123,40
11978197,1456,1
11978604,1227,96
11980468,2434,96
11980488,8883,5
11983157,32,150
11983418,22,150
11984444,49,150
11984589,83,150
11984877,110,150
11985299,56,150
11985401,47,150
11985916,58,150
11986449,4919,96
11989196,52019,75
11989313,39,150
11989508,31,150
11989782,25,150
11989856,64,150
11989945,74,150
11990212,63,150
11990605,50961,150
11991538,114,36
11994316,501,141
11994569,4900,96
12001033,3741,141
12020278,533,41
12022278,3880,141
12023669,4350,45
12024223,12190,75
12024572,235,4
12025554,603,41
12025924,124,134
12026062,143,134
12026673,53,134
12028453,3973,80
12034409,4117,80
12035024,6475,141
12038982,2515,80
12039591,1524,80
12042222,2586,36
12042450,1977,1
12043687,803,61
12044637,9175,58
12045043,1018,61
12045205,1546,36
12046013,1630,15
12047163,66,150
12048855,4497,45
12049459,51,100
12050372,39,100
12051185,595,61
12051543,475,100
12051958,3799,141
12052391,97,40
12053161,239470,40
12053720,1558,36
12053815,292,36
12054262,77,134
12054369,3688,134
12055570,1537,36
12056940,560,21
12057043,22204,15
12057131,22052,15
12058143,1311,134
12058364,310,40
12058569,20402,1
12058587,25,4
12058733,641,4
12058840,52,40
12059409,34,4
12059508,1301,134
12059743,41,40
12059815,14,40
12059883,44,40
12060863,3064,134
12061760,73,100
12061883,160,100
12062117,198,100
12062948,355,100
12064165,3727,141
12064721,537,100
12067822,856,100
12068426,3019,100
12069018,5164,141
12069465,542,100
12069755,256,75
12070070,2950,75
12070500,276,100
12071227,159,100
12075560,3714,141
12096715,1866,61
12100612,4723,1
12101866,206,61
12102169,1926,61
12104086,4125,61
12104094,10279,141
12104832,85,40
12104941,5392,40
12105257,484,5
12105361,566,22
12105426,17846,21
12105662,216,66
12105818,2575,5
12106405,1239,134
12107253,916,21
12107566,7337,15
12107949,6926,134
12108203,6398,61
12108215,668,148
12108752,4016,45
12108899,124,8
12108978,478,75
12110177,262,40
12110638,82,40
12110734,43,40
12110790,42,40
12110843,53,40
12111248,2465,13
12111583,691,148
12112339,1256,40
12112569,397,148
12113511,38,4
12113710,286,40
12113988,2650,38
12114088,1081,40
12114211,708,30
12114540,211,4
12114576,4417,61
12114601,2352,86
12114902,448,134
12114930,4485,13
12114957,853,128
12114981,648,22
12115340,1109,5
12115369,1953,134
12115564,8087,141
12115609,243,30
12115785,3371,36
12115811,4499,15
12118148,152,40
12118471,6029,86
12120454,6425,5
12120516,344,5
12120660,488,38
12120755,509,38
12121781,323,30
12122033,1334,80
12122139,11522,1
12122184,190,40
12122201,62,96
12122373,66,96
12122475,660,40
12122494,1226,41
12123887,1071,30
12124064,30,1
12124138,8967,36
12124141,11433,51
12124404,164,10
12124757,114,13
12124851,4444,15
12124894,13743,141
12125067,1689,38
12125333,240,148
12125478,28,149
12125564,846,30
12125585,8983,61
12125664,73,134
12125687,190,148
12125795,2461,134
12125868,111,149
12125884,20,150
12125958,109,148
12126130,81,149
12126241,66,150
12126423,187,88
12126481,196,148
12126582,9870,28
12126618,3998,149
12126696,3958,30
12126817,478,96
12126940,60,150
12127404,10799,13
12127530,1040,30
12127637,2402,80
12128200,2702,40
12128231,10168,88
12128379,93,66
12128515,2747,106
12128776,41,150
12129173,531,96
12129342,42,150
12130206,341,134
12130395,453,96
12130546,403,80
12130612,367,134
12130746,805,134
12130929,65,150
12130960,1513,132
12131016,388,80
12131291,395,6
12131431,4431,80
12131570,1949,134
12131806,79,66
12131977,2910,45
12132025,262,149
12132314,11404,22
12132458,1393,40
12132516,2381,38
12132605,101,66
12132895,2379,32
12133485,341,21
12133696,1990,134
12133838,1895,21
12134569,14908,5
12135079,2125,32
12135150,170,66
12135281,6512,61
12135488,334,66
12135739,4176,21
12136997,74,66
12137218,1460,32
12137403,14522,28
12137656,7898,51
12137791,1405,63
12138169,5020,13
12138303,7744,75
12138648,23,75
12138754,5909,141
12139166,1870,29
12139963,2688,21
12142341,664,80
12143304,1354,132
12143522,8410,80
12144428,397,36
12145065,954,132
12145561,3363,51
12145720,9620,141
12145797,66,40
12146051,1964,132
12146131,3594,40
12146829,882,88
12147484,2437,88
12150147,6443,13
12151552,260,74
12152366,20898,28
12154019,2447,88
12154489,61079,15
12156418,7021,141
12157999,7004,45
12163859,6925,80
12165490,8077,141
12182889,719,36
12188109,6765,28
12188411,7380,5
12189038,712,148
12189378,7624,51
12189391,60,51
12189765,4331,15
12189947,2412,148
12190195,10737,141
12190531,11245,22
12191391,243,134
12191648,1191,134
12192440,1277,63
12192509,32,21
12192883,1320,10
12193250,4229,132
12193324,60,31
12193440,6198,75
12193467,742,30
12193476,56,75
12193517,37,132
12193519,55,31
12193572,579,75
12193706,107,31
12193738,226,6
12193933,119,31
12193979,759,6
12194073,2456,21
12194074,75,31
12194240,283,10
12194331,110,31
12194487,38,31
12194661,6620,40
12194987,5645,28
12195902,28,15
12196973,55,21
12197008,12946,51
12197020,24,51
12197031,35,21
12197195,2750,21
12197207,55,21
12197260,2704,6
12197512,1035,63
12197897,3677,132
12198313,13479,23
12199216,16170,61
12199931,1229,38
12200041,5199,134
12200101,255,63
12200132,498,21
12200665,13680,141
12200730,16,21
12200934,17,21
12201149,563,148
12201163,363,1
12201177,2856,28
12201300,5502,40
12201363,565,29
12201425,4407,15
12201935,4763,22
12201962,109,66
12202168,6012,47
12202442,513,29
12202499,30,21
12202689,6438,38
12203113,979,63
12203127,22,21
12203325,26,21
12203333,6709,80
12204044,103,66
12204069,4951,28
12204184,4110,24
12204470,1622,29
12204507,1948,13
12204666,245,29
12205538,919,29
12205626,14180,5
12206176,810,63
12206493,13304,40
12206992,1546,29
12207000,1840,29
12207022,2399,13
12207504,7372,13
12208003,4364,15
12208351,713,148
12208503,5677,38
12208705,5088,58
12209028,272,28
12209312,66,28
12209375,61,28
12209431,1478,28
12209446,1462,28
12209460,4887,148
12209974,300,134
12210234,11,85
12210404,280,74
12210752,4795,63
12210926,9105,51
12210933,16581,28
12213146,8483,75
12213177,127,83
12213185,10903,47
12213420,381,83
12213427,4185,24
12213452,888,39
12214020,260,80
12214568,736,148
12214787,249,80
12215039,11270,141
12215754,2407,148
12216696,7093,58
12217165,7224,134
12217354,195,88
12217702,762,32
12217862,8625,88
12218260,314,30
12218311,30,21
12218345,9805,80
12218535,40,21
12218605,241,30
12218861,41,21
12218960,1742,39
12219161,389,30
12219247,37,21
12219522,609,32
12220020,1741,40
12220447,12597,8
12220469,21097,8
12220844,169,51
12220947,4051,39
12221034,7189,51
12221236,84,21
12221328,233,39
12223496,122,66
12223587,515,32
12223764,342,149
12224078,380,38
12224109,14996,5
12224132,397,38
12224304,833,47
12224500,248,32
12225048,165,149
12225150,729,47
12225355,13,38
12225915,1725,47
12226311,81,21
12226595,67,21
12226610,46,21
12227475,7175,13
12227917,51,21
12228237,3392,51
12228707,2058,21
12232002,4399,15
12232021,4398,15
12234555,17579,146
12234656,7221,13
12235489,1783,47
12236899,17921,5
12238142,5869,88
12239964,403,74
12240302,3018,47
12240335,4260,75
12240399,49,75
12240407,24,47
12240514,755,75
12240632,2987,47
12241879,7160,13
12242052,51,21
12245309,14470,61
12246915,4160,75
12249041,7137,13
12267136,2831,61
12268691,20836,36
12273159,12532,110
12275558,8880,15
12277010,34,21
12279878,8671,75
12284372,9677,23
12293154,6568,148
12293271,278,29
12293986,6827,88
12294440,40,5
12294566,204,66
12294798,155,66
12295064,66,38
12295632,3808,61
12296393,3086,134
12296655,253,29
12296688,496,29
12297150,3508,75
12297656,212,38
12298256,1328,29
12298318,1230,29
12298407,122,66
12298577,23,78
12298818,19714,47
12298902,338,38
12299091,5061,148
12299333,819,21
12299384,2267,61
12299563,4390,134
12299583,87,79
12299711,97,78
12299985,18303,13
12300238,3819,79
12300324,1691,29
12300379,17,21
12300550,28,21
12300663,48,40
12300811,2508,40
12301177,4025,66
12301443,1368,88
12301786,51,75
12301809,450,99
12301857,16558,75
12301883,139,99
12301971,1233,29
12302063,861,75
12302791,2412,99
12303193,1184,47
12303338,14957,40
12303393,1343,63
12303636,652,75
12303843,24,15
12303891,25,15
12303941,60,15
12303952,14341,23
12304190,34,15
12304237,46,15
12304245,14049,134
12304301,30,15
12304609,13804,47
12304698,12599,15
12304750,13542,88
12305230,13180,40
12307116,306,134
12307899,10510,30
12308256,2083,79
12308586,12650,5
12310647,11,38
12311056,25,75
12321663,9349,134
12356782,11688,36
12361482,2077,148
12361890,1154,5
12362159,672,134
12362385,89,40
12363130,11986,5
12363184,4498,15
12363412,33,15
12364125,1669,148
12365248,3746,23
12366380,469,40
12368155,9529,13
12368734,70,99
12368801,5626,40
12368841,278,99
12369306,73,66
12369652,936,148
12370113,479,99
12370771,83,66
12370915,71,66
12371047,1382,148
12371091,4268,99
12371481,8372,75
12371818,9138,47
12371908,13,47
12372601,12803,51
12372751,1647,148
12372843,9437,88
12373238,4,47
12373306,107,66
12373356,761,29
12373446,6,66
12373472,9,66
12373479,6088,134
12373501,3,66
12373533,2,66
12373620,1382,47
12373649,467,29
12373711,1729,19
12373915,6,66
12374422,830,40
12374833,784,148
12375181,504,29
12375255,1367,47
12375278,1409,40
12375333,343,29
12375460,244,66
12376140,113,66
12376153,10630,19
12376754,20512,40
12377065,245,29
12377685,747,29
12377745,12450,5
12377957,2047,29
12378402,1024,149
12378591,3936,5
12378663,2201,148
12380343,125,99
12380558,1726,75
12380584,420,29
12380682,332,29
12381848,163,99
12381920,25,23
12381954,81,23
12382164,2858,61
12382172,272,10
12382378,3984,23
12382396,89853,47
12382557,35,100
12382609,395,10
12382669,1761,148
12382791,566,29
12383180,23,29
12383197,414,100
12383239,258,10
12383274,3023,15
12383567,313,99
12383574,534,134
12383699,525,29
12384038,649,100
12384049,560,29
12384347,1117,47
12384628,548,29
12384754,1701,148
12384821,6110,134
12384848,327,29
12385322,31,100
12385740,7303,51
12385853,65,99
12386009,1400,149
12386031,119,99
12386194,391,29
12386316,105,24
12386416,693,100
12386463,2257,15
12386471,126,148
12386783,682,11
12387050,733,99
12387115,13888,36
12387273,750,24
12387724,3617,23
12387777,168,149
12387876,3352,11
12387894,577,99
12388165,4601,61
12388213,403,149
12388400,957,100
12388716,49066,88
12388937,33,74
12389492,2787,149
12389807,311,47
12389829,735,100
12389843,266,99
12390187,1202,99
12390299,13628,13
12390663,630,152
12391004,8639,134
12391117,125,152
12391226,35,74
12392234,287,99
12392448,1303,29
12392547,5024,23
12392690,371,99
12392701,8027,61
12393008,60,149
12393788,77,66
12393905,195,30
12394239,592,30
12394253,84,66
12394838,66,66
12394943,6289,72
12395370,512,75
12395395,63,66
12395411,272,149
12395670,55,66
12396457,1279,74
12396786,2767,75
12396891,75354,28
12397661,74589,8
12397668,303,40
12398012,20938,8
12398033,49350,8
12398542,558,47
12399629,4172,75
12400668,3241,61
12400763,71,61
12400841,94,28
12400943,109,28
12403930,12361,13
12403967,3139,61
12404335,948,47
12405297,5589,47
12407042,3703,61
12407974,185,40
12408289,1360,40
12408663,81,40
12408775,388,40
12410880,22081,15
12410938,3208,61
12410944,462,150
12411189,11507,36
12411243,140,150
12412328,81,28
12412612,626,28
12414140,3874,61
12414843,104,40
12414948,865,40
12416293,5325,13
12417951,3172,61
12421054,3223,61
12422981,6090,13
12424187,3127,61
12427309,44884,61
12442474,4331,61
12450160,19676,5
12452112,2314,23
12456440,3148,47
12470518,18519,8
12470748,20596,8
12473654,16725,47
12476599,796,28
12476655,3908,61
12477005,168,47
12479758,14,40
12480110,2615,40
12480499,3753,61
12481566,17,8
12481658,9,8
12481816,13,8
12484189,5938,61
12485043,67,47
12485139,425,47
12485538,373,100
12485579,738,47
12486898,125,100
12487715,451,100
12488743,113,100
12489405,121,100
12489994,11451,15
12490065,5543,61
12491008,63,8
12491144,177,100
12495723,6149,61
12499799,2893,19
12500028,1844,75
12501862,4955,61
12506770,4950,61
12511769,4958,61
12514909,77,150
12516671,5346,61
12522019,3180,61
12525200,3191,61
12528327,3172,61
12531436,3404,61
12534777,3188,61
12537120,11969,5
12537902,3189,61
12539844,1246,8
12540869,11456,36
12541030,3186,61
12542628,295,40
12544168,3120,61
12544218,359,40
12544682,23217,40
12547281,5050,61
12547288,359,43
12548831,3496,75
12549026,274,75
12551621,57,40
12552308,3177,61
12553582,9468,36
12555440,5078,61
12555674,320,100
12556538,16742,75
12556837,175,40
12556942,10,75
12557166,6341,40
12557429,11501,36
12557524,19,40
12557529,18,40
12557538,23,40
12557541,171,100
12558208,251,100
12560458,6008,61
12563795,23884,5
12563825,1261,63
12565325,1091,63
12565476,25,40
12565486,18,40
12565493,18,40
12565611,127,40
12565747,395,40
12566522,6430,61
12566524,90,40
12566642,988,63
12566863,26,40
12566930,63,40
12567768,1564,63
12567923,6360,40
12568711,55,150
12568844,31,8
12569097,35,8
12569305,29,8
12569411,2113,63
12569691,32,8
12569831,31,8
12569906,113,8
12570266,35,8
12570277,69,150
12570543,41,150
12571386,42,150
12571584,17,150
12571803,18,150
12572364,22,150
12572624,18,150
12572677,136,150
12572835,16,150
12572872,5905,63
12572897,3304,61
12573690,30,150
12573873,28,150
12574329,30,150
12574515,26,150
12574822,22,150
12574955,23,150
12575166,23,150
12575439,29,150
12575795,32,150
12575889,18,150
12576225,39,150
12576253,3195,61
12576266,61,61
12579428,3173,61
12579616,1575,19
12581270,44,150
12581874,39,150
12582160,44,150
12582455,35,150
12582545,3334,150
12582559,38,150
12582566,3408,61
12582940,43,150
12583236,1589,19
12583272,32,150
12583646,34,150
12583986,130,150
12584246,495,150
12585403,475,150
12585501,27,40
12585912,4136,61
12586277,261,150
12586440,1872,75
12586771,226,150
12587170,129,150
12587470,29,150
12587711,134,150
12588054,166,150
12588332,155,150
12588767,57,150
12588964,32,150
12589116,44,150
12589292,73,150
12589459,40,150
12589515,33,150
12589579,32,150
12589668,35,150
12589726,877,100
12589908,56,150
12589992,39,150
12590071,45,150
12590177,45,150
12590273,32,150
12590610,49,150
12590678,36,150
12590918,33,150
12590977,36,150
12591387,774,100
12591433,43,150
12591613,45,150
12613041,3215,61
12613296,7859,40
12614191,7935,40
12616196,3191,61
12616636,15657,110
12619325,3140,61
12619895,12713,5
12621266,8300,40
12621785,134,152
12621845,1339,63
12622460,3629,61
12622516,987,36
12622893,33,15
12622933,24,15
12623291,240,75
12623647,2441,148
12623885,30,15
12624167,113,15
12624326,42,15
12624386,33,15
12624430,38,15
12624633,27,15
12624918,33,15
12624943,11,36
12624959,24,15
12625014,208,134
12625018,31,15
12625030,2106,30
12625041,95,36
12625077,27,15
12625116,2553,74
12625280,3029,134
12625284,31,15
12626814,1752,8
12626889,2885,148
12627547,4367,61
12627654,3920,47
12627664,1548,13
12627676,1024,30
12627911,4507,15
12628246,3090,15
12628335,4561,134
12628568,139,8
12628587,3331,63
12628704,120,36
12628734,617,8
12628883,1687,8
12629062,147,15
12629256,72,15
12629504,10183,13
12629523,4025,40
12629647,59,8
12629861,993,8
12629907,2026,148
12630093,5541,28
12630390,350,43
12630443,279,15
12630756,49,43
12630988,22,8
12631170,107,152
12631187,39,8
12631199,253,15
12631303,1211,8
12631729,127,15
12631761,148,15
12631847,3615,61
12631947,899,148
12632603,2383,63
12632630,36,8
12632792,897,30
12632798,331,8
12632916,2644,100
12632922,3146,134
12633229,311,8
12633270,822,148
12633492,6498,47
12634296,5861,8
12634307,28,8
12634545,125,8
12635460,3369,61
12635638,447,8
12635872,601,28
12636137,3302,134
12636264,141,152
12636301,1167,47
12636519,885,28
12636694,363,8
12636709,134,152
12636954,96,152
12637351,6584,148
12637563,266,28
12638439,66,152
12638500,6599,28
12638748,2565,146
12638826,4713,61
12638887,646,152
12639318,3802,40
12639439,13180,23
12639913,45,152
12639956,14091,51
12639972,9432,47
12640156,3,47
12640161,56,8
12640324,83,24
12640368,18,39
12640706,66,8
12640796,463,8
12641304,107449,8
12641346,231,74
12641769,7075,13
12642076,848,6
12642199,269,8
12642657,106,8
12642947,722,100
12643013,102,8
12643159,61,8
12643410,19,8
12643452,23,8
12643474,4251,61
12643829,76,8
12644097,317,74
12644235,33,8
12644291,1652,146
12644354,54,8
12644525,52,8
12644534,6223,134
12644592,398,8
12645001,30,8
12645139,27,8
12645239,333,59
12645259,49,8
12645965,8871,148
12646037,31,8
12646067,14,116
12646109,29,8
12646256,62,8
12646310,664,59
12646410,15,116
12646696,1099,131
12646777,46,8
12646820,13,116
12646831,432,8
12646879,537,74
12647126,6511,62
12647270,514,59
12647347,222,8
12647437,268,75
12647681,43,8
12647716,510,61
12647835,1394,11
12647994,73,59
12648010,1369,100
12648156,39,8
12648203,3646,59
12648221,51,8
12648374,73,8
12648624,1609,5
12648818,42,8
12648870,7538,13
12648941,23,39
12648981,76,8
12649048,5096,24
12649308,6,39
12649397,73,39
12649544,3,66
12649565,3,66
12649843,288,74
12649878,4,74
12649993,407,43
12650042,161,29
12650164,366,100
12650477,36,8
12650551,30,66
12650650,1291,6
12650727,27,8
12650810,22,8
12650957,6109,134
12650965,133,66
12651002,197,29
12651025,33,8
12651657,13761,36
12652050,14019,15
12652197,2933,29
12652365,103,40
12652618,1826,40
12653212,429,8
12653547,6198,61
12654124,8347,51
12654261,3386,72
12654896,1505,62
12655310,211,30
12656024,2182,28
12656085,452,24
12656938,531,24
12657345,724,29
12657645,5433,80
12658044,7558,13
12658206,159,28
12658505,2791,29
12658526,1780,47
12659749,6275,61
12660566,192,28
12660999,5902,28
12661933,1027,146
12662858,845,47
12662866,144,40
12662872,150,40
12663563,194,100
12663712,4633,47
12663903,4012,47
12663946,723,100
12664769,2876,146
12665605,7089,13
12665966,4897,61
12666045,60,61
12666976,205,100
12667492,106,88
12667880,34,88
12668267,3755,62
12668556,35,88
12668797,147,100
12669308,1245,40
12670374,870,100
12670495,37,88
12670862,6259,61
12671822,354,100
12671927,40,88
12672196,3569,47
12672680,6198,47
12672719,575,100
12672992,37,13
12673349,10163,75
12674908,168,88
12675690,8616,88
12676516,5310,62
12677055,4887,61
12677195,100,88
12705560,4942,36
12705805,8238,148
12706599,13348,5
12708104,399,30
12708128,6619,19
12708191,4598,134
12709435,673,30
12710370,168,36
12710610,11516,36
12710773,138,36
12711315,101,36
12711442,226,36
12712687,4307,30
12713123,14,116
12713166,11,116
12713282,13,116
12713666,75,8
12713753,541,8
12714039,3097,134
12714206,90,66
12714418,69,66
12714497,1846,47
12715164,3624,59
12715175,265,59
12715214,35,8
12715331,48,8
12715458,1007,59
12715506,91,8
12716225,5135,23
12716494,4892,47
12716519,473,59
12716545,3979,148
12716680,24,8
12716875,33,8
12717496,3621,61
12717705,4001,134
12718712,3012,8
12719056,649,5
12719107,473,59
12719282,53,152
12719294,1928,15
12719341,113,88
12719417,77,152
12719596,1482,59
12720105,50,6
12720197,389,6
12720866,118,88
12721483,62,59
12721570,573,59
12721819,219,8
12722052,5637,23
12722087,315,8
12722122,4715,80
12722144,127,88
12722159,66,23
12722184,6010,61
12722525,242,8
12722831,2367,8
12723001,669,29
12723378,960,63
12723426,654,29
12723788,332,149
12724121,348,88
12724613,628,88
12724708,1635,6
12724825,127,59
12724900,1113,6
12725062,1202,59
12725236,1338,5
12725375,213,149
12725438,216,8
12725492,158,88
12725667,845,29
12725718,728,29
12726008,321,10
12726033,1699,10
12726299,233,8
12726533,84,88
12726604,571,59
12726695,178,114
12726742,2329,88
12726867,95,8
12726946,3916,6
12727444,1034,59
12727522,78,8
12727580,90,66
12727680,179,36
12727764,2531,24
12727793,137,66
12727813,99,8
12727935,70,8
12728119,620,29
12728144,361,29
12728194,1201,8
12728210,3555,61
12728817,498,134
12728864,1981,59
12729004,6322,62
12729067,358,5
12729154,1117,5
12729269,965,40
12729408,11639,134
12729430,11146,8
12729582,705,30
12729588,464,149
12729648,106,99
12729685,392,29
12729725,678,29
12729779,187,66
12729835,782,23
12730267,270,10
12730429,1637,15
12730827,137,149
12730926,1622,29
12730935,108,99
12731030,4366,47
12731194,1529,29
12731348,618,10
12731503,323,23
12731529,175,66
12731570,3373,23
12731681,28,40
12731695,45,40
12731702,29,40
12731720,5273,61
12732424,787,59
12732463,151,148
12732674,1169,10
12732973,4312,148
12733144,276,29
12733285,475,59
12733416,31,29
12733469,100,29
12733566,90,72
12733597,54,59
12733660,16,28
12733673,78,29
12733793,13,28
12733838,14861,28
12733878,669,29
12734251,981,5
12734303,1170,63
12735244,424,114
12735327,2246,72
12735860,213,66
12736085,2332,62
12736190,856,59
12736297,56,114
12736493,364,66
12736539,418,29
12736838,2737,63
12736990,5059,61
12737034,47,114
12737231,312,29
12737451,4689,13
12737516,4619,59
12737590,327,114
12737831,4731,10
12737935,43,59
12737976,4565,47
12738177,37,114
12738655,6250,20
12739274,6022,114
12739826,1463,63
12741106,4706,62
12742552,5371,36
12745222,12291,28
12748140,20,23
12749400,8711,47
12751098,145,47
12751982,1344,21
12752951,4133,88
12753844,5211,61
12754139,23,21
12754311,349,21
12754975,2634,21
12756487,200,15
12756670,190,15
12756679,70,21
12757074,735,15
12757152,79,21
12757458,397,15
12757471,51,21
12757685,24,15
12757703,186,15
12758039,20,21
12758115,853,15
12758425,578,15
12758448,44,75
12758465,25,21
12758608,346,75
12758993,7224,61
12759238,22360,15
12759245,292,21
12759548,2100,21
12759805,7656,75
12759971,61,21
12760007,111,96
12760358,63,21
12760440,379,96
12760943,58,21
12761030,8630,88
12761784,60,96
12761864,37,96
12762060,62,21
12762362,59,21
12762417,96,96
12762700,58,21
12762738,56,96
12762957,13,21
12762970,23,21
12762987,48,96
12763210,95,96
12763426,190,96
12763624,57,21
12763856,64,21
12764032,209,96
12764577,98,96
12764700,531,96
12765151,66,21
12765373,354,21
12766220,4448,61
12770727,3195,61
12773856,3102,61
12776951,3427,61
12780308,3193,61
12783441,3206,61
12786580,3187,61
12789696,3142,61
12789841,8791,36
12791404,4381,15
12791442,4517,15
12791780,66,152
12792713,345,36
12792820,3416,61
12793658,2492,5
12795984,11,15
12796049,5287,63
12796179,3340,61
12796521,153,66
12796635,39,21
12796876,365,134
12796985,198,66
12797177,144,10
12797287,4637,134
12797878,1446,63
12798138,89,21
12798143,3,5
12798466,690,10
12798486,2,5
12798503,173,21
12798525,3,13
12798579,3,13
12798607,11970,114
12798642,2,5
12798651,19,5
12798670,965,59
12798793,797,5
12798818,191,66
12798830,11481,13
12799398,119,21
12799463,3215,61
12799649,745,59
12800059,13594,15
12800477,1902,59
12800665,238,95
12800792,108,91
12800991,188,74
12801005,190,91
12801375,174,66
12801382,76,21
12801438,141,91
12801794,3259,91
12802167,62,91
12802478,10969,23
12802645,13791,47
12802714,4152,61
12803621,9957,15
12803744,23282,8
12804305,411,95
12804376,11512,134
12804747,2398,63
12805465,570,99
12806077,240,99
12806830,1624,61
12806891,1802,59
12807141,297,99
12807168,239,47
12807636,134,66
12807976,316,47
12808293,1588,99
12808420,4256,61
12808604,773,66
12808734,326,95
12808783,4353,63
12808893,4494,91
12809369,650,59
12809695,6548,19
12809964,3467,5
12810172,161,95
12810314,354,59
12810589,22,36
12810818,591,29
12811069,680,13
12811132,1542,59
12811219,83,21
12811465,110,30
12811792,3443,62
12811981,173,29
12812490,285,29
12812622,5298,61
12813469,8877,23
12813499,34,23
12813707,4295,15
12813927,90,21
12814078,23,36
12814373,251,63
12814762,78,21
12814893,694,63
12815072,60,5
12815165,36,5
12815631,1392,5
12815646,3934,95
12815803,5687,26
12815820,70,15
12816308,1324,75
12816467,3369,62
12816731,9327,47
12816847,2413,21
12817186,3983,91
12817649,288,29
12818034,2169,145
12818185,1121,11
12818259,334,29
12818311,4175,61
12818491,2165,8
12818716,1103,99
12818996,861,19
12819207,7189,15
12819857,92,21
12819934,335,29
12820030,3343,62
12820085,24502,5
12820251,5767,19
12820425,541,145
12820913,185,88
12820940,562,29
12821034,9728,134
12821169,79,21
12821529,327,26
12821864,3010,26
12821985,1527,99
12822408,52,88
12822489,5877,61
12822614,26,88
12822743,646,10
12822934,2200,21
12823298,163,66
12823723,1153,63
12823739,169,66
12823756,23,62
12824179,162,66
12824192,2165,59
12824258,312,29
12824626,1102,63
12824720,189,99
12825189,1134,29
12825252,73,21
12825416,1903,100
12825589,74,46
12825652,1269,75
12825905,114,153
12825982,121,66
12826042,2820,63
12826089,83,153
12826095,847,24
12826241,92,66
12826529,142,153
12826925,954,36
12827116,1746,29
12827266,117,46
12827312,24259,23
12827375,1277,75
12827869,1526,28
12827997,248,30
12828041,3303,36
12828061,324,100
12828209,81,153
12828366,2274,21
12828406,6641,61
12828600,113,66
12828657,72,30
12828878,105,38
12829418,305,28
12829439,1403,28
12829703,1400,100
12829755,575,46
12829764,80,43
12829857,36,43
12829902,31,43
12830377,7539,46
12830657,15,38
12830859,2662,28
12830969,608,21
12831099,6369,134
12831190,210,21
12834904,6676,51
12835008,7029,61
12837962,6994,80
12838878,78,21
12838963,150,21
12839293,4282,19
12839471,3541,21
12839485,59,21
12840471,2343,8
12842041,8140,61
12842855,28,88
12843205,184,100
12843269,152,21
12844051,106,100
12844419,2542,21
12844433,61,21
12847295,107,21
12848670,2433,21
12849120,17692,88
12850180,5253,61
12851562,134,54
12851914,76,54
12855434,5343,61
12860713,5013,61
12865662,4101,61
12869832,8945,61
12880884,10655,15
12880918,4401,15
12883152,101,21
12885511,93,153
12888905,3756,8
12891981,13414,75
12891989,6087,75
12892267,3895,8
12893930,9900,80
12895589,7570,5
12897051,403,62
12897577,21,153
12898077,6302,62
12898540,2844,59
12898701,288,39
12898707,977,15
12898955,901,63
12899236,1630,38
12899272,1225,29
12899587,340,32
12899777,606,39
12900351,5570,26
12900591,2739,63
12900820,375,134
12901505,3585,139
12901643,3118,36
12902307,165,19
12902418,1470,8
12902474,1723,19
12902503,2290,30
12902606,8186,134
12902626,52,88
12902705,172,38
12902885,4920,76
12903076,2648,29
12903887,7105,59
12903908,463,8
12903942,92,153
12904210,6031,51
12904370,6550,6
12904520,6329,58
12904541,2262,19
12904988,254,8
12905063,5857,32
12905241,126,66
12905411,5508,100
12905500,990,75
12905646,5276,8
12906484,4360,61
12906614,230,139
12906866,2497,75
12906953,2480,62
12906960,3890,8
12907311,123,88
12907394,305,29
12907613,3179,139
12907630,779,30
12907676,24791,5
12907806,391,139
12908238,3579,62
12908796,6865,19
12908963,95,153
12910948,4104,8
12910985,809,134
12911010,8137,51
12911128,705,38
12911275,22,88
12911343,1118,139
12911393,2245,59
12911444,274,8
12911528,504,88
12911782,156,88
12911989,4081,88
12912013,1714,63
12912031,5878,26
12912053,2386,134
12912316,914,29
12912659,148,99
12913189,155,66
12913284,381,38
12913297,286,38
12913666,290,99
12913738,77,59
12914058,287,63
12914674,563,75
12914994,1715,59
12915015,507,58
12915047,869,63
12915250,1661,38
12915262,3146,8
12915483,749,75
12915541,34,75
12915791,52069,75
12916141,1171,63
12916731,393,59
12916897,853,38
12917266,785,100
12918608,3560,71
12919282,3583,51
12920616,349,100
12921009,2236,19
12921297,35,31
12921533,36,31
12922134,253,100
12922703,1985,71
12922876,4202,51
12923172,517,100
12923554,563,139
12924123,8813,139
12924506,349,100
12925585,163,100
12932973,4560,58
12933010,30918,139
12936161,2632,19
12957425,50,136
12957723,104,136
12958112,7654,136
12960013,2728,71
12963360,350,84
12965361,1659,63
12965795,108,3
12965998,136,139
12966150,11646,5
12966203,4634,19
12966299,361,43
12966761,432,43
12966960,2768,15
12967461,13780,75
12967545,36,30
12967817,10031,51
12967832,29,51
12967895,501,75
12967901,795,30
12968113,23,84
12968285,134,139
12968422,1334,75
12969051,15,15
12969143,771,30
12969218,14857,26
12969239,11,15
12969294,11,15
12969423,148,139
12969655,3711,59
12970003,115,66
12970270,10503,134
12970575,6676,15
12971130,7389,120
12971263,1039,36
12971302,77,66
12971564,6664,8
12972062,220,99
12972258,106,66
12972353,2933,36
12972380,340,66
12972398,534,46
12972500,129,31
12972773,341,31
12972897,105,31
12972936,65,31
12973152,207,31
12973394,45,39
12973397,412,31
12973732,753,31
12973751,733,31
12973848,71,46
12973938,2157,46
12973994,57,21
12974033,667,30
12974482,268,21
12974588,992,59
12975068,34,21
12975212,2482,24
12975595,635,59
12975713,27,84
12975716,27,59
12976090,991,8
12976150,439,40
12976200,191,32
12976244,2124,59
12976418,4798,58
12976609,2921,32
12977344,109,66
12977849,1996,5
12977934,2448,43
12977946,462,21
12978241,15626,8
12978377,1834,6
12978431,31,21
12978646,252,24
12978696,775,88
12978850,31,15
12978900,262,15
12978915,1487,21
12979172,9538,51
12979209,12,15
12979238,1241,19
12979283,11,15
12979401,10,15
12979419,27,15
12979495,11,15
12979600,14,15
12979712,374,100
12979807,331,36
12980129,339,36
12980296,868,32
12980815,1582,15
12981021,194,122
12981119,386,134
12981155,443,100
12981420,221,5
12981570,3644,134
12981655,4252,43
12981768,5353,122
12981802,135,19
12981919,6682,19
12981939,24,19
12982443,168,100
12982460,118,66
12982922,525,5
12983100,211,88
12983411,156,100
12983553,1288,58
12983906,1666,88
12984356,414,100
12984968,3800,6
12985069,575,29
12985083,437,36
12985627,528,100
12985651,147,139
12985750,5847,26
12986139,422,62
12986171,1168,29
12986179,10557,5
12986491,3451,59
12986780,937,139
12987299,202,66
12987345,3786,32
12987379,12115,71
12987822,11691,139
12987865,239,36
12988139,396,21
12988219,252,66
12988547,910,21
12988690,438,66
12988719,9461,51
12988843,5089,62
12988913,6631,8
12989013,46,150
12989019,13706,58
12989085,359,150
12989144,72,150
12989157,3462,88
12989242,717,19
12989362,666,66
12989514,64,21
12989587,23391,139
12990070,2467,19
12990395,129,66
12990497,1589,29
12990606,43,29
12990684,315,100
12990782,592,29
12990861,489,10
12990870,221,134
12991073,330,100
12991107,1058,134
12991157,26,134
12991258,885,66
12991275,799,99
12991765,46,150
12991977,4110,59
12992020,49,150
12992096,55,150
12992178,2743,134
12992463,1943,29
12992528,524,36
12992828,968,99
12992882,45,100
12992924,1158,10
12992979,59,150
12993052,417,100
12993268,488,36
12993456,2609,32
12993799,5981,19
12993815,385,100
12994022,2234,15
12994126,1039,10
12994520,900,99
12994973,4219,134
12995012,40,21
12995183,943,21
12995389,1218,100
12996083,495,36
12996235,52,21
12996765,316,36
12997147,32,62
12997316,5008,20
12997402,1321,62
12997664,1406,21
12997832,10252,36
12998515,1131,29
12999101,110,21
12999372,353,99
12999443,575,99
12999759,3162,38
12999858,388,75
13000661,167,66
13000859,334,75
13000930,1949,134
13001072,133,66
13002389,640,20
13002442,1256,46
13002904,2248,134
13004559,94,29
13005345,2525,100
13006552,2086,19
13006969,555,99
13009254,2117,19
13009367,509,99
13015563,4910,61
13018172,2089,19
13020443,5320,61
13021488,2717,58
13025741,4854,61
13030422,19611,139
13030591,4877,61
13035475,4884,61
13040369,5035,61
13045393,4455,61
13049859,3159,61
13050752,1324,71
13052267,5169,71
13052536,11430,139
13052991,3139,61
13056109,3397,61
13057865,465,71
13058326,64,36
13058683,611,36
13059208,7596,19
13059298,2199,71
13059310,4601,36
13059484,3595,61
13061166,25,154
13061637,26,154
13061984,12,71
13062013,3273,71
13063057,9387,61
13063660,11736,139
13065374,62,71
13065515,54,71
13065954,14,71
13066007,14,71
13066076,7079,71
13070158,14,124
13073417,646,100
13079013,6608,61
13080749,11424,139
13081037,22696,139
13081205,7324,51
13081747,542,154
13082473,1546,100
13083594,4171,58
13084130,895,100
13085167,262,154
13085762,313,154
13087268,6835,61
13087564,526,100
13088531,20523,5
13088535,6474,51
13088547,60,51
13089614,2075,100
13090554,1617,154
13094271,10672,71
13095018,3371,51
13095283,3225,61
13098447,3444,61
13101488,3993,134
13101564,1043,134
13101829,3206,61
13102522,829,8
13102631,408,134
13103056,213,134
13103288,3022,134
13104971,3206,61
13108113,3171,61
13111220,3149,61
13114333,3421,61
13115511,11440,139
13116389,11369,139
13117690,3189,61
13120814,3198,61
13123949,3177,61
13127061,3414,61
13130411,3236,61
13133583,3208,61
13136729,3210,61
13139786,3413,51
13139798,61,51
13139876,3372,61
13141063,1331,36
13142561,333,36
13143245,3181,61
13145019,3971,8
13145032,4919,8
13146366,3215,61
13147348,167,71
13147680,5661,5
13148469,8426,71
13149708,3175,61
13151216,1198,36
13152080,492,54
13152446,5239,51
13152606,94,54
13152848,3401,61
13153180,76,54
13153306,15722,36
13153471,1673,54
13154633,35,40
13155260,4144,54
13156188,3190,61
13156675,13592,139
13159316,6766,61
13163624,5631,21
13164037,1770,21
13172184,5890,58
13172926,193,21
13173227,732,21
13174412,787,21
13175448,1150,13
13175947,68,21
13176665,3180,61
13176927,13307,13
13177551,22684,139
13177614,808,21
13178530,58,21
13178638,752,21
13182805,3192,61
13185933,3400,61
13187305,96,13
13187987,3410,51
13189270,3182,61
13192389,3267,61
13192879,11374,139
13194084,503,17
13195593,3188,61
13196590,343,13
13196618,7935,13
13198719,3574,61
13200374,16,17
13200403,1384,17
13202228,3180,61
13205344,3193,61
13208474,3183,61
13211594,3172,61
13214701,3415,61
13218052,3246,61
13218743,207,17
13220570,17002,71
13221235,3204,61
13223142,142,35
13223671,1434,35
13224374,3222,61
13226149,612,76
13226682,2380,63
13227532,4405,61
13228715,2555,5
13229367,619,40
13229447,104,134
13229629,2050,134
13229675,64,66
13230507,14091,139
13230644,1684,5
13230886,31,132
13231709,251,134
13231864,71,21
13231906,5287,61
13232558,329,94
13232945,6943,51
13233363,300,94
13234264,118,94
13234502,261,94
13234763,121,94
13234884,239,94
13235713,1921,63
13235834,365,94
13235855,6160,58
13236078,5059,5
13236199,366,94
13236348,238,35
13236564,208,94
13236772,422,94
13237136,4991,61
13237194,217,94
13237446,13,63
13237448,351,94
13237483,7073,63
13237760,100,66
13237797,7116,63
13237799,128,94
13237972,346,94
13238318,234,94
13238612,300,94
13238912,264,94
13239116,16414,8
13239175,343,94
13239518,231,94
13239747,4849,36
13239748,352,94
13239844,192,66
13240160,206,94
13240366,628,94
13240779,444,134
13240993,233,94
13241050,321,32
13241239,532,94
13241270,288,66
13241770,127,94
13241791,206,29
13241798,3093,134
13242074,13454,61
13242128,44,154
13242252,152,99
13242687,4583,154
13243246,15764,5
13243405,236,29
13244345,618,10
13244382,12854,51
13244460,5185,13
13244474,192,66
13244820,181,29
13245039,416,66
13245627,629,29
13246357,496,94
13246507,442,31
13246568,380,31
13246627,1643,31
13246853,203,94
13246938,3003,63
13246947,9014,62
13247012,893,29
13247036,191,25
13247112,296,94
13247157,1606,10
13247408,213,94
13247681,344,94
13248025,244,94
13248269,456,94
13248280,176,66
13248354,512,31
13248354,513,31
13248354,1312,31
13248365,237,29
13248725,84,94
13248831,445,94
13249139,94,88
13249275,242,94
13249536,400,94
13249936,209,94
13250164,437,94
13250279,861,31
13250338,802,31
13250338,1283,31
13250339,4545,36
13250601,240,94
13250840,481,94
13251321,239,94
13251559,507,94
13251938,1037,31
13251939,712,31
13251939,713,31
13251954,5464,15
13252065,229,94
13252220,3958,10
13252294,476,94
13252769,206,94
13252913,214,31
13252975,318,94
13253278,690,32
13253293,334,94
13253409,888,31
13253410,829,31
13253410,829,31
13253410,830,31
13253410,886,31
13253627,511,94
13253798,565,8
13254137,318,94
13254330,606,31
13254330,922,31
13254347,842,31
13254348,587,31
13254348,903,31
13254455,539,94
13254994,257,94
13255310,931,31
13255311,653,94
13255311,930,31
13255311,1161,31
13255311,1162,31
13255311,1585,31
13255471,10498,61
13255547,593,63
13255963,458,94
13256264,1713,17
13256302,183,88
13256442,453,94
13256518,13597,139
13256806,5011,63
13256895,784,94
13256934,694,31
13256935,1990,31
13256939,164,88
13256971,657,31
13256971,1698,31
13256971,1936,31
13257161,1112,155
13257447,9630,51
13257671,106,88
13257703,374,94
13257813,3995,62
13257899,1966,17
13258025,1116,30
13258077,74,94
13258118,35,88
13258171,363,94
13258294,203,88
13258534,78,94
13258631,360,94
13258930,3005,32
13258963,263,29
13258971,933,31
13258971,2181,31
13258991,549,94
13259012,892,31
13259012,1602,31
13259012,2139,31
13259365,683,10
13259578,468,94
13260046,195,94
13260259,70,94
13260337,890,17
13260434,523,94
13260957,217,94
13261174,1047,31
13261174,2258,31
13261192,628,94
13261210,1011,31
13261210,1562,31
13261210,2221,31
13261563,18219,63
13261810,8968,17
13261820,530,94
13261987,4377,74
13261995,6806,63
13262368,386,94
13262689,2046,29
13262754,203,94
13262878,504,32
13262992,350,94
13263342,579,94
13263485,913,31
13263485,2222,31
13263504,1766,31
13263522,894,31
13263522,2184,31
13263939,567,94
13264506,231,94
13264737,355,94
13265092,213,94
13265323,345,94
13265499,5273,42
13265623,442,17
13265667,349,94
13265741,205,31
13265777,194,31
13265777,194,31
13265942,1051,61
13266015,130,31
13266015,550,94
13266016,147,31
13266034,148,31
13266035,127,31
13266053,91,31
13266218,131,31
13266219,130,31
13266254,94,31
13266254,113,31
13266254,151,31
13266440,132,31
13266441,131,31
13266476,95,31
13266476,154,31
13266477,889,31
13266563,96,150
13266564,46,94
13266853,693,29
13267217,64,150
13267384,125,31
13267384,126,31
13267415,43,150
13267416,79,31
13267416,80,31
13267416,3558,31
13267471,32,150
13267515,30,150
13267558,29,150
13267671,41,150
13267763,9070,5
13267877,28,150
13267948,25,150
13268004,25,150
13268065,25,150
13268171,27,150
13268273,27,150
13268655,95,36
13269199,3589,61
13269813,39,139
13269868,3754,139
13269894,18,150
13270156,36,150
13270687,8825,139
13271115,189,31
13271115,2452,31
13271135,90,31
13271135,91,31
13271153,2404,31
13271243,367,17
13271309,20,150
13271472,19,150
13272209,26,28
13272246,121,28
13272382,146,28
13273654,6072,139
13274332,5318,61
13274491,5235,62
13276007,3644,31
13276008,430,31
13276044,3606,31
13276044,3607,94
13276044,3683,31
13279917,2094,31
13279918,1192,31
13279942,1167,31
13279942,2069,31
13279969,22552,139
13280167,889,94
13280765,497,17
13281056,376,94
13281449,759,94
13282066,1258,31
13282066,1947,31
13282102,1222,31
13282102,1894,31
13282208,246,94
13282473,707,94
13282822,2424,17
13283080,20,96
13283180,412,94
13283273,32,96
13283478,35,96
13283609,548,94
13284050,1131,31
13284050,2081,31
13284085,1096,31
13284085,2045,31
13284156,458,94
13284570,200,96
13284632,690,94
13285322,331,94
13285379,203,96
13285671,552,94
13286168,1185,31
13286168,1790,31
13286187,1166,31
13286187,1771,31
13286241,235,94
13286495,702,94
13287042,2603,17
13287196,429,94
13287640,513,94
13287907,3902,17
13288014,1840,31
13288015,1180,31
13288051,1143,31
13288052,1802,31
13288153,152,94
13288324,625,94
13288949,245,94
13289213,473,94
13289686,332,94
13289890,1099,31
13289890,1919,31
13289909,1080,31
13289909,1899,31
13290037,654,94
13290691,446,94
13291156,598,94
13291753,162,94
13291865,1194,31
13291865,2115,31
13291869,121,17
13291893,2069,31
13291914,1144,31
13291933,682,94
13292344,47,147
13292634,236,94
13292889,560,94
13293061,49,147
13293449,177,94
13293456,46,147
13293644,548,94
13293917,22,147
13294015,1243,31
13294034,2139,31
13294052,1205,31
13294052,2120,31
13294192,260,94
13294361,6878,136
13294410,40,147
13294470,714,94
13294733,11404,139
13295183,261,94
13295462,595,94
13296057,231,94
13296188,1318,31
13296211,2010,31
13296230,1276,31
13296230,1990,31
13296309,643,94
13296916,32,147
13296951,310,94
13297296,560,94
13297856,242,94
13298116,600,94
13298239,1252,31
13298239,2070,31
13298257,1234,31
13298257,2051,31
13298716,302,94
13299036,628,94
13299664,245,94
13299927,523,94
13300344,1546,31
13300344,3870,31
13300379,1510,31
13300379,7453,31
13300449,199,94
13301150,3063,94
13303123,3140,61
13306244,4619,61
13307082,77,136
13307122,413,136
13307867,3257,31
13307885,85,31
13307902,3221,31
13308467,11512,36
13310432,11,136
13310685,66,136
13310837,5970,61
13311240,46,139
13312453,95,136
13312562,11323,139
13312636,90,136
13313556,2487,63
13313835,1858,136
13314243,5346,28
13315141,376,43
13315226,131,155
13315553,22,43
13315579,53,134
13315587,826,43
13315668,51,134
13315746,425,134
13315920,7604,5
13316055,274,30
13316366,41,43
13316383,528,134
13316778,6376,61
13317100,690,134
13318237,3616,31
13318322,77,31
13318416,811,134
13319010,58,30
13319271,1116,134
13319668,7225,28
13319729,871,30
13319854,122,155
13320885,3175,8
13321124,555,94
13321342,713,31
13321381,673,31
13321501,2933,30
13321546,11463,31
13321678,240,94
13321736,2273,134
13321763,1369,75
13321771,2353,13
13321845,11161,51
13321860,1292,75
13321939,46,94
13321985,32,94
13322016,3466,94
13322053,448,131
13322221,260,131
13322292,10922,31
13322312,10822,31
13322627,55,28
13322658,125,155
13322930,425,136
13323150,9857,61
13323171,10037,75
13323357,867,10
13323369,1146,136
13323536,9595,20
13323860,9270,63
13323899,970,28
13324003,344,24
13324416,697,131
13324980,20,156
13325273,63,131
13325369,169,131
13325431,87,62
13325535,7671,62
13326032,126,134
13326180,6885,134
13326330,19,156
13327952,13,156
13328557,5032,24
13329620,4823,29
13329884,4957,63
13330567,4877,58
13330631,4716,139
13331264,4949,20
13332629,827,86
13333743,44,154
13337242,41,31
13337327,161,31
13337332,4989,75
13337612,38,31
13337650,20,31
13337670,60,31
13337881,37,31
13338065,416,30
13338113,4799,10
13338139,4771,103
13338402,4490,66
13339499,3328,9
13340023,615,103
13340046,5582,58
13340345,800,24
13341031,5709,63
13341605,5444,13
13342934,40,20
13343012,36,20
13343067,35,20
13343121,1026,20
13345586,191,66
13345730,22800,36
13345787,77,38
13345958,626,103
13346421,4101,29
13346756,1553,103
13346896,9700,75
13346913,7060,63
13347128,4613,51
13347199,7021,13
13351117,5546,61
13351247,1687,29
13352565,37,100
13352704,29,100
13353017,3173,29
13357894,6979,13
13359367,17,62
13359529,13,62
13360015,151,100
13360290,168,100
13360407,22596,139
13361474,109,100
13361690,6440,58
13361913,79,100
13362013,883,100
13362864,114,21
13362921,163,100
13363483,95,21
13363509,52471,28
13364649,307,100
13364835,345,21
13364875,6902,13
13364892,586,29
13365345,1045,21
13365496,810,29
13366350,666,63
13367228,241,29
13368117,891,86
13368848,171,96
13368931,71,54
13370159,72,54
13371780,10016,13
13371808,1099,63
13371991,83,54
13372499,74,54
13372904,42,63
13372954,658,63
13373028,71,54
13373608,482,63
13374089,601,63
13374686,557,63
13375240,546,63
13375781,638,63
13376417,837,63
13377250,5005,63
13383388,22,136
13383694,1492,13
13384098,17,136
13384223,15,136
13384515,242,136
13386648,3055,61
13393004,325,136
13393567,91,136
13396358,1823,36
13396475,11436,139
13397063,138,1
13397105,1262,3
13398379,938,3
13398428,2190,36
13398491,284,100
13399170,3558,61
13399336,2399,3
13399542,400,9
13399745,360,100
13400049,318,9
13400174,329,100
13400380,1237,30
13400666,323,6
13400789,1203,36
13401056,244,6
13401065,2934,13
13401224,79,66
13401278,32,110
13401323,114,6
13401478,112,6
13401825,231,66
13401951,454,6
13402076,250,66
13402128,10779,75
13402520,251,21
13402587,680,100
13402700,6094,61
13402889,1641,9
13402986,224,75
13403010,299,21
13403196,155,1
13403300,69,1
13403356,71,66
13403374,194,21
13403403,43,1
13403491,4250,134
13403644,359,21
13403668,605,75
13403753,117,1
13404017,237,21
13404042,56,96
13404115,12634,5
13404228,221,21
13404268,29,96
13404423,83,6
13404528,533,6
13404552,75,21
13404567,117,96
13404685,217,21
13404897,78,136
13404923,7410,13
13404940,270,21
13404970,111,1
13404997,534,21
13405114,118,96
13405130,147,6
13405236,536,100
13405300,70,136
13405836,76,1
13406037,3193,59
13406087,6,88
13406198,230,6
13406221,207,6
13406266,3208,30
13406282,17475,8
13406418,9,88
13406624,67,136
13406702,11,88
13406870,8,88
13406901,120,96
13407032,908,20
13407221,83,136
13407329,668,94
13407394,12,88
13407521,518,1
13407540,11366,139
13407869,9,88
13407890,135,96
13407942,87,136
13407994,109,94
13408039,13070,154
13408061,9687,47
13408121,550,94
13408352,7,88
13408399,33,96
13408487,68,136
13408670,228,94
13408696,94,66
13408786,6697,61
13408838,29,96
13408922,74,66
13408925,641,94
13408930,12,88
13408949,2279,96
13409129,3155,134
13409150,13,62
13409297,6746,58
13409439,93,66
13409565,303,94
13409666,904,136
13409781,454,88
13409888,688,94
13409930,92,66
13409967,1316,38
13410575,278,94
13410603,337,10
13410880,753,94
13410945,1053,59
13411031,366,66
13411038,3945,36
13411285,13,88
13411435,426,1
13411564,272,10
13411629,168,94
13411637,89,88
13411652,388,66
13411917,221,136
13411946,54,136
13411964,670,94
13412292,66,66
13412382,2739,134
13412426,178,1
13412594,16,88
13412603,440,38
13412633,337,94
13412798,408,1
13412808,106,66
13412990,463,94
13413240,15598,51
13413473,605,94
13414117,301,94
13414417,697,94
13414838,337,1
13415114,303,94
13415417,754,94
13415563,3676,61
13415734,536,10
13415849,357,1
13416169,285,94
13416313,14,88
13416454,801,94
13416807,1158,28
13416916,27,40
13416948,965,86
13417314,164,94
13417494,873,94
13417511,71,100
13417590,3564,63
13417616,800,100
13418011,23,88
13418069,1061,28
13418098,673,86
13418163,1743,100
13418232,338,21
13418366,237,94
13418447,29,88
13418602,699,94
13418987,20,88
13419111,19,88
13419187,20,88
13419200,245,28
13419242,7382,61
13419301,363,94
13419528,228,10
13419663,620,94
13419765,25,88
13419976,3827,100
13420011,31,88
13420281,187,94
13420395,4370,28
13420527,115,94
13420640,994,88
13420734,577,94
13420951,2031,28
13421311,195,94
13421393,5297,63
13421531,183,94
13421531,519,94
13421640,7775,58
13421714,4758,94
13421848,91,66
13421877,721,10
13422024,63,88
13422050,274,94
13422201,51,88
13422335,2048,36
13422336,638,94
13422352,109,88
13422382,73,38
13422526,1064,100
13422604,366,1
13422777,1364,38
13422802,4284,15
13422973,242,94
13423191,2369,28
13423270,636,94
13423529,1144,10
13423633,108,66
13423832,170,66
13423906,57,94
13424064,7769,94
13424255,481,30
13424713,5860,9
13424858,591,75
13424908,725,86
13424978,5643,75
13425025,159,13
13425041,435,30
13425082,1309,5
13425592,3794,29
13425686,180,86
13425699,168,86
13425781,895,30
13425881,710,86
13426088,3540,134
13426132,322,28
13426207,454,28
13426546,46,94
13426568,1066,10
13426721,32,40
13426749,337,86
13426794,10434,61
13427043,2365,8
13427110,280,1
13427302,5066,28
13427466,3408,29
13427585,2349,21
13427622,1659,30
13427658,45537,139
13428057,15218,5
13428071,1426,38
13428461,509,86
13428687,1546,10
13428899,87,153
13429287,122,1
13429330,136,56
13429357,309,100
13429548,304,1
13429832,8032,154
13430143,314,58
13430334,410,100
13430415,319,10
13430460,821,30
13430622,12,36
13430674,220,134
13430723,8016,58
13430748,6954,13
13430910,167,134
13431027,257,21
13431112,177,134
13431117,547,88
13431314,188,134
13431386,348,66
13431430,20,134
13431519,472,134
13431558,113,153
13431652,659,100
13431678,1573,29
13431738,2931,30
13431837,21,86
13431938,18,86
13431971,37,153
13432036,145,134
13432176,102,66
13432204,1188,134
13432243,3322,17
13432487,132,21
13432646,36,54
13432661,113,66
13432726,188,86
13432854,321,21
13433607,1434,21
13433617,723,76
13434090,63323,28
13434361,27,54
13434707,22,54
13434715,3708,29
13435146,571,21
13435233,9362,54
13435477,807,86
13435565,1062,94
13435819,8773,21
13436317,319,86
13436625,39,94
13436725,1190,94
13437261,60213,61
13437696,14235,13
13437913,122,94
13438033,1068,94
13439100,121,94
13439219,1120,94
13439371,10844,51
13440119,155,63
13440271,69,63
13440332,83,63
13440337,74,94
13440395,64,63
13440421,946,94
13440423,47,63
13440468,65,63
13440530,62,63
13440590,64,63
13440649,65,63
13440714,27,63
13440735,23,63
13440759,23,63
13440779,28,63
13440799,32,63
13440828,26,63
13440849,22,63
13440870,26,63
13440891,25,63
13440913,23,63
13440937,26,63
13440958,26,63
13440981,36,63
13441009,24,63
13441030,24,63
13441051,17,63
13441366,122,94
13441485,938,94
13442227,460,100
13442351,55125,21
13442421,36,94
13442448,325,63
13442466,1091,94
13443251,4234,63
13443423,1237,100
13443555,176,94
13443729,1060,94
13444715,452,100
13444787,63,94
13444849,1119,94
13445957,55,94
13446011,1224,94
13446076,28,100
13446319,400,100
13446356,575,100
13447233,85,94
13447331,1216,94
13448032,49427,58
13448038,200,88
13448545,53,94
13448659,1104,94
13448818,200,88
13449084,3515,17
13449721,11684,54
13449759,54,94
13449880,1276,94
13450346,299,62
13450929,10899,9
13451155,128,94
13451324,1064,94
13451586,569,63
13451932,10672,13
13452387,64,94
13452471,1105,94
13452626,44851,17
13452681,330,63
13453574,64,94
13453636,43843,94
13453745,43732,75
13454142,809,88
13462206,530,54
13487438,1681,28
13488387,347,27
13492392,1153,153
13493838,10715,8
13495238,10844,58
13495593,173,88
13498073,32,105
13501535,10424,5
13501547,227,1
13501561,2553,136
13501570,10805,61
13501721,6,27
13501737,24,27
13501862,176,100
13503248,613,28
13503474,176,1
13503545,42,105
13503725,8825,62
13503735,8698,28
13503763,27,100
13503983,33,105
13504031,430,100
13504446,46,105
13504472,35,153
13504563,296,100
13504614,7931,75
13504852,7750,28
13505215,7155,1
13505229,39,105
13505236,29,1
13505786,31,153
13506128,711,36
13506587,3939,8
13507920,38,105
13508509,30,153
13512975,148,21
13513216,74,1
13513451,242,19
13513753,2541,30
13513823,9281,21
13513901,10073,19
13513991,89,66
13514052,89,153
13514081,12137,28
13514318,3941,58
13514395,173,66
13514402,9603,13
13514412,3078,24
13514610,4724,5
13514876,54,153
13514888,80,21
13514900,37,21
13515009,2591,62
13515062,1162,153
13515176,207,36
13515396,3429,36
13515586,8757,61
13515593,59,21
13516065,9087,75
13516519,88,21
13516581,420,75
13516833,24617,5
13516852,153,66
13516933,1928,21
13517098,1155,30
13517940,2245,62
13517972,131,66
13518300,235,75
13518391,13631,139
13518669,84,153
13518685,163,66
13518697,36,153
13518903,161,153
13518921,63,21
13518977,13800,36
13519128,2301,58
13519199,356,153
13519247,19,153
13519264,135,66
13519479,90,153
13520100,796,20
13520523,1806,21
13520987,1898,62
13522175,511,86
13523645,550,17
13523872,99,88
13524321,4081,61
13524445,703,100
13524583,184,86
13524910,4473,86
13525907,876,100
13526214,3104,28
13526284,40,88
13526580,22565,139
13526973,36,88
13527730,1207,100
13528335,6386,61
13529475,9710,28
13529743,151,86
13530399,490,100
13531461,180,21
13531965,172,21
13532184,2184,63
13532942,2120,100
13533554,29,21
13533710,338,21
13534364,1512,63
13535874,1187,63
13536248,563,17
13536590,1136,100
13537056,1404,63
13537599,1368,19
13538455,984,63
13539182,13930,28
13539436,596,63
13540028,654,63
13540604,287,75
13540679,686,63
13540929,6286,75
13541358,1237,63
13541738,228,62
13542041,7557,62
13542590,3067,63
13543864,357,17
13544287,258,17
13544589,8840,17
13545646,6511,63
13564451,3175,61
13567564,3186,61
13567811,11503,139
13568594,2237,36
13569854,9663,110
13570311,54,43
13570686,3367,61
13570943,283,148
13571010,11556,36
13571424,205,3
13571755,233,148
13572127,203,148
13572403,258,148
13573867,1038,30
13574023,3783,9
13574037,3267,61
13574055,126,21
13574404,52,1
13574531,33,148
13574751,3834,21
13574880,252,1
13575083,2097,148
13575504,101,66
13575593,570,30
13575602,256,1
13575804,34,105
13576041,36,105
13576308,39,105
13576507,286,105
13576726,268,1
13576982,224,105
13577237,3613,61
13577617,3492,5
13577631,245,1
13577699,103,66
13577899,1191,30
13577944,303,21
13578181,1620,71
13578231,256,148
13578370,175,1
13578664,493,75
13578923,671,66
13579054,122,21
13579495,66,105
13579622,123,1
13579657,8909,21
13579781,426,66
13579798,43,154
13579833,37,105
13579964,1078,71
13580083,4316,120
13580198,352,21
13580235,23,105
13580256,1374,20
13580460,18,105
13580556,17,105
13580608,63,153
13580786,9461,61
13580868,34,105
13580877,152,21
13581057,3341,71
13581075,12,105
13581147,96,21
13581333,830,75
13581385,142,21
13581417,4089,21
13581539,377,66
13581648,60,21
13581652,185,153
13581676,5038,32
13581824,3093,39
13581866,2569,75
13582208,3094,30
13582240,4178,21
13582338,1507,28
13582502,54,88
13582805,15069,75
13583067,120,66
13583135,21910,21
13583148,31,88
13583342,11483,36
13583750,39,88
13583842,1602,28
13584193,11413,139
13584460,51,105
13584539,28,105
13584825,666,75
13585116,12290,63
13585411,113,66
13585432,15332,5
13586116,11,71
13586353,6884,71
13586927,3239,32
13587288,3407,24
13587520,754,148
13587704,11103,51
13588671,7490,86
13588914,54,105
13588956,9228,154
13590245,1528,61
13590996,877,21
13591260,8283,9
13591716,2305,62
13591942,632,75
13592136,98,153
13592162,5733,13
13592362,1753,21
13592706,2345,30
13593113,2146,46
13593188,4602,75
13594128,169,21
13594437,96,105
13594675,42,62
13594688,185,21
13594755,2405,62
13594934,172,21
13594948,44,21
13595242,96,105
13595506,2088,30
13595925,37,105
13596210,94,105
13596665,86,105
13596909,202,1
13597196,37,105
13597317,185,1
13597564,3205,62
13597623,36,105
13597647,800,63
13597672,32,105
13597766,1298,30
13598050,52,105
13598426,35,105
13598443,1203,63
13598697,32,105
13598811,15,51
13598822,74,66
13598831,14,51
13598849,12,51
13598865,12,51
13598881,15,51
13598936,1626,120
13598949,67,36
13599023,42,105
13599474,38,105
13599548,5342,30
13599579,131,1
13599644,533,63
13599844,96,1
13600171,805,63
13600181,32,105
13600601,65,66
13600679,104,66
13600954,6317,86
13600972,542,63
13601236,49,13
13601283,626,21
13601365,2291,120
13601510,547,63
13601842,102,66
13602052,646,63
13602111,107,21
13602562,183,21
13602697,713,63
13602875,2495,28
13603402,1504,63
13603560,11644,51
13603568,4162,21
13603743,94,66
13603977,2117,120
13604209,10258,154
13604824,7887,61
13604834,13778,36
13604903,1161,63
13606056,2062,63
13606248,7517,70
13606282,242,96
13606840,248,153
13606872,782,70
13607645,9438,86
13608110,5139,63
13608468,244,153
13608696,2319,70
13613244,4427,63
13615213,7314,51
13617468,6948,154
13617667,1926,63
13617710,5317,61
13619590,1000,63
13620585,920,63
13621501,783,63
13622277,660,63
13622933,647,63
13623069,5698,61
13623577,612,63
13624187,612,63
13624795,568,63
13625357,541,63
13625888,447,63
13628315,7703,75
13628700,4788,61
13633475,5253,61
13638670,4809,61
13643479,2828,61
13646242,3047,61
13649226,2816,61
13651979,2779,61
13654747,2821,61
13657517,2810,61
13660265,3409,61
13661476,5846,5
13662067,7174,51
13662302,6700,154
13663091,255,3
13663395,6724,70
13663611,3168,61
13666327,11529,36
13666716,3200,61
13669245,4028,51
13669851,3446,61
13670120,6687,70
13671806,351,75
13671837,24891,5
13672347,4800,75
13673278,3719,51
13673292,5196,61
13676807,6671,70
13677001,3765,51
13678430,3198,61
13681564,3191,61
13682335,4680,51
13683484,6708,70
13684050,11533,36
13684693,3186,61
13685089,7605,154
13687020,18,51
13687043,16,51
13687063,17,51
13687085,16,51
13687096,35,51
13687436,6687,51
13687814,3407,61
13689697,3047,54
13690195,1449,70
13691158,3196,61
13694042,1303,54
13694128,4528,51
13694290,3176,61
13696474,5657,70
13697404,587,70
13697430,5461,61
13698661,7089,51
13702130,6942,70
13705941,334,45
13706971,7065,154
13709085,6954,70
13713399,284,96
13714196,97,96
13716042,6835,70
13716960,441,96
13717563,304,96
13718623,36,96
13719042,36,96
13719093,203,54
13719636,208,54
13719680,221,96
13720693,443,96
13720873,603,54
13721266,441,96
13722418,448,96
13722458,428,54
13722878,12429,70
13723015,447,96
13723959,446,96
13724736,1026,96
13732515,3243,61
13735312,10319,70
13735697,3181,61
13738812,3418,61
13742166,3182,61
13745290,3502,61
13745634,6238,70
13747976,813,70
13748312,3812,51
13748786,3179,61
13748919,4602,70
13751152,62,70
13751905,3410,61
13752129,3521,51
13753954,224,36
13754751,236,36
13755251,3378,61
13755597,3031,62
13755654,3622,51
13755799,1453,36
13757340,1416,36
13758284,90,54
13758585,7281,61
13758816,94,54
13758904,11709,36
13759243,202,54
13759272,1483,36
13759770,73,1
13759786,147,21
13760053,1192,21
13760247,69,1
13760573,170,100
13760758,376,100
13760796,70,1
13761140,10943,21
13761285,22585,21
13761378,1396,70
13762377,197,21
13762934,1757,70
13763040,578,21
13763439,75,1
13763813,165,21
13764074,87,21
13764237,58,21
13764526,55,21
13764637,37,21
13764671,84,1
13764707,4400,70
13765061,43,21
13765666,310,21
13765851,72,1
13766085,130,21
13766362,356,21
13766410,131,1
13767066,3268,21
13768366,139,96
13768599,165,96
13769030,31,96
13769178,663,100
13769222,208,96
13769552,729,100
13769584,257,96
13769965,729,100
13769987,114,96
13770349,2461,100
13770355,269,96
13770438,119,21
13770860,197,96
13771371,382,96
13771622,4967,154
13771788,223,96
13772143,333,96
13772488,34,96
13772608,1066,96
13772953,883,100
13773427,149,88
13773668,274,9
13774070,120,9
13774565,121,88
13774871,382,75
13774901,1179,100
13775144,17001,75
13775233,1069,9
13775505,670,54
13776112,679,100
13776418,366,54
13776436,51,9
13776496,37,9
13776747,34,88
13776807,105,100
13776814,14020,36
13776983,374,54
13777559,159,54
13777584,24923,5
13777656,5661,62
13777671,121,9
13777774,1276,100
13777987,201,54
13778645,591,54
13778962,10099,61
13779216,255,54
13780859,18,54
13780958,19,54
13781162,632,100
13781281,17,54
13781321,22,54
13782055,22,54
13782363,18,54
13782750,86,54
13783147,106,54
13783188,1039,100
13783449,70,54
13784771,1095,100
13786072,122,100
13786200,299,100
13788119,18,54
13788616,21,54
13788930,64,54
13789579,201,54
13790665,235,54
13790921,2182,54
13795110,300,54
13795427,828,54
13796276,1656,54
13796505,205,88
13796755,113,96
13797342,19,88
13797973,23,88
13798063,1260,54
13798360,168,96
13798732,11762,36
13798929,79,96
13799644,415,54
13800086,5529,54
13802187,141,88
13802424,75,88
13803515,69,88
13804328,96,88
13805429,74,88
13805669,1422,54
13805997,75,88
13806185,264,88
13806618,76,88
13806969,286,88
13807115,12251,54
13807121,69,88
13807477,306,88
13807686,103,88
13807778,110,88
13807931,448,88
13808119,101,88
13808214,67,88
13808247,100,88
13808592,257,88
13808965,361,88
13809118,120,96
13809389,31,88
13809501,25,88
13809660,252,88
13810097,322,88
13810673,82,88
13810755,291,96
13810886,96,88
13811040,59,88
13811204,625,96
13811715,72,88
13811921,446,96
13812372,627,96
13812515,88,88
13812533,337,88
13812761,71,88
13819167,3220,61
13822324,3215,61
13823900,5828,71
13825474,3397,61
13827125,9613,110
13828808,5679,61
13829531,238,75
13829693,24178,75
13831494,1913,54
13831793,795,30
13832670,420,21
13832860,15451,21
13833090,5047,21
13833099,5028,71
13833445,7195,54
13833548,4918,120
13834158,6073,21
13834428,8484,61
13834538,98,83
13835131,805,32
13835542,86,66
13835745,12498,5
13835930,89,66
13836250,3957,157
13837221,251,66
13837265,11817,139
13837575,81,66
13837699,176,153
13837781,89,66
13838198,1310,32
13838543,77,153
13838615,68,21
13838908,91,66
13838914,2628,30
13839661,75,153
13839692,3911,157
13840198,74,153
13840482,127,21
13840496,72,66
13840498,70,21
13840589,168,66
13841099,451,66
13841463,76,153
13842280,402,66
13842287,2778,30
13842912,7456,61
13843130,1062,66
13843291,5876,51
13843615,420,88
13843746,21,150
13844375,2871,38
13844410,80,66
13844538,4458,21
13844705,603,32
13844948,892,75
13845092,22,25
13845171,120,66
13845649,2671,66
13846868,2686,62
13847602,5060,71
13847649,11505,139
13847733,118,30
13848009,885,38
13848098,37,88
13848225,717,88
13849383,446,88
13849647,59,88
13849868,1649,75
13850354,5996,61
13851342,371,88
13851388,8688,51
13851791,1697,75
13851896,3789,21
13852006,1307,88
13852259,46,88
13853102,532,10
13853266,150,43
13853483,385,5
13853503,477,88
13853646,2413,120
13853721,2002,71
13854167,2142,26
13854878,5213,75
13855101,4453,100
13855195,175,38
13855860,66,21
13856067,29,88
13856125,64,21
13856151,318,38
13856362,3496,61
13856813,9284,120
13857747,5738,71
13857802,376,6
13858679,14897,5
13859123,280,79
13859339,2190,32
13859542,228,79
13859574,841,100
13859796,3133,61
13860170,3920,79
13860483,4874,51
13860576,2242,100
13860856,815,66
13861064,122,153
13861090,13962,36
13861689,121,66
13862182,1579,38
13862688,59,158
13862773,451,5
13862781,129,158
13862922,5055,61
13862927,145,1
13863493,21,5
13863608,165,1
13863615,652,158
13863694,2117,62
13863784,83,66
13864024,1335,100
13864297,136,1
13864362,1390,38
13865066,133,1
13865328,9,146
13865365,14,146
13865394,2995,71
13865747,223,146
13866027,556,28
13866564,4543,51
13867913,5606,61
13869186,4581,146
13873142,705,32
13874869,22646,139
13875395,1547,32
13877029,8644,139
13878782,493,9
13879229,19131,5
13879403,44,9
13879654,186,9
13879697,4326,62
13880032,100,9
13880140,87,9
13881310,8325,54
13884383,9052,70
13884912,5841,70
13885966,792,75
13887240,15516,75
13906570,4206,70
13907244,3199,61
13909839,5153,71
13910380,3430,61
13910885,4104,70
13911828,115,84
13912548,6062,36
13913747,1303,61
13917520,3760,31
13917614,549,148
13921343,84,153
13921583,840,31
13922423,10432,31
13922932,9922,31
13922993,9861,31
13923111,9742,31
13923725,9081,31
13923726,9080,31
13924496,520,75
13924804,6288,51
13926023,510,94
13926071,9176,75
13926284,1548,96
13926456,12873,5
13926532,288,94
13926653,648,94
13926819,545,94
13926820,5985,31
13926939,5866,31
13927300,284,94
13927364,220,94
13927586,613,94
13927607,749,100
13927668,437,94
13928105,72,94
13928199,556,94
13928258,196,94
13928514,610,94
13928754,4260,94
13929123,240,94
13929180,23,61
13929362,691,94
13930053,201,94
13930314,530,94
13930844,232,94
13931097,745,94
13931842,233,94
13932135,573,94
13932708,145,94
13933162,36,105
13933199,220,88
13933366,316,105
13934054,9239,58
13934314,807,148
13934580,468,6
13934636,541,66
13934790,79,105
13934945,28,105
13935623,66,9
13935630,3773,88
13935654,61,137
13936079,445,137
13936244,52,9
13936512,1269,148
13936715,1590,100
13936726,57,105
13936923,72,9
13937370,55,105
13937445,555,30
13937682,41,105
13937902,397,137
13938340,248,137
13938378,617,88
13938402,1258,148
13938697,1023,134
13938703,143,21
13938722,38,9
13938787,2356,30
13938904,106,28
13938970,188,5
13939012,63,105
13939112,38,21
13939126,28,21
13939167,59,9
13939545,93,38
13939585,17072,36
13939610,57,105
13939671,27,28
13939692,2378,38
13939710,879,5
13939771,40,9
13939843,186,137
13939855,495,28
13939913,3975,134
13939937,771,134
13940003,314,88
13940025,1469,148
13940179,4566,120
13940331,194,153
13940338,225,21
13940358,62,9
13940395,24,28
13940657,9520,58
13940790,152,21
13940811,102,9
13940961,24,21
13941070,41,105
13941199,288,9
13941229,166,21
13941275,419,88
13941445,36,21
13941540,36,105
13941701,116,153
13941781,151,21
13942141,542,88
13942310,43,105
13942546,2813,28
13942553,3650,32
13942574,159,21
13942615,1961,148
13942638,2150,71
13942779,1173,100
13942935,484,21
13942949,86,88
13943256,1083,30
13943291,9137,70
13943619,6825,137
13943750,726,105
13944759,234,21
13944827,2825,120
13944933,1988,30
13945055,5918,21
13945143,482,88
13945386,1079,105
13945397,266,153
13945578,1196,100
13945675,595,28
13945767,2651,134
13945785,128,10
13945834,144,5
13946937,875,30
13947006,1381,105
13947244,184,66
13947403,3946,146
13947789,1005,28
13948059,1052,100
13948256,188,153
13948326,1916,30
13948400,413,88
13948451,162,66
13948523,1123,134
13948712,38,105
13948943,181,88
13948960,252,66
13949022,838,28
13949121,326,26
13949301,9632,26
13949762,1471,134
13949811,39,105
13950079,4409,62
13950089,2292,28
13950443,2522,38
13950781,6507,70
13950790,87,21
13950834,44,105
13950997,4146,5
13951032,16,105
13951064,45,105
13951166,538,105
13951273,3216,21
13951745,1381,51
13951760,67,105
13951826,78,96
13952255,47,96
13952285,79,105
13952367,414,96
13952413,5209,28
13952429,6740,70
13953279,1038,51
13953516,376,38
13954338,3221,51
13954689,8777,88
13955538,188,74
13955703,3364,88
13956424,231,74
13956701,8031,26
13958221,5823,51
13958630,55,71
13959069,1488,54
13959819,8739,58
13960143,1702,88
13962259,1592,54
13962651,5364,21
13965110,6877,54
13965340,306,62
13965479,20,61
13965696,129,61
13965715,3823,62
13966043,2987,137
13966242,2973,61
13966479,7944,61
13967357,771,88
13967431,1260,58
13968558,2498,21
13968691,167,123
13969055,503,137
13970166,52,96
13970404,2045,62
13971151,22,96
13971388,17,96
13971857,2717,21
13971896,22,96
13972271,56,96
13972459,107,96
13972522,4549,62
13972882,150,96
13973206,149,96
13973834,149,96
13974137,150,96
13974482,7662,61
13974712,146,96
13975052,145,96
13975406,17,75
13975523,243,75
13975804,10932,75
13975892,51,96
13976293,143,96
13976551,140,96
13976785,139,96
13976874,287,88
13976999,140,96
13977258,5717,62
13977399,256,88
13977832,293,88
13978632,144,96
13979343,96,96
13979441,141,96
13980084,146,96
13980371,144,96
13980583,143,96
13980823,143,96
13981086,146,96
13981266,144,96
13981845,145,96
13982085,7913,61
13982260,146,96
13990000,14228,61
13995174,132,61
13995307,98,61
13995465,219,61
13995692,136,61
13995708,37,71
13996085,4051,71
13996120,498,61
13996234,2469,71
13997128,1961,36
13998252,138,61
13999260,3962,71
13999390,801,61
13999679,215,5
14000490,127,61
14001394,129,61
14002211,232,61
14003839,940,21
14004192,1476,154
14004208,525,61
14004734,11,61
14004783,125,61
14004924,17,84
14004961,85,84
14005589,3945,6
14005611,7014,70
14006062,3667,154
14006455,74,153
14007174,1173,105
14007520,12938,26
14008049,234,5
14008102,211,84
14008400,10020,146
14008840,14,105
14008903,1450,36
14008917,445,105
14009231,161,30
14009476,228,28
14009740,256,28
14009864,735,21
14010265,3848,28
14010376,1113,38
14010840,4395,21
14011240,4052,154
14011264,1571,32
14011359,221,74
14011379,142,31
14011455,66,31
14011619,60,31
14011679,60,31
14011779,1548,134
14011794,86,31
14011796,204,31
14012122,115,31
14012237,509,31
14012357,124,31
14012624,5986,70
14012745,92,31
14012807,246,10
14012863,984,32
14012886,265,123
14012887,170,31
14013458,338,31
14013478,176,159
14013553,2002,134
14013598,33,84
14013617,43,31
14013726,4582,38
14013794,3814,120
14013849,379,31
14013851,288,31
14013891,23,66
14013927,202,66
14014138,90,31
14014144,894,28
14014175,6482,51
14014191,68,43
14014288,147,66
14014295,875,31
14014359,316,31
14014386,1367,105
14014688,336,66
14014696,540,31
14014712,9927,32
14014726,8817,58
14015114,202,40
14015147,22,40
14015176,111,31
14015236,388,31
14015301,281,31
14015336,41,40
14015442,6096,21
14015481,4358,62
14015593,153,40
14015597,6970,47
14015769,83,40
14015893,3109,134
14016074,935,40
14016423,1044,31
14016424,995,31
14016916,5114,154
14017066,59,40
14017081,159,40
14017089,61,40
14017419,863,31
14017537,745,31
14017619,688,47
14017791,162,96
14017944,93,9
14017954,782,159
14017970,645,96
14018281,87,31
14018282,29,31
14018415,58,105
14018421,92,31
14018423,60,31
14018483,29,31
14018507,2847,38
14018509,108,31
14018512,121,31
14018616,23,31
14018633,77,31
14018639,71,31
14018710,30,31
14018710,149,31
14018740,119,31
14018858,51,31
14018859,206,31
14018871,2149,9
14018909,156,31
14019090,2972,134
14019346,69,31
14019346,229,31
14019411,163,31
14019457,49,105
14019574,114,31
14019574,180,31
14019687,161,31
14019754,205,31
14019846,184,31
14019959,188,31
14020029,118,31
14020054,784,19
14020146,124,31
14020146,189,31
14020213,5944,26
14020268,135,31
14020335,223,31
14020403,133,31
14020406,1247,61
14020536,220,31
14020558,132,31
14020690,422,31
14020743,369,31
14021110,207,31
14021111,206,31
14021128,65,105
14021181,204,62
14021316,159,31
14021316,224,31
14021475,238,31
14021539,173,31
14021546,2474,5
14021557,122,23
14021588,532,38
14021692,129,31
14021712,119,31
14021811,3180,62
14022006,140,31
14022024,215,31
14022142,165,31
14022239,161,31
14022282,72,23
14022293,1115,74
14022307,152,31
14022400,119,31
14022458,168,31
14022519,129,31
14022539,63,105
14022624,136,31
14022648,53,31
14022700,142,31
14022756,172,31
14022842,208,31
14022887,6247,36
14022928,159,31
14023050,36,31
14023564,1041,5
14023635,2638,19
14023647,19,23
14023699,17,23
14023737,190,23
14023944,222,23
14024353,52,23
14024568,200,23
14024578,197,23
14024675,74,153
14024891,1562,105
14025037,1774,23
14025099,440,61
14025171,59,61
14025860,437,61
14025883,686,38
14025918,2998,62
14026246,122,153
14026392,4065,5
14026824,42,23
14026883,3962,23
14026894,902,23
14027649,8960,26
14027721,24,105
14027807,2541,23
14027841,1891,105
14027937,67,10
14028326,631,10
14028495,11280,58
14028783,58,96
14028862,55,96
14029072,2598,51
14029308,87,66
14029399,8324,62
14029560,659,38
14029619,6809,134
14030606,24,105
14030648,5887,32
14030744,2277,23
14030835,98,66
14030853,2360,38
14030870,3015,10
14031007,32,105
14031016,655,8
14031068,474,105
14031230,167,153
14031265,47,96
14031548,1529,5
14031630,193,31
14031631,234,31
14031702,5778,51
14031772,67,96
14031822,263,31
14031865,258,31
14031953,127,66
14032084,77,31
14032123,37,31
14032169,1087,96
14032199,129,31
14032200,139,31
14032322,43,105
14032328,162,31
14032339,150,31
14032489,28,31
14032489,29,31
14032630,6729,70
14032639,57,31
14032640,92,31
14032692,112,31
14032710,4584,21
14032732,72,31
14032803,61,31
14032804,59,31
14032863,94,31
14032924,99,31
14032953,64,105
14032957,124,31
14033020,140,31
14033030,1416,36
14033036,62,23
14033081,79,31
14033158,191,31
14033160,89,31
14033249,100,31
14033336,101,31
14033348,88,31
14033356,52,105
14033435,1126,105
14033507,82,31
14033507,237,31
14033589,138,31
14033726,136,31
14033742,60,31
14033888,177,31
14033920,184,31
14033940,1378,30
14034016,78,61
14034055,179,96
14034065,246,31
14034101,292,31
14034213,2075,61
14034240,69,96
14034311,203,31
14034458,137,31
14034514,51,31
14034565,74,31
14034595,180,31
14034635,1313,96
14034639,136,31
14034721,697,38
14034774,141,31
14034775,130,31
14034776,1249,149
14034902,648,10
14034905,42,31
14034915,208,31
14034947,118,31
14035062,73,105
14035065,186,31
14035123,75,31
14035195,143,31
14035251,58,31
14035547,38,105
14035787,40,105
14035907,3381,154
14035915,897,38
14035925,1220,105
14035956,2379,75
14036238,114,66
14036352,1074,61
14036501,5564,134
14036588,128,153
14036909,1952,149
14037159,172,146
14037290,121,96
14037494,34,105
14037606,6688,51
14037734,36,105
14037800,530,38
14037837,201,96
14037853,188,66
14038022,30,105
14038175,132,66
14038266,258,96
14038280,277,5
14038660,458,96
14038762,89,66
14039179,90,66
14039823,3819,71
14041204,107,66
14041850,92,66
14042337,147,66
14043339,8082,70
14044304,11044,51
14048445,77,137
14049081,58,137
14049445,63,137
14049761,10844,154
14049804,52,137
14051307,61,137
14051609,61,137
14051831,58,137
14051879,5714,62
14052635,46,137
14053799,116,137
14054244,119,137
14054567,117,137
14057211,110,137
14057665,3014,62
14057699,54,137
14057810,13462,61
14058269,219,137
14058980,120,137
14059406,61,137
14060043,82,96
14060834,3145,62
14061993,42,96
14064811,268,83
14065643,183,83
14067606,171,83
14068976,98,83
14069507,123,83
14070320,171,83
14070668,282,83
14071301,124,83
14071679,9267,61
14074959,2640,83
14078621,121,31
14078621,213,31
14078741,92,31
14079339,59,31
14079997,65,31
14080062,53,31
14080297,118,31
14080749,60,31
14080880,169,31
14080880,170,31
14081191,61,31
14081311,181,31
14081373,118,31
14081491,63,31
14081554,118,31
14081554,237,31
14081672,183,31
14081791,121,31
14081854,238,31
14081912,240,31
14082092,119,31
14082211,181,31
14082211,181,31
14082392,183,31
14082392,183,31
14082575,158,31
14082575,159,31
14082733,120,31
14082733,191,31
14082924,173,31
14082924,239,31
14083097,179,31
14083162,171,31
14083276,178,31
14083333,121,31
14083753,120,31
14085396,5432,71
14087303,7911,154
14093048,59,31
14093048,60,31
14093107,56,31
14093107,118,31
14093163,61,31
14093224,61,31
14093224,62,31
14093343,61,31
14093344,60,31
14093403,95,31
14093403,95,31
14093498,301,31
14093498,302,31
14093738,241,31
14093799,306,31
14093799,307,31
14094024,81,31
14094104,60,31
14094104,61,31
14094226,119,31
14094284,60,31
14094344,241,31
14094344,241,31
14094404,241,31
14094585,106,31
14094585,107,31
14094691,59,31
14094749,142,31
14094750,82,31
14094750,141,31
14094890,247,31
14094890,248,31
14095137,295,31
14095137,296,31
14095432,58,31
14095432,301,31
14095490,60,31
14095550,60,31
14095671,62,31
14095672,61,31
14095731,61,31
14095732,59,31
14095732,60,31
14095791,59,31
14095791,60,31
14095791,60,31
14095791,120,31
14095850,61,31
14095850,240,31
14095850,302,31
14095910,242,31
14095910,305,31
14096090,61,31
14096151,63,31
14096151,63,31
14096151,314,31
14096211,292,31
14096214,60,31
14096270,18,70
14096272,85,31
14096272,85,31
14096274,58,31
14096332,63,31
14096332,73,31
14096377,246,31
14096377,246,31
14096405,60,31
14096464,275,31
14096464,275,31
14096464,276,31
14096502,236,31
14096622,62,31
14096623,61,31
14096738,60,31
14096738,60,31
14096738,197,31
14096738,198,31
14099447,1273,8
14099912,3679,148
14100711,3917,23
14101068,3951,154
14101133,145,31
14101169,3934,32
14101175,102,31
14101274,129,31
14101277,126,31
14101341,294,58
14101402,123,31
14101402,123,31
14101403,302,31
14101441,264,31
14101524,181,31
14101525,179,31
14101703,122,31
14101703,343,31
14101704,191,31
14101704,342,31
14101823,222,31
14101826,632,75
14101894,151,31
14102044,181,31
14102044,328,31
14102045,179,31
14102045,326,31
14102224,201,31
14102224,201,31
14102370,109,31
14102370,388,31
14102371,386,31
14102424,224,31
14102425,262,31
14102478,117,31
14102478,118,31
14102581,147,31
14102581,176,31
14102648,296,31
14102686,291,31
14102716,156,31
14102739,176,31
14102757,360,31
14102757,396,31
14102844,133,31
14102903,115,31
14102944,240,31
14102964,126,31
14102976,185,31
14103006,110,31
14103074,150,31
14103116,108,31
14103116,386,31
14103150,351,31
14103161,228,31
14103184,204,31
14103215,113,31
14103221,107,31
14103327,119,31
14103327,119,31
14103387,159,31
14103388,164,31
14103440,45,31
14103443,58,31
14103479,14263,62
14103501,21,31
14103544,133,31
14103552,147,31
14103698,169,31
14103698,169,31
14103742,10860,149
14103865,220,31
14103867,176,31
14104042,165,31
14104083,188,31
14104223,143,31
14104265,166,31
14104396,137,31
14104431,161,31
14104533,145,31
14104592,159,31
14104616,207,84
14104678,141,31
14104751,183,31
14104819,148,31
14104932,155,31
14104967,152,31
14105029,9591,38
14105041,9587,110
14105087,159,31
14105119,163,31
14105262,195,31
14105282,211,31
14105456,207,31
14105492,258,31
14105663,217,31
14105750,181,31
14105871,188,31
14105931,174,31
14105954,138,39
14106059,241,31
14106104,207,31
14106179,110,39
14106363,179,31
14106365,151,31
14106516,217,31
14106540,229,31
14106540,548,94
14106644,52,39
14106679,7912,30
14106733,191,31
14106758,326,39
14106764,240,31
14106924,232,31
14106925,1507,32
14107004,253,31
14107016,110,149
14107074,296,94
14107155,215,31
14107248,208,31
14107369,212,31
14107373,591,94
14107454,232,31
14107527,1624,148
14107581,190,31
14107677,238,31
14107690,62,40
14107770,277,31
14107900,216,31
14107951,96,94
14108047,207,31
14108076,527,94
14108140,203,31
14108181,387,40
14108254,243,31
14108339,219,31
14108344,1567,83
14108497,214,31
14108558,274,31
14108621,210,94
14108711,277,31
14108819,219,31
14108860,659,94
14108937,3937,40
14108957,132,40
14109007,294,31
14109035,225,31
14109176,127,40
14109258,310,31
14109283,114,148
14109300,267,31
14109487,30,148
14109493,5683,32
14109515,5082,94
14109554,5042,31
14109567,5061,31
14110317,42,116
14110872,255,148
14112665,43,105
14113197,20308,58
14113427,48,105
14113466,470,75
14114636,18,51
14114658,12,51
14114674,13,51
14114814,80,40
14115111,35,105
14115276,496,149
14115403,34,105
14115657,545,96
14115667,42,105
14115911,33,105
14116155,30,105
14116371,61,105
14118093,16,105
14118285,20357,36
14118302,32,105
14118380,12115,70
14118512,159,31
14118512,175,31
14118553,55,105
14118670,181,31
14118670,182,31
14118851,164,31
14118851,192,31
14119043,21,31
14119043,70,31
14119489,22237,154
14119517,18,105
14119811,13,105
14120110,17,105
14120191,119,31
14120191,178,31
14120310,178,31
14120369,179,31
14120487,242,31
14120548,181,31
14120591,74,105
14120729,127,31
14120729,151,31
14120841,36,105
14120856,1057,31
14120879,1034,31
14121273,1276,21
14121789,67,105
14121913,30,31
14121913,31,31
14121924,40,31
14121924,40,31
14121943,38,31
14121963,32,31
14121964,30,31
14121981,73,31
14121981,73,31
14121981,74,31
14121994,59,31
14121994,60,31
14122113,113,31
14122113,169,31
14122226,117,31
14122282,125,31
14122343,206,31
14122407,141,31
14122548,58,31
14122548,965,31
14123533,72,31
14123542,18,105
14123544,60,31
14123604,169,31
14123604,169,31
14123772,120,31
14123772,120,31
14123892,141,31
14123950,128,31
14124033,157,31
14124069,2347,62
14124078,165,31
14124190,197,31
14124243,81,31
14124387,133,31
14124387,133,31
14124520,166,31
14124520,167,31
14124686,137,31
14124686,199,31
14124823,108,31
14125901,120,31
14125901,121,31
14126021,181,31
14126021,181,31
14126201,183,31
14126202,182,31
14126384,191,31
14126384,251,31
14126935,124,31
14126935,124,31
14127058,184,31
14127059,182,31
14127241,175,31
14127241,175,31
14127416,124,31
14127416,182,31
14127540,57,31
14127597,115,31
14127597,140,31
14128547,121,31
14128548,179,31
14128668,182,31
14128727,122,31
14128849,118,31
14128849,118,31
14128966,122,31
14128967,180,31
14129088,123,31
14129147,480,31
14129211,415,31
14129687,122,31
14129687,183,31
14129809,117,31
14129870,117,31
14129926,201,31
14129987,139,31
14130126,116,31
14130126,175,31
14130242,181,31
14130301,121,31
14130422,182,31
14130422,182,31
14130603,117,31
14130603,179,31
14130782,119,31
14130782,119,31
14130900,185,31
14130901,183,31
14131084,177,31
14131084,178,31
14131261,2554,31
14131261,2555,31
14135587,3025,61
14136760,1364,19
14137035,111,137
14137359,111,137
14137690,115,137
14138526,301,32
14139191,1336,61
14140139,130,17
14140478,75,61
14140604,2658,61
14143148,8998,61
14144447,14,56
14145482,14,56
14145920,13,56
14145941,166,96
14146165,91,56
14146465,165,96
14147119,103,96
14147509,281,96
14148508,27,96
14148672,16,96
14148977,22,96
14149073,20,96
14149234,20,96
14149656,24,96
14149856,21,96
14150271,24,96
14150427,23,96
14151341,29,96
14151551,25,96
14151823,25,96
14152178,27,96
14152203,9293,61
14152325,26,96
14152491,27,96
14152599,26,96
14152957,33,96
14153270,28,96
14153866,34,96
14153996,30,96
14154093,36,96
14154214,40,96
14154468,60,96
14154868,63,96
14155019,51,96
14155148,51,96
14155255,51,96
14155504,93,96
14161441,9090,61
14168906,1496,61
14170532,9122,61
14170764,1936,71
14171122,10799,36
14172238,263,84
14174139,1876,24
14174528,177,154
14174817,3627,154
14177047,2754,61
14179401,36,105
14179781,7884,51
14179799,1436,61
14180087,7557,154
14180141,38,105
14180222,934,5
14180297,128,134
14180387,15,105
14180809,8115,134
14180929,12860,149
14181572,23,148
14181826,4076,75
14181832,12543,5
14181981,241,66
14182388,810,71
14183932,74,66
14184211,943,96
14184235,3697,19
14184342,41,148
14184454,78,66
14184480,751,148
14185175,2919,96
14185316,19,148
14185363,7194,62
14185641,228,149
14185767,134,66
14186297,246,66
14186451,256,84
14186643,1660,20
14187154,101,66
14187215,512,84
14187306,2920,38
14187312,35,56
14187451,291,148
14187615,319,5
14187621,12020,75
14187651,5339,5
14187674,12769,51
14187822,104,66
14187934,20,148
14187997,1350,58
14188186,10133,19
14189547,34,108
14189846,1141,134
14190009,1421,10
14190774,756,46
14190999,953,38
14191635,12180,154
14192124,23,56
14193156,26,56
14193610,3172,58
14194003,3947,22
14194489,29,56
14194647,688,71
14195022,6248,36
14195041,172,71
14195597,2011,71
14197279,2490,10
14197622,4530,62
14198975,3769,71
14199266,1393,100
14199560,93,96
14199747,243,96
14200486,2313,96
14200841,325,134
14201255,459,10
14202210,422,62
14202521,533,10
14202557,11379,5
14202670,4326,19
14202675,22378,154
14202971,127,62
14203157,1344,62
14203818,150,134
14203982,315,134
14204098,227,66
14204308,1012,134
14204772,56,66
14204979,3863,51
14205147,2429,62
14205202,816,22
14205212,274,159
14205341,433,134
14205412,2213,100
14205652,178,66
14205873,427,66
14206497,1324,38
14206688,269,31
14206953,618,70
14207133,137,159
14207483,97,30
14207698,126,30
14207823,215,31
14207979,220,66
14208089,8051,58
14208094,1093,38
14208200,69,31
14208266,23,31
14208514,161,10
14208524,104,31
14208626,108,94
14208711,73,66
14208778,114,31
14208841,327,30
14208853,106,51
14208889,60,94
14208932,341,100
14208938,812,75
14208968,47,31
14209001,32,94
14209013,356,31
14209062,90,66
14209146,70,10
14209172,6545,51
14209210,210,30
14209647,499,31
14210183,187,31
14210367,33,94
14210370,479,31
14210428,1943,38
14210437,32,30
14210560,250,30
14210613,129,66
14211744,372,100
14212053,348,66
14212652,442,100
14213056,165,66
14213128,16064,38
14213265,809,134
14214157,1112,134
14215727,3565,51
14216021,551,100
14216618,248,100
14220963,844,62
14221307,119,84
14221847,9488,62
14222609,8910,70
14223880,5113,70
14225503,9343,61
14226847,340,96
14227478,401,96
14227499,47,46
14227613,838,46
14228107,87,96
14228447,364,96
14229303,701,46
14229546,28,96
14229709,220,96
14229976,1093,96
14231350,93,96
14231385,883,46
14231520,6808,70
14232237,12,96
14233141,92,96
14233380,86,96
14233714,90,96
14233917,86,96
14234299,91,96
14234736,13,96
14234858,9135,61
14234912,11,96
14235026,91,96
14235150,11,96
14236357,266,96
14236741,375,96
14237315,1357,96
14238335,6834,70
14243996,9361,61
14245172,6951,70
14252126,23898,70
14253360,9143,61
14260728,216,154
14261009,132,154
14261166,3404,154
14262504,9082,61
14267655,6758,13
14268149,12182,5
14271586,9345,61
14274410,6817,13
14276769,1448,100
14278666,8577,62
14279011,22214,154
14279027,948,100
14280934,9093,61
14281231,6799,13
14281393,566,100
14282071,525,100
14282599,490,100
14282609,59,100
14283649,1346,100
14288032,13362,13
14288140,356,100
14288395,12132,5
14289257,283,100
14290055,9344,61
14290113,5749,62
14291123,452,100
14291580,125,100
14291589,58,100
14293203,446,58
14293304,341,100
14293648,354,100
14293668,5054,58
14294072,930,100
14294225,1594,46
14297247,17,100
14297278,614,100
14298739,3801,58
14299372,9132,61
14301396,5454,13
14303152,3453,51
14304618,61,61
14304849,4209,61
14306851,11099,13
14308504,9086,61
14316115,564,100
14317437,276,100
14317593,9327,61
14317952,6058,13
14322937,9,60
14323037,13,60
14326926,9135,61
14336061,9315,61
14343343,4234,61
14343413,34,61
14345380,9816,61
14347752,74,61
14347805,3214,61
14349071,116,84
14350416,3915,154
14350958,3396,61
14352011,4564,36
14354356,3224,61
14355180,3896,154
14355196,10052,61
14355320,321,5
14356070,5527,5
14356422,11986,5
14357579,5824,61
14357715,59,61
14358303,37,13
14358631,32,13
14358883,3585,13
14360272,55,46
14360407,1356,46
14361612,5234,38
14362273,109,38
14362563,1095,46
14362926,4133,154
14362938,51,56
14363405,3387,61
14365248,9767,61
14365832,4096,51
14366327,605,46
14366425,2676,5
14366430,259,100
14366791,3804,61
14367342,306,100
14367532,11549,36
14368675,35,56
14368872,1263,46
14370648,3244,61
14370661,7018,58
14371038,6161,154
14371434,33,56
14372333,35,56
14373603,386,100
14373843,3732,61
14373977,74,61
14375019,9779,61
14375387,385,100
14376485,613,100
14377602,4452,61
14377728,3987,58
14378102,1077,100
14380323,179,5
14380419,871,100
14380536,24583,5
14381766,5651,58
14382049,3332,61
14382127,59,61
14382619,167,56
14382905,36,56
14383163,52,56
14383170,5391,51
14385328,3177,61
14385749,23261,154
14388533,3348,61
14388574,3447,51
14389708,668,5
14389763,19,60
14390220,39,56
14390257,18,60
14390380,28,100
14390528,166,56
14391556,232,5
14391854,3229,61
14391919,25,61
14393698,51,56
14394699,28,40
14394711,19,40
14394722,19,40
14395019,3282,61
14395085,60,61
14398234,3205,61
14398303,58,61
14401376,3317,61
14404691,3217,61
14407843,3233,61
14407911,59,61
14411013,3279,61
14411080,61,61
14414227,3209,61
14414294,60,61
14417373,3200,61
14420510,3209,61
14423655,3179,61
14423721,61,61
14426788,3313,61
14426899,19730,61
14429524,123,84
14430039,3324,61
14430104,60,61
14433159,11573,36
14433329,3267,61
14436551,247,154
14436559,3295,61
14436843,3510,154
14437109,9590,5
14437586,256,31
14437879,634,105
14438889,3117,105
14439325,151,66
14439584,32,8
14439789,3545,61
14439857,53,61
14440945,4523,154
14441016,94,8
14441216,45,40
14441739,526,40
14441769,312,66
14441893,1167,28
14442011,493,38
14442041,811,10
14442368,428,40
14442461,113,13
14442674,14,134
14442737,5418,134
14442812,51,38
14442813,38,31
14442824,30,31
14442927,2267,38
14442967,53,38
14443270,10811,61
14443338,64,61
14443634,128,31
14443635,145,31
14443646,213,40
14443761,209,31
14443774,234,66
14443780,190,31
14443864,38,8
14443969,98,31
14443970,154,31
14443971,93,8
14444066,125,31
14444124,185,31
14444171,536,8
14444187,135,31
14444197,3892,105
14444309,168,31
14444320,654,40
14444321,179,31
14444477,251,31
14444500,275,31
14444504,2291,13
14444584,9350,5
14444606,5589,40
14444728,250,31
14444761,2004,8
14444774,315,31
14445000,224,31
14445089,260,31
14445224,125,31
14445341,192,31
14445349,184,31
14445410,128,11
14445531,215,31
14445533,145,31
14445561,1346,38
14445661,4248,154
14445677,69,154
14445678,183,31
14445745,212,31
14445861,174,31
14445949,8279,58
14445957,183,31
14446034,128,31
14446069,288,66
14446134,317,31
14446162,296,31
14446441,228,31
14446462,552,66
14446466,203,31
14446528,13911,36
14446668,113,31
14446668,143,31
14446781,157,31
14446811,179,31
14446874,252,13
14446904,91,8
14446937,133,31
14446986,139,31
14447070,182,31
14447125,127,31
14447252,161,31
14447252,162,31
14447401,195,31
14447413,182,31
14447415,7124,38
14447595,69,31
14447595,125,31
14447658,124,31
14447720,153,31
14447777,96,31
14447869,152,31
14447872,149,31
14448020,74,31
14448020,199,31
14448039,1526,66
14448093,252,31
14448219,125,31
14448340,123,31
14448344,177,31
14448459,112,31
14448521,108,31
14448570,197,31
14448629,197,31
14448758,231,31
14448825,227,31
14448989,121,31
14449051,120,31
14449110,121,31
14449171,181,31
14449231,120,31
14449333,84,56
14449346,157,31
14449351,177,31
14449382,1630,47
14449503,136,31
14449528,194,31
14449542,107,56
14449639,143,31
14449722,165,31
14449782,105,31
14449884,133,31
14449887,130,31
14449895,518,56
14450015,4106,8
14450016,112,31
14450016,182,31
14450023,673,8
14450127,3589,51
14450128,203,31
14450198,206,31
14450327,214,47
14450331,145,31
14450402,187,31
14450476,113,31
14450493,194,66
14450587,13532,40
14450588,197,31
14450588,220,31
14450773,162,31
14450806,160,66
14450808,164,31
14450935,109,31
14450972,163,31
14450987,191,66
14451002,981,47
14451040,157,31
14451135,132,31
14451197,142,31
14451266,198,31
14451268,519,8
14451339,288,31
14451464,200,31
14451619,119,31
14451663,161,31
14451729,219,31
14451824,187,31
14451944,184,31
14452011,240,31
14452128,122,31
14452248,130,31
14452250,128,31
14452373,171,31
14452378,232,31
14452415,1915,5
14452544,119,31
14452545,6340,70
14452610,125,31
14452662,1630,70
14452663,133,31
14452735,173,31
14452796,111,31
14452903,126,31
14452907,156,31
14452980,372,66
14453018,9254,154
14453025,141,31
14453063,59,31
14453127,36,105
14453567,169,8
14453722,9544,51
14453795,24,105
14453918,40,105
14453961,4428,61
14455531,162,31
14455531,163,31
14455693,146,31
14455693,146,31
14455838,156,31
14455839,217,31
14455994,184,31
14456056,122,31
14456177,58,31
14456178,56,31
14456234,126,31
14456294,121,31
14456360,175,31
14456415,180,31
14456534,122,31
14456595,120,31
14456656,179,31
14456714,181,31
14456835,121,31
14456895,120,31
14456956,118,31
14457015,182,31
14457074,182,31
14457197,121,31
14457256,127,31
14457318,146,31
14457383,52,31
14457434,92,105
14457630,9676,58
14457691,101,31
14457691,101,31
14457792,180,31
14457848,123,31
14457971,117,31
14457971,178,31
14458088,122,31
14458149,60,31
14458299,242,31
14458361,246,31
14458541,97,31
14458700,110,31
14458700,183,31
14458810,305,31
14458883,348,31
14459115,526,31
14459231,470,31
14459460,7336,40
14459641,239,31
14459701,211,31
14459880,152,31
14459912,160,31
14460032,199,31
14460071,160,31
14460230,187,31
14460231,185,31
14460416,119,31
14460416,119,31
14460534,179,31
14460594,272,31
14460713,251,31
14460789,54,30
14460866,3467,31
14460964,104,31
14460982,3953,47
14464451,3016,20
14465162,746,100
14465766,56,105
14466100,40,105
14466433,859,66
14467152,787,100
14467288,51,105
14467355,700,105
14467502,531,20
14467663,20,5
14467894,819,5
14468071,319,66
14468188,1064,105
14468753,89,66
14468828,3799,61
14468917,82,66
14469040,590,10
14469081,145,5
14469375,353,100
14469470,87,66
14469498,29,105
14469645,39,105
14469696,1181,5
14469812,393,66
14469951,1620,5
14470754,45,28
14470804,98,153
14470972,130,66
14471036,5236,28
14471271,995,100
14471491,139,66
14472355,137,66
14472569,109,66
14472616,5136,61
14473220,75,153
14473716,106,153
14473906,105,153
14474379,163,113
14475794,28,113
14477744,8172,61
14479946,13608,5
14480625,1489,100
14481107,29879,154
14481312,447,5
14482173,13,100
14482229,1185,100
14484098,60,100
14485729,3038,5
14485852,36,13
14485881,8107,100
14485914,11624,61
14486402,26231,13
14487201,93,70
14487327,126,123
14489253,62,13
14513616,19197,61
14513667,20,61
14513960,225,84
14514253,26,84
14516157,215,31
14516217,215,31
14516372,182,31
14516431,183,31
14516554,237,31
14516614,237,31
14516791,241,31
14516851,131,31
14516982,50,31
14517948,121,31
14518009,122,31
14518069,181,31
14518131,179,31
14518250,120,31
14518310,120,31
14518370,181,31
14518430,180,31
14518550,118,31
14518610,123,31
14518668,199,31
14518733,133,31
14518866,103,31
14518866,324,31
14519312,109,31
14519312,109,31
14519421,117,31
14519421,177,31
14519538,138,31
14519598,137,31
14519614,11669,36
14519676,159,31
14519735,158,31
14519835,182,31
14519893,181,31
14520017,121,31
14520074,180,31
14520138,116,31
14521469,7540,154
14526536,90,8
14528527,56,30
14529092,767,47
14529362,9495,8
14529977,380,61
14530433,84,20
14530645,7862,51
14530646,36,20
14530717,53,20
14530876,35,20
14530930,35,20
14531000,34,20
14531071,35,20
14531192,35,20
14531262,35,20
14531334,35,20
14531404,34,20
14531553,76,31
14531692,696,31
14531796,5218,100
14531802,291,8
14531829,279,12
14531955,123,88
14531994,3920,22
14532293,2721,13
14532374,144,8
14532397,70,12
14532424,36,12
14532471,187,31
14532500,67,12
14532613,77,12
14532656,36,12
14532670,4682,149
14532698,101,88
14532723,1077,12
14532772,881,12
14532957,1420,66
14532968,173,8
14533284,170,8
14533670,775,24
14533800,222,8
14533862,33,12
14533911,551,12
14534500,212,8
14534519,29,12
14534533,2124,148
14534549,232,12
14534633,58,43
14534732,80,8
14534836,85,8
14534938,74,8
14534942,412,31
14534951,310,66
14534966,19,12
14535039,2265,13
14535051,256,3
14535105,435,123
14535198,12826,5
14535426,60,31
14535581,201,66
14535592,157,31
14535635,128,8
14535718,89,88
14535782,28,31
14535902,10,60
14535904,124,31
14535949,15,60
14536166,21,60
14536251,61,31
14536340,18,60
14536449,17,60
14536467,236,66
14536543,18,60
14536561,156,31
14536665,92,8
14536683,1645,148
14536715,177,66
14537134,86,66
14537413,51,8
14537753,141,8
14538118,57,8
14538310,55,8
14538317,327,61
14538425,77,10
14538443,11056,58
14538530,141,8
14538833,68,8
14538936,1117,148
14538981,8698,28
14539082,53,8
14539200,19,10
14539358,15014,13
14539458,2409,80
14539546,143,8
14539700,101,61
14539804,175,84
14539825,53,8
14539831,488,61
14539854,2150,47
14539961,3930,28
14540041,81,8
14540175,9169,154
14540211,16,10
14540453,31,40
14540554,3604,100
14541102,76,43
14541187,821,43
14541238,53,8
14541257,200,153
14541493,50,8
14541689,54,8
14541715,3967,22
14541886,138,8
14542233,8995,51
14542356,88,8
14542450,145,8
14542767,166,8
14543066,1164,148
14543217,86,8
14543599,149,8
14543883,18,25
14543910,135,8
14544055,437,66
14544164,13,25
14544212,95,8
14544217,32,12
14544296,15,12
14544315,181,12
14544447,51,8
14544563,99,100
14544574,70,153
14544602,150,12
14544667,52,8
14544674,56,30
14544694,13781,75
14544841,170,12
14544877,50,8
14544979,1932,100
14545073,75,8
14545132,14,12
14545189,12,12
14545263,12,12
14545270,68,8
14545280,193,12
14545287,180,25
14545296,203,66
14545492,1348,148
14545605,97,8
14545712,777,61
14545852,91,8
14545961,15,12
14545981,748,12
14546060,104,8
14546425,84,8
14546517,110,153
14546691,87,8
14546768,1498,105
14546781,14,12
14546800,190,12
14546888,270,66
14547022,131,12
14547243,3547,148
14547283,17,12
14547303,119,12
14547367,2105,61
14547526,88,8
14547548,133,153
14547556,11,12
14547570,779,12
14547937,24636,36
14547980,143,8
14548031,141,66
14548375,985,12
14548383,62,8
14548581,68,8
14548609,32,105
14548630,9821,149
14548803,59,8
14548984,178,105
14549068,61,8
14549260,75,8
14549437,395,12
14549480,51,8
14549653,52,8
14549826,53,8
14549850,54,12
14549884,4693,58
14549917,252,12
14549922,282,61
14549995,24,61
14549996,39,105
14550006,88,8
14550102,16,105
14550177,3792,12
14550202,53,8
14550251,5775,47
14550365,85,8
14550572,92,8
14550579,2388,80
14550826,86,8
14550856,1424,3
14551037,88,8
14551249,52,8
14551272,140,66
14551444,87,8
14551789,422,22
14551859,51,8
14552182,76,8
14552511,66,8
14552736,19,105
14552804,934,3
14552832,15,105
14553069,123,8
14553309,46,8
14553318,88,8
14553440,58,8
14553613,98,8
14553861,52,8
14554241,83,8
14554450,2527,21
14554467,3655,13
14554478,220,8
14554484,257,30
14555318,154,8
14555329,11746,154
14555588,70,8
14555673,39,105
14555732,17,47
14555777,108,47
14555786,5803,58
14555891,6087,51
14555976,82,8
14556000,24,105
14556018,126,47
14556108,12,105
14556165,24892,47
14556415,22,105
14556545,3256,47
14556758,7059,96
14556904,32,105
14557067,33,105
14557239,23,105
14557368,34,105
14559232,21827,75
14563499,6340,21
14563630,141,21
14564169,210,21
14564693,668,100
14565204,15859,13
14565827,38,100
14566078,574,100
14566717,848,100
14566983,295,21
14567854,340,70
14568927,364,100
14569122,143,70
14569365,3332,70
14569473,11642,100
14569947,11113,21
14570968,16856,5
14590867,29,60
14591090,15,60
14591274,14,60
14591324,16,60
14591892,17,60
14592544,14,60
14595262,14,60
14595935,13,60
14595953,9,60
14595968,12,60
14596056,9,60
14596435,12,60
14596453,9,60
14596468,10,60
14596552,9,60
14596569,9,60
14596584,14,60
14596601,14,60
14598862,10723,61
14601165,59,31
14601224,61,31
14601349,56,31
14601349,57,31
14601708,56,31
14601708,57,31
14601789,181,31
14601789,181,31
14601847,65,31
14601910,60,31
14601967,123,31
14601969,244,31
14601970,243,31
14602087,66,31
14602148,65,31
14602207,62,31
14602212,177,31
14602213,176,31
14602267,68,31
14602330,58,31
14602388,120,31
14602388,182,31
14602449,58,31
14602507,62,31
14602569,60,31
14602628,59,31
14602750,184,31
14602750,184,31
14602930,127,31
14602930,181,31
14602933,123,31
14602933,177,31
14603053,335,31
14603056,175,31
14603110,278,31
14603110,2764,31
14603230,2643,31
14603287,106,31
14603287,107,31
14605633,9583,110
14606004,318,31
14606004,373,31
14606059,139,31
14606065,372,31
14606196,181,31
14606321,303,31
14606376,186,31
14606376,302,31
14606437,362,31
14606556,121,31
14606624,357,31
14606676,194,31
14606677,304,31
14606799,359,31
14606865,175,31
14606980,267,31
14606980,326,31
14607037,120,31
14607157,208,31
14607157,339,31
14607222,38,25
14607247,349,31
14607306,351,31
14607364,131,31
14607495,162,31
14607495,401,31
14607596,363,31
14607656,180,31
14607657,417,31
14607772,400,154
14607834,124,31
14607896,363,31
14607957,180,31
14607958,301,31
14608074,315,31
14608132,151,31
14608258,34,31
14608259,314,31
14608278,170,31
14608291,367,31
14608389,319,31
14608448,189,31
14608573,305,31
14608636,199,31
14608708,292,31
14608708,292,31
14608745,4004,154
14608827,172,31
14608877,326,31
14608999,145,31
14608999,325,31
14608999,376,31
14609143,155,31
14609202,362,31
14609296,211,22
14609298,186,31
14609324,364,31
14609375,426,31
14609403,2670,148
14609482,216,31
14609564,431,31
14609688,423,31
14609696,136,30
14609698,220,31
14609801,478,31
14609889,226,30
14609904,206,31
14609995,349,31
14610108,235,31
14610110,421,31
14610279,434,31
14610331,859,21
14610335,195,31
14610343,429,31
14610530,182,31
14610530,344,31
14610710,137,31
14610712,332,31
14610772,353,31
14610848,42,105
14610850,193,31
14610874,402,31
14611041,234,31
14611043,428,31
14611125,346,31
14611126,57,105
14611171,10613,36
14611261,341,94
14611275,238,31
14611275,326,31
14611393,77,105
14611470,322,31
14611470,446,31
14611507,1520,22
14611513,225,31
14611581,10369,13
14611583,208,94
14611601,265,31
14611738,178,31
14611791,124,31
14611912,203,31
14611912,949,94
14611915,162,31
14612077,216,31
14612097,272,30
14612104,265,31
14612171,216,105
14612291,1783,148
14612318,230,31
14612366,317,31
14612526,376,105
14612548,254,31
14612681,177,31
14612753,50,75
14612778,119,30
14612802,233,31
14612855,317,31
14612859,332,75
14612861,9110,94
14613034,186,31
14613054,8738,11
14613172,151,31
14613220,757,31
14613323,8724,31
14613677,8137,75
14614053,3790,154
14614340,412,148
14615048,7055,148
14615257,6846,8
14615298,6804,8
14615738,14,12
14618084,3817,58
14618533,3336,20
14618874,3023,154
14620193,7027,58
14620317,31,75
14621304,104,153
14622046,230,148
14622080,24,153
14622086,1412,75
14622112,24,149
14622155,1355,75
14622168,20,149
14622199,32,149
14622498,4233,148
14622607,458,30
14622901,2216,22
14623032,171,149
14623112,510,84
14623186,27,8
14623278,793,9
14623312,2318,100
14623446,210,149
14623472,5451,154
14623520,6014,75
14623530,613,75
14623832,6906,30
14623850,1379,13
14624266,13738,36
14624327,59,8
14624697,54,8
14624960,28,8
14625199,28,8
14625270,491,13
14625343,26,8
14625393,1037,100
14625430,5967,22
14625613,25,8
14625835,256,43
14625867,23,8
14626057,22,8
14626077,9521,28
14626243,33,8
14626249,62,95
14626465,146,95
14626477,37,8
14626509,942,24
14626719,19269,149
14626741,33,8
14626913,12,149
14626966,30,8
14626989,32,149
14627013,202,95
14627094,32,8
14627101,107,149
14627160,39,8
14627229,23,8
14627328,33,8
14627394,25,8
14627474,29,8
14627489,142,9
14627505,310,10
14627535,32,8
14627636,470,95
14627788,3689,8
14627964,68,9
14628009,167,10
14628098,928,100
14628159,41,8
14628289,113,95
14628301,40,8
14628307,433,11
14628776,249,95
14628786,45,8
14628801,794,30
14628814,244,20
14628877,31,8
14628957,13618,58
14629041,37,8
14629098,422,20
14629288,18848,51
14629375,50,8
14629459,269,95
14629533,345,20
14629639,36,8
14629726,5536,20
14629768,2960,5
14630004,34,8
14630172,417,30
14630195,38,8
14630271,18,10
14630287,32,8
14630417,385,9
14630458,33,8
14630509,34,155
14630704,3637,41
14630715,572,148
14630722,32,8
14630810,1234,100
14630892,44,8
14631123,17138,75
14631200,39,8
14631257,580,30
14631324,304,30
14631414,49,8
14631518,81,105
14631608,36,8
14631829,31,8
14632000,35,8
14632144,80,105
14632407,494,100
14632442,988,10
14632609,71,8
14632704,504,30
14632782,33,8
14632874,25,8
14632996,37,8
14633011,15367,24
14633094,57,94
14633149,36,8
14633258,21,8
14633259,62,94
14633321,112,94
14633336,32,8
14633451,56,8
14633510,60,94
14633570,173,94
14633708,56,8
14633801,116,94
14633904,27,8
14633916,68,94
14633959,195,10
14634056,171,94
14634189,31,8
14634226,73,94
14634298,196,94
14634473,39,8
14634487,98,94
14634595,293,148
14634667,141,94
14634796,43,8
14634806,740,75
14634808,176,94
14634880,383,88
14634982,34,8
14634984,76,94
14635007,13315,157
14635035,21,9
14635060,120,94
14635134,706,100
14635158,564,157
14635178,553,148
14635187,33,8
14635195,13065,9
14635248,59,94
14635305,502,30
14635306,146,94
14635392,46,8
14635414,184,31
14635452,12931,31
14635507,12757,94
14635507,12819,31
14635520,1396,30
14635598,12667,31
14635743,60,8
14635938,57,155
14635997,48,8
14636042,768,148
14636249,61,8
14636296,892,3
14636455,56,8
14636472,24837,5
14636507,11816,22
14636626,5410,154
14636667,63,8
14636852,93,8
14637408,10916,100
14637476,102,94
14637578,155,94
14637645,10678,75
14637731,169,157
14637783,120,94
14637903,180,94
14638082,211,94
14638697,187,3
14638861,25111,22
14640207,2117,28
14640967,55,21
14642343,2048,80
14642631,74,153
14650472,2535,100
14652251,613,137
14654455,1100,100
14654493,77,137
14654524,46,21
14654800,638,137
14655050,3022,21
14655559,250,100
14655807,270,137
14656122,81,100
14656257,9858,137
14656548,1559,100
14656768,9975,9
14658528,31,100
14658831,3412,70
14686139,397,61
14688203,123,31
14694690,25923,22
14697349,472,30
14698518,11854,110
14699707,190,153
14699984,437,75
14700832,4218,154
14705076,16354,75
14706601,54,8
14707663,27,8
14707687,1952,51
14707807,58,8
14707851,28,8
14707959,49,8
14708075,104,148
14708121,15969,63
14708145,51,8
14708221,30,8
14708339,30,40
14709372,5547,58
14709428,52,8
14709714,82,94
14709796,120,94
14709836,14256,31
14709895,14099,94
14709895,14100,31
14709943,14048,105
14710016,49,94
14710016,259,31
14710052,13927,8
14710065,13867,94
14710347,13738,8
14711128,7337,63
14713459,104,41
14715457,97,51
14715482,42,1
14715652,8223,22
14722126,3681,155
14724212,121,75
14724214,112,94
14724248,192,94
14724325,51,94
14724376,63,94
14724439,117,94
14724439,4736,94
14724555,61,94
14724676,126,94
14724820,72,94
14724892,152,94
14724947,17,51
14725043,84,94
14725066,18,75
14725126,120,94
14725246,84,94
14725330,120,94
14725433,116,105
14725623,526,20
14725649,205,20
14726289,5634,28
14726783,13,51
14726814,14,51
14726894,16,51
14726941,10,51
14726949,10,1
14726957,11,51
14727706,2864,5
14727751,5371,58
14727897,25,1
14728048,498,20
14728076,4340,28
14728090,245,94
14728274,53824,47
14728281,3031,95
14728334,165,94
14728361,15,51
14728542,184,94
14728723,118,94
14728885,94,94
14728979,196,94
14729174,193,94
14729198,168,94
14729234,2457,13
14729366,643,94
14729366,52734,94
14730009,475,94
14730483,4355,94
14731780,109,13
14731860,94,13
14733155,13,51
14733652,11,51
14733669,7,51
14733681,8,51
14733694,13,51
14734920,165,94
14735084,130,94
14735235,266,94
14735406,587,47
14735499,210,94
14735708,155,94
14735863,306,94
14736169,152,94
14736320,154,94
14736474,151,94
14736624,156,94
14736780,195,94
14736974,153,94
14737187,204,94
14737391,210,94
14737662,93,94
14737754,83,94
14741469,7478,47
14742135,23285,154
14744408,45,100
14745362,449,100
14745531,11,1
14746776,352,100
14747693,30,100
14747751,33,100
14748020,13,9
14748053,463,9
14749338,34,100
14749436,26,100
14749640,10,100
14749706,911,9
14749851,41,100
14749908,648,100
14751204,284,100
14751467,128,9
14752450,393,100
14753895,416,9
14753945,623,100
14753964,809,100
14765661,31,147
14774596,402,9
14775740,529,9
14776533,1679,9
14776872,11,1
14777109,47,1
14779109,11,1
14779182,4466,70
14779887,11831,75
14779923,156,84
14780186,1711,148
14780617,2578,41
14780958,8741,154
14781432,11837,5
14782119,77,105
14782510,430,148
14782516,1553,70
14782758,125,105
14782854,23164,22
14783105,2775,47
14783166,4674,22
14783239,5644,41
14783420,1543,95
14783799,9902,22
14783952,3065,148
14784350,38,94
14784386,64,105
14784388,126,94
14784574,25,94
14784594,47,30
14784598,187,94
14784823,69,30
14784825,71,94
14784896,129,94
14785023,738,9
14785095,64,94
14785159,117,94
14785276,79,94
14785354,120,94
14785507,92,94
14785597,1877,95
14785598,93,94
14785689,1152,10
14785762,42,94
14785803,139,94
14785838,558,11
14786000,61,94
14786060,125,94
14786185,115,94
14786300,122,94
14786421,55,8
14786479,61,94
14786540,118,94
14786719,95,94
14786739,2972,9
14786812,33,94
14786818,92,8
14786901,48,94
14786948,156,94
14787030,84,8
14787102,49,94
14787136,3252,10
14787151,119,94
14787319,65,94
14787348,37,110
14787380,121,8
14787381,116,94
14787567,46,94
14787612,135,94
14787640,111,8
14787759,81,94
14787805,377,148
14787841,126,94
14787894,2247,22
14788026,68,94
14788094,111,94
14788132,909,148
14788240,93,94
14788321,134,8
14788332,126,94
14788517,121,94
14788638,61,94
14788700,135,8
14788774,64,94
14788838,89,94
14788964,79,94
14789043,162,94
14789096,12292,51
14789233,53,8
14789235,134,94
14789410,115,94
14789524,82,8
14789525,85,94
14789671,77,94
14789748,120,94
14789868,70,94
14789912,3761,8
14789927,80,8
14789938,157,94
14789967,12268,9
14790095,99,94
14790193,153,94
14790200,94,8
14790342,45,105
14790361,114,94
14790428,51,8
14790474,95,94
14790568,11430,154
14790579,52,105
14790584,44,47
14790599,106,94
14790644,450,47
14790657,37,47
14790693,7868,47
14790725,144,94
14790773,49,105
14790782,84,8
14790907,89,94
14790920,8,8
14790948,44,8
14790995,60,94
14791097,122,94
14791219,143,94
14791257,51,8
14791422,65,94
14791487,56,94
14791585,184,47
14791588,71,94
14791658,176,94
14791834,88,94
14791922,138,94
14792059,971,149
14792131,79,94
14792210,124,94
14792320,322,95
14792395,76,94
14792452,145,8
14792464,182,94
14792646,132,94
14792777,120,94
14792834,103,105
14792896,165,8
14792942,98,94
14793040,143,94
14793058,587,149
14793182,3937,58
14793251,86726,8
14793542,110,94
14793633,167,94
14793755,268,105
14793830,124,94
14793835,606,22
14793872,7474,41
14793910,2083,8
14793954,133,94
14794014,546,5
14794149,103,94
14794249,178,94
14794495,12513,5
14794691,556,75
14794981,2158,149
14795022,4048,137
14795088,87,105
14795135,2128,149
14795468,62,105
14795990,827,40
14796129,979,10
14796559,99,63
14796613,865,40
14796977,33,105
14796983,679,63
14797168,62,105
14797443,1009,10
14797700,948,22
14797918,150,149
14797932,4688,63
14798189,488,30
14798271,1269,149
14798323,107,22
14798574,584,47
14798878,3165,100
14798904,31,8
14799910,849,40
14800044,109,22
14800123,83,75
14800876,253,40
14801395,6605,51
14802584,700,5
14802946,28,8
14803422,34,100
14803464,34,8
14803637,30,8
14803649,7189,9
14803964,31,8
14804145,8898,22
14804151,10522,61
14804180,30,8
14804250,516,10
14804560,33,8
14805022,28,8
14805466,6626,63
14806561,311,5
14806587,1440,8
14806967,509,30
14807278,27,100
14807370,9029,58
14807894,936,10
14808161,269,100
14808282,3199,8
14809019,42,100
14809096,274,100
14809215,625,47
14809235,3464,22
14809394,6391,51
14809523,84,21
14809617,44,25
14809703,739,10
14809742,74,30
14809841,2453,80
14809997,6771,154
14809999,1156,100
14810021,110,84
14810257,13109,47
14810403,724,59
14811231,5291,100
14811468,254,40
14811975,1987,8
14812191,21,59
14812263,2452,10
14812541,24986,5
14812681,409,5
14812886,1487,22
14813063,473,30
14813744,93,36
14814368,109,5
14815775,1898,80
14815992,13,56
14816086,301,47
14816128,131,30
14816236,6817,51
14816333,11,56
14816557,2098,47
14816600,13,56
14817648,49,100
14820551,469,47
14821219,127,84
14822398,429,47
14822913,442,47
14823192,10533,51
14823246,14,56
14823471,3608,47
14823751,6203,47
14824475,16,56
14836223,253,75
14837249,22820,75
14862568,10427,154
14870926,9898,9
14874626,4398,36
14879946,34,154
14880928,4999,100
14883817,35,60
14883856,29,60
14883890,29,60
14883923,30,60
14883957,29,60
14883994,28,60
14884027,30,60
14884062,31,60
14884096,29,60
14884101,32,60
14884132,30,60
14884166,31,60
14884197,33,60
14884220,44,75
14884261,33,60
14884297,29,60
14884302,33,60
14884334,26,60
14884369,31,60
14884430,30,60
14884465,29,60
14884470,30,60
14884501,32,60
14884533,31,60
14884567,30,60
14884602,32,60
14884638,31,60
14884666,31,60
14884702,30,60
14884730,25,60
14884766,30,60
14884773,587,75
14884825,31,60
14884830,32,60
14884864,31,60
14884898,31,60
14884930,34,60
14884964,29,60
14884995,72,60
14885522,18,75
14885663,280,75
14887037,62,100
14890394,6411,51
14890577,7121,58
14897715,6570,58
14899577,5790,9
14899745,2744,19
14900900,9210,70
14901170,492,100
14901746,103,100
14902147,134,100
14904389,5282,58
14904452,113,100
14905162,150,100
14905260,334,100
14905398,1580,75
14905574,402,75
14906264,20789,5
14907128,458,100
14908488,157,100
14909042,353,95
14909166,24,100
14909366,430,100
14910112,6859,70
14910205,696,95
14910254,116,100
14911151,12,100
14911193,351,95
14911535,392,100
14911547,62,100
14911791,258,95
14912267,13,100
14913606,10776,61
14914215,183,84
14914387,2586,75
14914393,13,100
14914409,14,100
14915037,275,75
14915224,16,100
14915249,10,100
14915740,15,100
14915758,8,100
14916611,284,75
14916970,875,70
14917096,337,75
14917154,11700,75
14917379,639,100
14918022,1116,100
14918278,1296,70
14919584,2489,70
14919961,1741,100
14921436,1300,100
14922078,2517,70
14924382,10536,61
14924621,6785,70
14924961,871,100
14925545,1170,100
14931407,6765,70
14932464,822,107
14933568,60,107
14933673,72,107
14934920,10749,61
14938174,6689,70
14944867,6886,70
14945669,10510,61
14949541,1309,75
14951756,5573,70
14954145,174,84
14954362,142,36
14954735,3511,154
14955041,413,36
14955454,1003,36
14955950,30,1
14956184,10721,61
14956394,12006,75
14956485,24,36
14957074,251,36
14957332,6778,70
14958277,232,36
14958651,368,36
14959721,6002,36
14964111,6859,70
14964487,426,47
14964543,1561,47
14964954,1169,51
14965150,410,100
14966361,146,51
14966448,1956,100
14966551,1405,51
14966906,10551,61
14967836,64,36
14967852,22,36
14967891,332,36
14967913,33,36
14968272,839,51
14968540,12789,5
14968658,11396,36
14969473,7321,51
14969527,1317,36
14970672,947,100
14970977,6802,70
14971343,8760,9
14971440,6555,47
14971702,38,100
14971819,3526,47
14973385,507,36
14973419,633,100
14973924,8134,36
14975935,2796,100
14976543,7702,22
14976807,10742,51
14976819,60,51
14977457,10841,61
14977777,13368,70
14977838,10844,154
14978735,2247,100
14978744,69,100
14979115,188,22
14981495,1752,100
14981745,72,100
14982320,8410,9
14982584,197,9
14982998,15,100
14983016,29,100
14983181,2334,100
14983340,12,56
14983474,2805,40
14983648,13,56
14987557,5182,51
14987582,62,51
14988289,10539,61
14988443,162,100
14991152,10599,70
14992759,3423,51
14996191,13343,51
14996299,790,100
14998546,13,56
14998840,10742,61
14999008,380,100
14999949,464,100
15000304,12,56
15000582,11,56
15000730,9,56
15001432,11,56
15001581,9,56
15001752,6741,70
15001907,11,56
15003058,13,56
15003308,17,56
15004079,13331,9
15004777,377,100
15004784,16,56
15005556,18,56
15005953,21,56
15006091,39,100
15006145,120,100
15006399,636,100
15006584,17,56
15007603,33,100
15007656,179,100
15007762,21,56
15007776,1670,13
15008288,17,56
15008588,16,56
15009327,24,56
15009446,7413,13
15009638,10470,61
15009804,19,56
15010164,12,56
15010659,11,56
15011604,12,75
15011708,151,75
15011929,309,75
15012032,27,56
15012201,11290,75
15012364,12,56
15012815,12,56
15013087,77,56
15013261,12,56
15013401,10,56
15016861,7423,13
15020118,10486,61
15024287,7364,13
15030602,10753,61
15031653,7326,13
15034092,376,84
15035667,7407,36
15037388,37,110
15038575,12009,154
15038987,11527,13
15039560,11089,95
15039813,10838,94
15040870,9850,95
15042108,151,63
15043327,42,30
15043344,37,30
15045074,7662,13
15047081,18465,36
15047197,23,8
15049751,457,105
15050589,18680,51
15051367,215,153
15051428,88,94
15051516,177,94
15051692,178,94
15051869,122,94
15051990,99,94
15052088,92,94
15052199,88,94
15052249,322,8
15052275,24,153
15052286,180,94
15052301,28,8
15052342,36,8
15052393,18681,22
15052465,110,94
15052573,971,100
15052575,156,94
15052641,86,66
15052790,80,94
15052836,29,8
15052869,184,94
15053051,24,8
15053104,80,66
15053107,82,94
15053178,132,94
15053188,183,94
15053309,17766,94
15053401,127,94
15053426,35,8
15053434,33,105
15053441,7908,9
15053528,146,94
15053579,28,105
15053696,24,105
15053698,126,94
15053824,173,94
15053995,25,105
15054007,94,94
15054099,24,8
15054101,205,94
15054304,22,8
15054330,118,94
15054446,23,8
15054448,157,94
15054617,66,66
15054687,96,94
15054783,179,94
15054873,9128,100
15055020,77,94
15055036,15608,139
15055096,34,8
15055097,78,94
15055173,37,8
15055187,105,94
15055238,50,8
15055291,178,94
15055327,48,8
15055396,37,8
15055429,39,105
15055489,15583,8
15055491,15492,94
15055516,8483,47
15055868,3611,155
15056001,80,105
15057430,3517,15
15058052,3870,63
15058144,14899,5
15062423,12093,70
15062476,8300,15
15066159,375,153
15066271,2191,80
15066356,42,60
15067675,33,60
15068837,493,30
15070470,23,12
15070519,10,12
15072096,151,10
15072158,33,60
15072164,28,60
15072198,29,60
15072210,1152,100
15072234,31,60
15072271,32,60
15072310,31,60
15072315,28,60
15072350,25,60
15072367,231,10
15072583,18,60
15072610,37,60
15072650,26,60
15072928,22,12
15072954,638,12
15073014,504,30
15073567,84,66
15073578,32,100
15073907,4021,47
15074185,362,66
15074240,51,105
15074524,13,60
15074553,11,60
15074570,10,60
15074575,140,105
15074587,10,60
15074605,11,60
15074621,10,60
15074637,10,60
15074654,10,60
15074671,10,60
15074688,10,60
15074704,10,60
15074722,10,60
15074739,10,60
15074757,15,60
15074770,2292,80
15074776,10,60
15074789,51,105
15074794,16,60
15074822,13,60
15074851,10,60
15074868,10,60
15074885,10,60
15074902,18,60
15074929,19,60
15074958,19,60
15074985,20,60
15075016,21,60
15075046,20,60
15075072,5290,28
15075081,20,60
15075109,18,60
15075139,19,60
15075169,19,60
15075196,19,60
15075223,19,60
15075250,18,60
15075277,19,60
15075305,23,60
15075332,18,60
15075360,19,60
15075387,18,60
15075414,19,60
15075442,19,60
15075470,11,60
15075488,10,60
15075504,10,60
15075522,10,60
15075539,10,60
15075556,11,60
15075573,10,60
15075590,13,60
15075607,11,60
15075623,12,60
15075642,11,60
15075659,12,60
15075677,10,60
15075696,10,60
15075713,12,60
15075729,446,10
15075734,19,60
15075744,15,100
15075764,16,60
15075793,15,60
15075821,15,60
15075850,14,60
15075878,24,60
15075886,51,100
15075916,22,60
15075944,19,60
15075949,113,66
15075969,3944,100
15075976,34,60
15076014,30,60
15076051,30,60
15076088,29,60
15076126,29,60
15076164,29,60
15076202,24,60
15076208,110,66
15076230,19,60
15076256,20,60
15076283,19,60
15076310,19,60
15076337,19,60
15076365,19,60
15076392,19,60
15076419,19,60
15076447,19,60
15076474,19,60
15076502,10,60
15076519,10,60
15076535,10,60
15076553,10,60
15076569,11,60
15076587,10,60
15076604,15,60
15076621,12,60
15076638,11,60
15076655,13,60
15076675,14,60
15076694,10,60
15076711,9,60
15076727,11,60
15076744,10,60
15076760,11,60
15076777,11,60
15076793,10,60
15076809,11,60
15076826,11,60
15076842,19,60
15076869,19,60
15076896,19,60
15076924,19,60
15076950,19,60
15076979,20,60
15077007,19,60
15077034,19,60
15077062,35,60
15077075,3426,51
15077796,3886,80
15078058,7998,47
15078674,23213,139
15078813,16,60
15078841,11,60
15078858,10,60
15078874,11,60
15078891,10,60
15078907,10,60
15078923,14,60
15078951,10,60
15078968,11,60
15078984,11,60
15079002,10,60
15079018,10,60
15079035,10,60
15079053,11,60
15079070,10,60
15079086,10,60
15079103,10,60
15079119,10,60
15079136,10,60
15079152,10,60
15079169,21,60
15079195,20,60
15079222,19,60
15079250,19,60
15079277,19,60
15079304,19,60
15079331,19,60
15079358,19,60
15079386,20,60
15079412,21,60
15079439,19,60
15079466,19,60
15079493,19,60
15079521,20,60
15079550,20,60
15079578,19,60
15079605,20,60
15079632,20,60
15079658,20,60
15079685,19,60
15079713,10,60
15079729,10,60
15079745,15,60
15079764,16,60
15079786,15,60
15079806,15,60
15079826,87,60
15079919,11,60
15079936,10,60
15079953,10,60
15079969,10,60
15079987,10,60
15080004,10,60
15080020,10,60
15080037,11,60
15080053,11,60
15080070,11,60
15080086,10,60
15080102,10,60
15080120,10,60
15080137,19,60
15080164,20,60
15080191,19,60
15080218,19,60
15080245,19,60
15080272,19,60
15080299,20,60
15080326,20,60
15080354,19,60
15080380,20,60
15080406,19,60
15080433,19,60
15080460,19,60
15080486,23,60
15080512,145,51
15082564,980,80
15084983,4130,100
15085071,11141,154
15089916,46,100
15089966,23,100
15090474,15458,5
15090570,179,100
15091324,14,60
15091351,10,60
15091369,10,60
15091384,10,60
15091400,12,60
15091416,11,60
15091432,10,60
15091448,12,60
15091464,11,60
15091480,10,60
15091496,11,60
15091511,10,60
15091527,11,60
15091544,10,60
15091559,11,60
15091575,11,60
15091591,10,60
15091607,11,60
15091623,10,60
15091639,11,60
15092333,2403,9
15093326,15,60
15093354,10,60
15093372,10,60
15093389,13,60
15093406,11,60
15093426,10,60
15094064,24,60
15095027,6094,9
15095618,528,96
15096293,31,96
15096448,283,96
15096752,10506,61
15096850,182,96
15097089,76,96
15097538,117,96
15097679,619,17
15097903,166,96
15098313,5733,17
15098347,851,96
15099365,870,96
15100587,688,96
15100729,5860,70
15101672,1333,96
15103350,1331,96
15104854,1348,96
15104860,4102,17
15107260,10705,61
15108288,7422,70
15117965,10494,61
15118058,20,60
15118084,19,60
15118112,23,60
15118138,21,60
15118168,20,60
15118196,20,60
15118224,19,60
15118251,20,60
15118277,20,60
15118304,20,60
15118330,19,60
15118358,20,60
15118385,20,60
15118412,20,60
15118439,19,60
15118465,20,60
15118491,20,60
15118517,19,60
15118543,20,60
15118569,16,60
15118597,11,60
15118613,11,60
15118628,11,60
15118644,11,60
15118659,10,60
15118675,11,60
15118691,11,60
15118706,10,60
15118722,11,60
15118738,11,60
15118754,11,60
15118769,10,60
15118785,11,60
15118801,12,60
15118817,10,60
15118832,11,60
15118848,11,60
15118864,11,60
15118879,11,60
15123290,103,84
15128007,461,5
15128157,6908,154
15128257,495,30
15128361,16,12
15131387,8409,70
15132167,3945,36
15134890,12728,13
15134909,16212,139
15135328,122,30
15137156,82,105
15138121,205,153
15138217,26,56
15139090,22,56
15140631,125,22
15142742,7181,51
15144633,759,80
15151267,4894,75
15154441,1001,58
15158675,378,22
15159157,91,88
15159301,398,80
15159317,3313,58
15159580,24648,5
15159608,138,22
15159775,231,66
15159962,395,22
15159995,214,153
15160108,4233,47
15160162,80,88
15160618,2122,22
15161227,435,80
15161483,95,66
15161593,1591,21
15161967,690,80
15161980,85,21
15162971,4347,80
15163624,1288,26
15164033,8536,17
15164394,2871,47
15164488,8201,22
15164693,241,26
15165072,433,26
15165351,431,26
15165451,3580,51
15167765,6340,80
15170445,6314,15
15171118,10357,13
15172811,15318,15
15175027,72,56
15175572,11,56
15175945,12,56
15176035,8,56
15176093,9,56
15176370,8,56
15176567,8,56
15176665,8,56
15177020,12762,139
15177193,10733,61
15178237,12,56
15178250,61,56
15178414,18,56
15184468,283,96
15185313,283,96
15186201,4079,17
15186517,292,96
15187193,288,96
15187930,10531,61
15198462,10758,61
15207204,97,84
15209221,12797,61
15211145,4,110
15213711,8143,41
15214794,13077,5
15215389,11778,139
15216273,16275,154
15216339,9393,22
15216498,10304,70
15216509,42,75
15217300,353,75
15217592,194,75
15217776,67,26
15217808,5906,26
15217953,16506,51
15217990,77,43
15218053,27,84
15218061,44,137
15218089,156,84
15218518,48,137
15218806,22,137
15218896,102,137
15218951,1523,75
15219025,2205,137
15219427,3980,47
15219638,305,30
15219675,6526,11
15220189,647,30
15220532,5968,8
15220743,1486,105
15220815,54,94
15220869,127,94
15220880,28,56
15220995,20,56
15221042,82,94
15221076,742,58
15221123,93,94
15221296,36,94
15221332,58,94
15221423,251,30
15221425,74,94
15221499,126,94
15221579,2605,100
15221683,60,94
15221743,77,94
15221835,177,58
15221856,74,94
15221930,66,94
15222007,71,43
15222013,3183,95
15222080,29,94
15222109,111,94
15222231,54,94
15222285,77,94
15222320,48,56
15222360,3343,22
15222422,44,94
15222464,408,66
15222466,142,94
15222476,9013,75
15222619,753,75
15222622,109,94
15222651,210,105
15222730,123,94
15222926,72,94
15222986,99,21
15223015,487,30
15223975,49,94
15224023,162,94
15224233,121,94
15224354,101,94
15224382,6046,55
15224518,142,94
15224696,150,94
15224731,124,88
15224845,58,94
15224909,1418,46
15224954,138,94
15224972,679,153
15225091,197,94
15225221,437,105
15225314,85,94
15225386,571,100
15225399,45,94
15225436,74,95
15225521,66,94
15225544,401,95
15225587,200,94
15225849,100,94
15225948,283,94
15226128,44,105
15226188,37,105
15226310,76,94
15226386,49,94
15226491,92,94
15226522,137,105
15226544,116,88
15226582,142,94
15226598,275,66
15226724,140,94
15226864,175,94
15227044,5523,47
15227069,9164,137
15227072,104,94
15227196,147,94
15227385,104,94
15227416,11661,9
15227489,156,94
15227703,98,94
15227709,140,66
15227801,79,94
15227919,97,94
15228014,313,10
15228016,73,94
15228062,1383,6
15228129,96,94
15228159,33,8
15228233,142,94
15228336,7069,58
15228394,31,8
15228427,120,94
15228547,100,94
15228722,301,94
15229009,161,94
15229176,94,8
15229242,170,94
15229366,121,94
15229418,115,8
15229463,1696,100
15229552,249,94
15229591,292,46
15229670,107,8
15229797,327,94
15230013,1467,46
15230045,106,8
15230215,177,94
15230349,90,8
15230350,134,94
15230534,155,94
15230686,86,94
15230805,128,94
15230974,155,8
15230977,122,94
15231113,146,94
15231250,88,94
15231286,166,8
15231382,108,94
15231490,150,94
15231563,13775,75
15231700,127,94
15231714,49,8
15231826,62,94
15231927,1478,22
15231936,51,8
15231958,1447,46
15231959,154,94
15232112,112,94
15232193,54,8
15232225,246,153
15232277,163,94
15232439,110,94
15232513,66,8
15232648,124,94
15232771,63,94
15232892,156,94
15233048,84,94
15233190,175,94
15233191,25,100
15233221,29,100
15233365,43,94
15233414,35,8
15233428,2261,22
15233452,122,94
15233493,7130,100
15233574,72,94
15233590,14706,8
15233648,2978,149
15233654,8585,154
15233694,122,94
15233816,64,94
15233932,295,94
15234227,101,94
15234328,134,94
15234367,341,94
15234416,119,15
15234461,119,94
15234641,129,94
15234770,63,94
15234855,14098,15
15234857,124,94
15234981,165,94
15235047,27,56
15235233,122,94
15235355,112,94
15235525,99,94
15235552,78,149
15235623,75,94
15235749,178,94
15235926,6120,94
15235991,29,56
15236231,4645,28
15236268,191,66
15236290,5798,28
15236327,1200,149
15236490,1065,66
15237475,15411,139
15237659,6143,22
15237832,4271,55
15238066,3651,26
15238112,47,12
15238327,32,56
15239114,412,105
15239779,26,56
15240523,101,153
15240568,129,105
15241006,253,105
15241475,2327,22
15241592,5225,10
15241638,9748,47
15241679,241,56
15241726,1190,105
15241795,116,153
15242124,812,94
15242334,709,12
15242635,16,56
15242742,29,56
15242761,107,153
15242818,164,56
15242935,99,94
15243059,679,12
15243130,260,56
15243134,1503,94
15243148,89,105
15243258,134,15
15243403,681,105
15243714,135,56
15243765,364,5
15243842,569,12
15244098,1753,15
15244122,4519,15
15244427,66,105
15244508,191,105
15244518,182,153
15244635,68,94
15244654,526,149
15244676,4633,70
15244781,904,105
15244942,1143,94
15245211,12,56
15245370,37,75
15245459,63,56
15245494,78,153
15245530,497,75
15245626,164,94
15245661,20091,75
15245812,25,94
15245874,345,15
15245916,112,56
15246085,2372,94
15246100,100,105
15246131,72,94
15246203,116,94
15246288,105,153
15246318,101,94
15246350,9852,51
15246419,31,94
15246481,107,56
15246482,167,94
15246648,60,94
15246708,112,94
15246819,96,94
15246842,98,105
15246914,107,94
15246922,37,56
15247020,34,94
15247052,117,56
15247234,37,94
15247270,495,105
15247271,71,94
15247341,90,94
15247419,161,56
15247430,54,94
15247484,155,94
15247636,158,56
15247638,127,94
15247638,128,94
15247765,66,94
15247765,127,94
15247813,209,105
15247819,310,66
15247831,112,94
15247891,51,94
15247940,111,153
15247953,103,94
15247953,162,94
15248055,137,94
15248115,76,94
15248191,265,94
15248191,265,94
15248455,61,94
15248455,62,94
15248456,60,94
15248516,178,94
15248693,114,94
15248806,61,94
15248930,99,94
15248956,108,153
15249029,159,94
15249187,121,94
15249308,120,94
15249488,61,94
15249667,121,94
15249787,105,94
15249819,88,153
15249909,118,94
15250027,120,94
15250209,136,94
15250346,710,153
15250374,131,94
15250504,122,94
15250674,134,94
15250869,176,94
15251136,61,94
15251197,119,94
15251377,68,94
15251445,55,94
15251500,118,94
15251618,120,94
15251800,100,94
15251919,59,94
15251978,181,94
15252159,120,94
15252279,121,94
15252400,58,94
15252458,120,94
15252639,63,94
15252702,56,94
15252758,121,94
15252879,113,94
15252991,119,94
15253109,25,94
15253164,89,94
15253253,59,94
15253373,62,94
15253434,118,94
15253614,119,94
15253733,119,94
15253882,122,94
15253928,5189,17
15254003,178,94
15254181,121,94
15254302,64,94
15254364,117,94
15254481,180,94
15254721,120,94
15254841,168,94
15255008,137,94
15255010,4403,70
15255145,182,94
15255326,103,94
15255429,200,94
15255629,95,94
15255682,39,100
15255708,22664,139
15255725,30,100
15255728,180,94
15255773,155,100
15255990,63,94
15256053,57,94
15256176,96,94
15256211,11909,51
15256272,59,94
15256392,59,94
15256451,216,94
15256593,368,100
15256667,123,94
15256788,177,94
15257029,50,94
15257076,116,100
15257078,73,94
15257198,89,94
15257287,194,94
15257296,38,100
15257351,138,100
15257480,134,94
15257613,182,94
15257795,117,94
15257912,182,94
15258121,121,94
15258241,194,94
15258335,37,100
15258377,35,100
15258448,146,100
15258806,7038,17
15259235,1555,13
15259289,6645,100
15259417,5586,70
15259435,4242,15
15261379,22354,15
15266083,21868,15
15269166,10478,17
15277246,156,96
15277862,166,96
15279117,165,96
15280061,150,96
15280839,146,96
15288018,8783,154
15292948,155,84
15295532,59,94
15295591,180,94
15295832,60,94
15295891,122,94
15296072,60,94
15296131,121,94
15296313,59,94
15296371,125,94
15296515,129,94
15296644,117,94
15296761,183,94
15296944,117,94
15297060,146,94
15297206,119,94
15297385,60,94
15297445,181,94
15297652,147,94
15297725,7813,9
15297799,153,94
15297950,5158,70
15298012,59,94
15298071,167,94
15298244,56,43
15298256,107,94
15298363,182,94
15298603,93,94
15298690,4058,15
15298695,162,94
15298783,639,43
15298915,61,94
15298976,183,94
15299159,117,94
15299275,150,94
15299479,120,94
15299599,120,94
15299781,77,94
15299857,194,94
15300050,108,94
15300158,203,94
15300158,646,50
15300158,646,50
15300361,103,94
15300464,160,94
15300683,120,94
15300803,61,94
15300864,122,94
15300985,145,94
15301048,21,50
15301048,81,50
15301048,382,50
15301048,382,50
15301189,62,94
15301250,179,94
15301490,60,50
15301490,61,94
15301490,367,50
15301491,59,50
15301491,366,50
15301549,182,94
15301730,126,94
15301856,56,94
15301911,62,50
15301911,112,94
15301911,304,50
15301912,61,50
15301912,302,50
15302021,742,22
15302022,192,94
15302214,63,94
15302276,58,50
15302276,59,50
15302276,333,50
15302277,331,50
15302334,119,94
15302501,107,94
15302608,58,94
15302665,60,50
15302665,101,94
15302665,5743,50
15302666,59,50
15302666,5863,50
15302766,159,94
15302920,5658,10
15302996,679,94
15303485,1728,22
15303567,6957,15
15304775,1691,153
15305070,87,8
15305594,5169,70
15305783,468,15
15307207,11688,154
15307246,117,56
15308864,492,8
15309225,105,15
15309422,4405,15
15309503,26,15
15309511,22,8
15309553,22,8
15309564,42,96
15309589,3442,11
15309653,5968,58
15309665,4289,15
15309826,30,8
15309908,51,105
15309919,13671,28
15310013,76,8
15310049,181,66
15310050,244,50
15310051,45,50
15310052,43,50
15310052,242,50
15310142,13228,26
15310303,85,96
15310348,180,50
15310349,26,50
15310349,26,50
15310349,177,50
15310378,44,8
15310411,1180,66
15310587,377,50
15310588,375,50
15310975,156,155
15310977,55,50
15310987,45,50
15310987,405,50
15310988,404,50
15311029,59,8
15311058,1527,105
15311091,121,94
15311212,119,94
15311244,22,8
15311391,61,94
15311451,33,50
15311451,34,50
15311451,145,94
15311451,304,50
15311451,304,50
15311483,1305,10
15311604,26,8
15311623,131,94
15311753,122,94
15311874,56,50
15311922,11662,8
15311927,55,94
15311929,303,50
15311929,304,50
15311982,70,94
15312085,146,94
15312128,227,66
15312231,64,50
15312237,58,50
15312237,231,50
15312294,79,94
15312295,173,50
15312370,499,22
15312372,149,94
15312520,220,50
15312520,221,50
15312576,82,94
15312656,806,153
15312658,82,94
15312664,673,22
15312708,4420,66
15312780,42,50
15312780,167,94
15312780,236,50
15312801,20,50
15312801,214,50
15312947,167,94
15312962,18519,51
15313009,317,8
15313010,20,51
15313034,61,50
15313034,273,50
15313086,28,50
15313094,213,50
15313097,426,100
15313128,551,105
15313141,135,94
15313274,291,153
15313276,166,94
15313341,182,50
15313345,37,50
15313347,94,50
15313347,175,50
15313464,103,94
15313565,61,50
15313565,145,94
15313565,251,50
15313567,59,50
15313580,235,50
15313623,215,135
15313724,323,22
15313732,128,94
15313756,63,100
15313822,27,50
15313822,203,50
15313831,29,50
15313831,193,50
15313846,635,100
15313859,194,94
15313925,100,135
15314050,41,135
15314052,42,50
15314052,42,50
15314052,200,50
15314052,201,50
15314093,103,94
15314129,181,88
15314195,194,94
15314287,27,50
15314314,138,50
15314314,138,50
15314477,223,50
15314478,68,50
15314478,68,50
15314485,214,50
15314545,88,94
15314550,10127,22
15314632,67,94
15314760,118,50
15314760,119,50
15314760,119,94
15314878,121,94
15314938,61,50
15314938,61,50
15314938,187,50
15314938,188,50
15315010,1749,105
15315022,102,94
15315124,240,94
15315139,2191,100
15315141,28,50
15315141,29,50
15315141,184,50
15315145,180,50
15315160,16680,9
15315364,63,50
15315364,64,50
15315364,180,50
15315364,180,50
15315426,58,94
15315484,205,94
15315604,173,50
15315604,174,50
15315777,121,94
15315784,3499,149
15315799,60,50
15315799,60,50
15315799,160,50
15315859,100,50
15315898,182,94
15316018,181,50
15316018,182,50
15316098,119,94
15316197,14,96
15316216,223,94
15316240,28,50
15316255,23,50
15316255,183,50
15316255,183,50
15316265,5708,70
15316356,26665,28
15316449,45,50
15316493,86,94
15316493,218,50
15316493,219,50
15316554,21,96
15316578,242,94
15316761,58,50
15316761,59,50
15316761,402,50
15316761,402,50
15316818,147,94
15316964,198,94
15317104,51,105
15317198,122,96
15317200,132,94
15317326,233,50
15317326,540,50
15317327,153,94
15317338,1329,149
15317361,56,149
15317420,22,135
15317453,126,105
15317473,114,50
15317473,392,50
15317527,86,94
15317612,192,94
15317651,238,66
15317864,54,50
15317864,78,94
15317868,21,96
15317872,46,50
15317872,432,50
15317883,420,50
15317885,11,1
15317940,2614,22
15317941,221,94
15318007,102,105
15318074,175,66
15318186,4301,15
15318187,115,94
15318194,606,105
15318207,61,15
15318300,172,1
15318302,53,94
15318313,36,96
15318339,84,50
15318339,85,50
15318339,317,50
15318354,302,50
15318423,80,94
15318496,8954,70
15318503,237,94
15318739,107,94
15318739,625,50
15318739,626,50
15318842,129,66
15318846,202,94
15319040,133,94
15319167,179,94
15319186,354,66
15319345,220,94
15319421,34,50
15319451,4282,1
15319454,224,50
15319454,224,50
15319520,43,105
15319539,22,96
15319564,7956,94
15319591,5569,21
15319793,203,66
15319854,25,96
15320090,128,66
15320338,59,50
15320338,60,50
15320338,345,50
15320338,346,50
15320404,2361,153
15320456,11170,15
15320569,1943,1
15320644,11678,139
15320702,387,10
15321084,46,105
15321143,3992,66
15321214,33,50
15321214,33,50
15321214,327,50
15321214,328,50
15321216,26,105
15321309,27,94
15321336,115,94
15321379,159,105
15321449,8138,22
15321463,245,94
15321553,967,100
15321697,9332,8
15321708,50,94
15321753,94,105
15321758,216,94
15321974,121,94
15322095,61,50
15322155,360,50
15322156,370,50
15322207,122,94
15322329,145,94
15322366,973,105
15322492,218,94
15322574,1269,10
15322710,58,94
15322804,259,94
15322835,98,105
15323063,31,94
15323092,112,105
15323094,113,94
15323206,73,50
15323207,118,94
15323215,461,50
15323278,398,50
15323304,12648,5
15323322,102,105
15323325,227,94
15323420,973,30
15323552,123,94
15323577,1373,100
15323675,286,94
15323736,220,105
15323841,152,88
15323869,58,15
15323960,184,94
15324040,61,15
15324142,8673,1
15324154,155,94
15324308,44,50
15324308,44,50
15324308,137,94
15324308,370,50
15324329,349,50
15324445,232,94
15324458,174,88
15324582,609,30
15324734,81,94
15324814,320,94
15325134,65,94
15325198,49,50
15325198,50,50
15325199,64,94
15325204,245,50
15325245,204,50
15325260,211,21
15325263,185,94
15325448,298,94
15325518,9147,26
15325544,309,21
15325571,2321,10
15325578,7782,22
15325672,1302,30
15325746,58,94
15325788,57,50
15325788,259,50
15325803,244,50
15325845,264,94
15325856,127,21
15326108,58,94
15326166,121,94
15326287,62,94
15326349,240,94
15326587,61,50
15326587,62,50
15326587,230,50
15326587,231,50
15326589,120,94
15326709,267,94
15326976,64,94
15327040,115,94
15327155,123,94
15327278,261,94
15327281,1095,30
15327309,3920,75
15327366,218,21
15327373,66,50
15327409,29,50
15327409,545,50
15327438,515,50
15327447,7049,70
15327538,124,94
15327584,10044,75
15327662,216,94
15327785,44,94
15327824,1514,139
15327829,49,94
15327878,75,94
15327894,31,94
15327953,60,94
15328013,70,94
15328013,70,94
15328013,71,94
15328082,54,94
15328082,194,94
15328082,254,94
15328156,60,50
15328156,60,94
15328156,925,50
15328215,866,50
15328216,60,94
15328275,61,94
15328275,7656,15
15328335,47,94
15328335,106,94
15328336,246,94
15328450,4906,149
15328454,24,94
15328454,128,94
15328476,105,94
15328579,38,94
15328580,37,94
15328581,48,94
15328586,30,94
15328614,98,94
15328629,82,94
15328655,56,94
15328677,1059,6
15328710,94,94
15328711,134,94
15328716,22,94
15328734,707,10
15328781,686,61
15328804,41,94
15328804,131,94
15328844,29,94
15328873,207,94
15328914,123,66
15328935,92,94
15328977,461,139
15329026,64,94
15329080,24,94
15329080,117,94
15329103,737,94
15329197,72,50
15329197,224,94
15329268,37,50
15329268,743,50
15329268,744,50
15329421,100,94
15329462,58,94
15329520,71,94
15329590,66,94
15329591,161,94
15329592,3652,139
15329656,36,94
15329691,60,94
15329751,296,94
15329815,25,94
15329839,52,94
15329840,51,94
15329890,31,94
15329891,1118,94
15329902,1720,21
15330011,35,94
15330028,1457,30
15330046,38,94
15330046,101,94
15330059,24,94
15330083,49,94
15330131,54,94
15330183,1788,22
15330185,289,94
15330209,7794,22
15330210,36,94
15330226,20,94
15330246,55,94
15330285,222,43
15330301,80,94
15330474,51,94
15330504,20,94
15330504,180,50
15330524,65,94
15330589,95,50
15330589,1137,50
15330589,1138,50
15330630,54,94
15330683,66,94
15330937,1491,20
15331003,505,28
15331025,40,94
15331044,1223,94
15331110,344,10
15331508,6700,51
15331652,3370,21
15331725,3415,75
15331739,8783,21
15331772,247,66
15331791,110,30
15331954,44,8
15332096,537,30
15332267,1095,94
15332338,173,149
15332422,102,50
15332495,61,50
15332496,1169,50
15332497,1168,50
15332554,1994,149
15333362,1190,94
15333380,8368,15
15333845,102,30
15334552,1157,94
15334654,149,50
15334654,1267,50
15334777,26,50
15334777,1144,50
15335535,245,75
15335709,1097,94
15336303,60,94
15336389,1107,75
15336430,194,94
15336488,118,50
15336545,60,50
15336545,465,50
15336605,404,50
15336805,127,94
15336806,125,94
15337009,217,94
15337289,209,94
15337497,62,94
15337497,87,50
15337497,87,50
15337498,712,50
15337559,791,50
15337637,360,94
15337756,60,94
15337815,61,94
15337876,65,94
15337940,56,94
15337996,61,94
15337996,354,94
15338218,525,75
15338228,4002,51
15338240,570,50
15338266,7421,75
15338348,55,50
15338348,55,50
15338348,401,94
15338348,462,50
15338349,54,94
15338402,63,94
15338585,64,94
15338703,46,94
15338748,184,94
15338809,61,94
15338869,62,94
15338869,62,50
15338869,63,50
15338869,478,50
15338869,478,50
15338931,203,94
15338990,22,94
15339000,22,94
15339032,26,94
15339043,29,94
15339084,21,94
15339105,28,94
15339238,288,94
15339405,62,50
15339405,439,50
15339464,379,50
15339465,61,94
15339525,38,94
15339525,498,94
15339563,32,94
15339594,60,94
15339653,22,94
15339735,31,94
15339803,40,94
15339843,65,94
15339905,59,50
15339905,433,50
15339906,57,94
15339906,58,50
15339906,432,50
15339963,60,94
15340022,156,94
15340023,36,94
15340059,60,94
15340119,59,94
15340218,9195,154
15340221,513,94
15340222,55,94
15340277,61,94
15340337,61,94
15340397,460,50
15340398,70,50
15340398,71,94
15340398,71,50
15340458,399,50
15340519,65,94
15340644,36,94
15340682,7116,70
15340683,36,94
15340711,86,94
15340731,189,94
15340915,37,50
15340915,385,50
15340916,26,94
15340916,27,50
15340916,197,94
15340916,383,50
15340952,22,94
15340969,40,94
15341008,27,94
15341012,35,94
15341087,26,94
15341110,71,94
15341110,310,94
15341121,60,94
15341181,62,94
15341243,56,94
15341359,61,50
15341359,360,50
15341360,60,50
15341360,359,50
15341419,62,94
15341419,481,94
15341480,58,94
15341599,59,94
15341719,62,50
15341781,359,50
15341781,360,50
15341900,158,94
15342082,288,94
15342200,410,50
15342200,410,50
15342369,120,94
15342489,182,94
15342668,62,50
15342668,318,50
15342669,61,50
15342669,177,94
15342669,316,50
15342893,392,94
15342985,62,50
15343047,358,50
15343047,359,50
15343285,62,94
15343405,222,94
15343466,240,50
15343466,577,50
15343467,239,50
15343529,514,50
15343587,62,94
15343649,57,94
15343727,277,94
15343888,467,61
15344003,355,94
15344127,62,50
15344127,62,50
15344127,289,50
15344127,289,50
15344358,178,94
15344475,60,50
15344475,61,50
15344475,265,50
15344475,266,50
15344535,249,94
15344590,4409,137
15344666,254,61
15344783,139,94
15344840,583,50
15344841,582,50
15344951,1421,61
15345243,421,94
15345543,250,50
15345543,288,50
15345664,87,94
15345693,57,94
15345750,42,94
15345750,141,94
15345831,60,94
15345890,34,50
15345890,34,50
15345890,371,94
15345890,372,50
15345890,372,50
15345891,32,94
15345923,61,94
15345984,59,94
15346060,45,94
15346105,77,94
15346121,60,94
15346181,22,94
15346203,58,94
15346259,30,94
15346259,450,94
15346332,48,50
15346332,377,50
15346333,46,94
15346333,47,50
15346333,376,50
15346379,31,94
15346410,30,94
15346440,33,94
15346471,6988,21
15346510,7251,61
15346514,74,94
15346524,64,94
15346588,28,94
15346615,381,21
15346616,62,94
15346677,31,94
15346708,182,94
15346767,61,50
15346767,435,50
15346768,59,50
15346768,433,50
15346827,63,94
15346902,34,94
15346936,456,94
15346948,51,94
15346999,59,94
15347058,60,94
15347132,1060,10
15347134,67,94
15347197,222,21
15347212,60,50
15347271,61,94
15347271,383,50
15347271,383,50
15347331,61,94
15347391,157,94
15347392,33,94
15347548,105,94
15347653,61,94
15347713,61,50
15347713,423,50
15347714,59,94
15347714,59,50
15347714,299,94
15347714,422,50
15347773,61,94
15347952,61,94
15348013,61,94
15348029,44,94
15348029,488,94
15348073,62,94
15348135,59,94
15348193,64,50
15348193,324,50
15348194,62,94
15348194,63,50
15348194,322,50
15348315,34,94
15348348,59,94
15348407,62,94
15348469,47,94
15348516,60,94
15348516,241,94
15348575,61,50
15348575,394,50
15348576,60,50
15348576,392,50
15348695,62,94
15348757,433,94
15348792,57,94
15348849,60,94
15348909,59,94
15349000,61,50
15349000,62,50
15349000,370,50
15349000,371,50
15349061,77,94
15349063,654,21
15349079,59,94
15349138,52,94
15349189,181,94
15349190,60,94
15349250,59,94
15349369,61,50
15349369,351,50
15349370,60,50
15349370,166,94
15349429,290,50
15349536,222,94
15349756,31,50
15349756,358,50
15349758,28,50
15349758,356,50
15349786,387,94
15349795,7324,137
15350114,58,50
15350172,136,94
15350172,259,50
15350172,260,50
15350369,300,94
15350431,57,50
15350488,388,50
15350488,389,50
15350669,120,94
15350788,149,94
15350808,6802,21
15350936,61,50
15350936,301,50
15350937,59,50
15350937,239,94
15350937,299,50
15351176,361,94
15351296,425,50
15351297,61,50
15351297,61,50
15351297,424,50
15351537,121,94
15351720,282,94
15351777,60,50
15351777,60,50
15351777,402,50
15351777,403,50
15352001,118,94
15352119,121,94
15352239,341,50
15352240,61,50
15352301,179,94
15352301,278,50
15352514,5513,70
15352516,364,94
15352641,58,50
15352641,59,50
15352641,479,50
15352641,480,50
15352880,121,94
15353001,230,94
15353169,360,50
15353169,361,50
15353230,120,94
15353350,119,94
15353469,241,94
15353591,429,50
15353591,429,50
15353710,309,94
15353764,7322,61
15354019,27,94
15354045,398,50
15354046,80,50
15354052,7219,70
15354054,72,50
15354054,388,50
15354125,317,94
15354442,123,94
15354502,62,50
15354502,62,50
15354502,300,50
15354502,301,50
15354564,117,94
15354741,181,94
15354863,419,50
15354864,58,50
15354922,360,50
15354982,299,94
15355281,122,94
15355342,60,50
15355342,60,50
15355342,299,50
15355342,300,50
15355463,302,94
15355702,62,50
15355702,361,50
15355702,362,50
15355764,118,94
15355881,120,94
15356063,179,94
15356122,63,50
15356122,63,50
15356122,360,50
15356123,358,50
15356241,378,94
15356542,76,50
15356542,77,50
15356542,375,50
15356542,376,50
15356618,118,94
15356798,185,94
15356978,353,50
15356979,58,50
15356983,53,50
15356983,144,94
15356983,348,50
15357127,141,94
15357331,238,94
15357388,61,50
15357388,286,50
15357449,224,50
15357569,395,94
15357704,60,50
15357704,61,50
15357704,322,50
15357704,324,50
15357964,62,94
15358090,242,50
15358090,242,50
15358090,361,94
15358390,60,50
15358390,60,50
15358390,242,50
15358390,243,50
15358449,121,94
15358570,62,94
15358631,301,94
15358689,302,50
15358690,301,50
15358991,240,94
15359049,241,50
15359050,239,50
15359231,119,94
15359349,241,50
15359350,59,50
15359350,60,50
15359350,240,50
15359409,243,94
15359651,181,94
15359709,301,50
15359710,300,50
15359831,119,94
15360010,240,94
15360069,241,50
15360069,241,50
15360250,361,94
15360369,63,50
15360369,242,50
15360370,61,50
15360370,240,50
15360610,61,94
15360670,61,50
15360670,62,50
15360670,300,50
15360671,419,94
15360731,239,50
15361020,7310,61
15361022,67,50
15361022,253,50
15361023,66,50
15361023,251,50
15361088,145,94
15361232,41,94
15361272,7147,70
15361347,63,50
15361347,242,50
15361348,62,50
15361348,240,50
15361348,240,94
15361648,62,50
15361648,300,94
15361648,300,50
15361649,298,50
15361947,124,94
15362009,61,50
15362009,62,50
15362009,179,50
15362010,178,50
15362128,301,94
15362427,65,94
15362491,58,94
15362549,172,94
15362781,242,94
15363022,59,94
15363141,181,94
15363322,120,94
15363442,121,94
15363622,120,94
15363802,240,94
15364042,60,94
15364163,179,94
15364341,122,94
15364463,119,94
15364582,182,94
15364822,242,94
15365063,59,94
15365122,242,94
15365363,59,94
15365422,119,94
15365601,181,94
15365782,241,94
15366023,59,94
15366142,241,94
15366383,59,94
15366442,121,94
15366622,180,94
15366802,240,94
15367042,60,94
15367102,300,94
15367401,62,94
15367463,118,94
15367581,182,94
15367822,615,94
15368337,7343,61
15368425,16036,70
15368437,120,94
15368618,243,94
15368861,117,94
15368978,61,94
15369098,180,94
15369340,178,94
15369518,121,94
15369698,182,94
15369880,118,94
15369998,120,94
15370117,180,94
15370358,182,94
15370539,118,94
15370657,242,94
15370899,134,94
15371033,59,94
15371154,179,94
15371392,124,94
15371516,120,94
15371693,180,94
15371873,120,94
15371992,120,94
15372172,182,94
15372354,180,94
15372533,121,94
15372713,181,94
15372893,120,94
15373013,120,94
15373194,178,94
15373372,241,94
15373613,119,94
15373732,183,94
15373915,122,94
15374037,119,94
15374213,180,94
15374393,240,94
15374633,121,94
15374753,240,94
15374993,120,94
15375113,60,94
15375233,180,94
15375473,182,94
15375655,93,94
15375808,240,94
15376047,120,94
15376167,61,94
15376228,240,94
15376467,241,94
15376708,119,94
15376827,542,94
15377368,121,94
15377489,119,94
15377607,182,94
15377848,241,94
15378148,300,94
15378448,221,94
15378669,239,94
15378969,66,94
15379035,114,94
15379208,180,94
15379449,182,94
15379630,119,94
15379809,597,94
15380406,46,94
15380449,11872,20
15380452,192,94
15380643,299,94
15380942,421,94
15381363,121,94
15381543,241,94
15381663,60,50
15381663,302,50
15381664,59,50
15381664,300,50
15382023,63,50
15382023,180,50
15382024,179,50
15382142,9692,110
15382262,62,50
15382262,348,50
15382263,60,50
15382263,347,50
15382383,62,94
15382445,57,94
15382502,61,94
15382563,47,94
15382609,78,94
15382627,60,94
15382686,69,50
15382686,72,50
15382686,277,50
15382687,65,94
15382687,276,50
15382761,354,84
15382784,42,94
15382826,75,94
15382828,160,84
15382901,61,94
15382962,29,94
15382990,22,94
15383009,414,84
15383011,478,50
15383012,76,50
15383023,65,50
15383024,464,50
15383087,56,94
15383143,63,94
15383205,60,94
15383206,59,94
15383265,59,94
15383324,63,94
15383386,41,94
15383386,41,94
15383427,61,94
15383487,70,94
15383488,69,94
15383551,60,50
15383551,60,50
15383551,361,50
15383552,58,94
15383552,360,50
15383556,54,94
15383610,60,94
15383669,63,94
15383670,62,94
15383731,61,94
15383732,59,94
15383790,60,94
15383791,59,94
15383849,62,94
15383911,60,94
15383911,60,94
15383969,63,50
15383969,323,50
15383970,61,94
15383970,61,94
15383970,62,50
15383970,321,50
15384031,60,94
15384031,60,94
15384090,69,94
15384158,54,94
15384159,52,94
15384211,20,94
15384211,389,94
15384231,60,94
15384291,63,94
15384352,60,50
15384352,247,50
15384353,58,94
15384353,59,50
15384353,246,50
15384411,45,94
15384455,83,94
15384461,13061,70
15384597,63,94
15384599,61,94
15384658,57,50
15384658,147,50
15384659,55,94
15384659,55,50
15384659,146,50
15384660,53,94
15384713,20,94
15384732,815,43
15384733,72,94
15384743,61,94
15384745,59,94
15384863,63,50
15384863,152,50
15384864,61,94
15384864,62,50
15384864,151,50
15384924,61,94
15384925,60,94
15384985,29,94
15385013,11144,15
15385026,59,94
15385084,62,50
15385084,62,50
15385084,174,50
15385085,60,94
15385085,173,50
15385145,65,94
15385208,50,94
15385210,47,94
15385257,61,94
15385318,58,94
15385376,64,94
15385436,57,50
15385436,58,50
15385436,348,50
15385436,349,50
15385436,5720,94
15385440,53,94
15385486,7568,75
15385492,57,94
15385505,44,94
15385549,43,94
15385592,82,94
15385673,20,94
15385711,186,75
15385713,71,94
15385723,60,94
15385783,33,94
15385814,12435,9
15385899,218,50
15385899,218,50
15385930,100,105
15386059,57,94
15386116,223,94
15386276,288,50
15386277,286,50
15386339,58,94
15386397,60,94
15386457,63,94
15386520,43,94
15386563,62,94
15386624,262,94
15386685,108,50
15386685,201,50
15386788,97,50
15386885,59,94
15387005,63,50
15387005,63,50
15387005,224,50
15387005,224,50
15387068,480,94
15387343,1089,94
15387445,158,50
15387445,218,50
15387519,12248,15
15387548,54,94
15387600,7446,22
15387602,61,94
15387663,57,94
15387720,364,94
15387780,43,50
15387781,41,50
15387781,221,50
15387781,221,50
15388084,60,94
15388143,228,50
15388143,229,50
15388144,57,94
15388432,1123,94
15388471,61,50
15388471,61,50
15388471,479,50
15388531,418,50
15389015,93,105
15389087,82,50
15389087,83,50
15389087,295,50
15389087,295,50
15389088,24,94
15389234,42,94
15389276,45,94
15389321,60,94
15389381,59,94
15389440,31,94
15389441,144,105
15389470,36,50
15389470,36,50
15389470,302,50
15389470,302,50
15389504,126,21
15389506,49,94
15389551,1116,94
15389554,23,94
15389577,57,94
15389589,44,94
15389633,23,94
15389654,135,21
15389656,50,94
15389667,39,94
15389705,46,94
15389750,21,94
15389771,21,94
15389792,62,94
15389853,21,94
15389861,18775,22
15389874,64,50
15389936,247,50
15389937,245,50
15389938,58,94
15390012,181,21
15390015,38,94
15390053,29,94
15390067,46,8
15390068,55,94
15390123,59,94
15390182,57,94
15390197,42,94
15390239,72,94
15390257,53,94
15390305,379,50
15390306,30,50
15390307,377,50
15390309,26,94
15390331,59,8
15390334,49,94
15390383,51,94
15390443,280,21
15390472,22,21
15390501,4065,61
15390666,1078,94
15390682,167,105
15390855,134,50
15390865,116,8
15390927,500,50
15390928,60,50
15390928,499,50
15391105,71,21
15391112,85,105
15391148,88,8
15391178,22,94
15391200,45,94
15391245,60,94
15391364,62,94
15391475,90,67
15391483,1465,11
15391484,49,50
15391494,369,50
15391495,37,50
15391530,66,8
15391532,330,50
15391575,45,67
15391679,2236,137
15391688,165,67
15391742,55,8
15391754,33,94
15391767,4594,21
15391772,1098,94
15391787,74,21
15391938,30,8
15391971,63,50
15392031,352,50
15392034,349,50
15392120,5710,5
15392131,16616,67
15392210,15578,154
15392492,41,50
15392517,43,50
15392517,256,50
15392518,255,50
15392615,31,8
15392868,57,8
15392870,58,94
15392880,69,50
15392880,504,50
15392927,1059,94
15392928,21,50
15392928,455,50
15393102,71,8
15393207,54,8
15393395,197,21
15393409,61,50
15393468,185,50
15393470,182,50
15393485,27,8
15393678,41,8
15393679,34,50
15393679,34,50
15393679,211,50
15393689,200,50
15393758,389,70
15393864,22,8
15393870,59,51
15393934,25,50
15393948,22,50
15393949,163,50
15393951,160,50
15393956,39,51
15393970,20,51
15393985,25,94
15394002,64,51
15394003,1095,94
15394046,27,8
15394145,14381,51
15394173,20,50
15394173,20,50
15394173,176,50
15394173,177,50
15394178,10277,70
15394267,75,8
15394443,35,8
15394445,241,50
15394445,241,50
15394683,319,153
15394731,70,8
15394802,38,50
15394802,38,50
15394802,286,50
15394803,285,50
15395044,43,94
15395083,104,75
15395087,62,94
15395147,47,50
15395147,312,50
15395147,1095,94
15395148,45,94
15395148,45,50
15395192,27,94
15395192,266,50
15395216,13531,55
15395218,73,94
15395232,59,94
15395290,54,94
15395339,56,96
15395344,56,94
15395400,58,94
15395490,33,94
15395490,60,50
15395521,79,50
15395521,391,50
15395523,26,94
15395523,387,50
15395599,23,94
15395606,82,94
15395610,72,8
15395687,78,94
15395706,59,94
15395826,24,94
15395910,66,94
15395973,333,50
15395974,58,50
15395974,59,50
15395974,332,50
15395975,57,94
15396039,56,96
15396041,35,94
15396088,28,94
15396097,51,94
15396114,12557,148
15396148,24,94
15396180,11130,15
15396181,60,94
15396240,1136,94
15396306,61,94
15396366,39,50
15396366,99,50
15396366,338,50
15396367,38,94
15396367,336,50
15396405,59,94
15396464,62,94
15396584,62,94
15396587,56,8
15396599,47,94
15396702,45,50
15396702,264,50
15396703,42,94
15396703,43,50
15396703,263,50
15396743,11892,28
15396755,63,94
15396817,59,94
15396876,39,94
15396912,47,8
15396915,50,94
15396965,57,94
15397021,61,50
15397021,62,50
15397021,300,50
15397022,60,94
15397022,298,50
15397142,45,94
15397184,61,8
15397187,66,94
15397373,1119,94
15397375,57,50
15397375,534,50
15397375,535,50
15397434,34,96
15397436,37,94
15397489,63,8
15397491,25,94
15397507,22,94
15397523,33,94
15397525,10935,70
15397718,24,94
15397729,769,148
15397731,45,94
15397742,33,94
15397775,33,94
15397838,25,94
15397862,46,94
15397906,52,8
15397908,55,94
15397921,42,94
15397921,42,94
15397962,60,94
15397962,61,50
15397962,277,50
15398022,60,94
15398022,216,50
15398082,62,94
15398141,27,8
15398144,32,94
15398223,203,21
15398238,37,94
15398275,23,94
15398294,71,8
15398298,74,94
15398309,62,94
15398309,62,94
15398368,60,50
15398368,10270,50
15398369,58,50
15398369,10303,50
15398370,57,94
15398426,65,94
15398427,64,94
15398490,31,94
15398490,10042,94
15398491,30,94
15398491,10259,50
15398501,10033,50
15398502,10031,50
15398502,10250,50
15398514,484,96
15398520,263,94
15398520,10230,94
15398683,302,94
15398987,81,21
15399034,9633,8
15399046,9620,105
15399358,10818,61
15399369,48,96
15403436,2206,22
15406457,921,30
15406511,5616,55
15406803,275,56
15407856,10750,28
15408669,31,56
15408762,5589,8
15408922,128,103
15409285,55,96
15409287,348,50
15409287,348,50
15409293,123,103
15409384,101,103
15409418,66,50
15409418,66,50
15409418,308,50
15409482,243,50
15409536,124,105
15409560,53,96
15409606,10217,15
15409690,35,50
15409690,445,50
15409692,32,50
15409692,366,50
15409761,203,103
15409765,10062,50
15409766,10061,50
15409767,208,50
15409778,1850,50
15410134,163,50
15410135,158,96
15410138,159,50
15410296,859,50
15410297,80,50
15410301,174,50
15410301,2259,50
15410398,153,103
15410639,52,103
15410656,56,105
15410672,22,15
15410730,100,153
15410817,19,96
15411077,244,96
15411126,8813,15
15411149,121,105
15411441,34,105
15411609,54,88
15411693,111,96
15411771,29,105
15411971,25,105
15412020,139,96
15412414,33,30
15412440,46,88
15412618,50,50
15412668,22,50
15412891,243,30
15412900,56,50
15412900,57,50
15413012,61,50
15413013,59,50
15413013,60,50
15413072,61,50
15413072,62,50
15413133,64,50
15413133,65,50
15413257,59,50
15413257,59,50
15413315,34,50
15413315,34,50
15413349,28,50
15413349,28,50
15413363,68,11
15413365,27,50
15413366,26,50
15413377,39,50
15413416,21,50
15413416,21,50
15413580,33,50
15413580,33,50
15413584,28,50
15413609,528,30
15413612,32,50
15413612,32,50
15413642,26,22
15413643,29,50
15413654,45,50
15413670,29,50
15413671,27,50
15413671,28,50
15413696,1271,22
15413708,38,50
15413708,39,50
15413726,20,50
15413744,62,43
15413745,59,50
15413746,58,50
15413803,35,50
15413804,34,50
15413810,27,50
15413811,26,50
15413837,60,50
15413918,60,50
15413918,61,50
15413918,61,50
15413978,60,50
15413978,60,50
15414098,45,50
15414098,45,50
15414099,43,50
15414150,73,11
15414571,106,88
15417246,177,24
15417398,3957,28
15417576,6581,154
15417623,537,30
15420002,11045,15
15420192,85,66
15421123,6364,51
15421188,280,15
15421660,183,15
15421721,27,10
15421950,372,15
15422173,22,10
15422218,20,10
15422579,152,15
15423003,7141,70
15423092,887,15
15423980,607,15
15424588,1315,15
15427497,5926,51
15431133,11098,15
15433310,302,61
15433604,3303,61
15435147,4150,70
15435525,435,15
15436634,3067,88
15436958,2776,61
15438523,1250,70
15439490,61,15
15439550,60,15
15439725,71,15
15439733,414,15
15441040,9698,70
15442357,58,15
15442415,61,15
15442596,11151,15
15450746,7638,70
15453697,334,15
15458386,8057,70
15462638,4140,15
15464920,10767,61
15465010,1264,15
15465136,872,15
15466445,8222,70
15466898,999,15
15466899,44,15
15467272,11120,15
15467290,11146,15
15469999,7031,154
15473242,4659,15
15474669,7738,70
15475138,4383,51
15475150,59,51
15475627,10501,61
15478412,11096,15
15478507,1811,22
15480285,6332,22
15480683,2321,22
15482410,7794,70
15484477,15196,5
15485236,3464,22
15485246,3785,15
15486128,10460,61
15488722,1364,22
15488930,2459,75
15490280,1374,22
15491207,7582,70
15492164,2833,22
15493453,316,22
15493808,1226,22
15495309,10739,58
15495368,4484,15
15498791,14406,70
15500110,10735,61
15500262,13,96
15500410,4325,154
15500519,10,96
15501191,15,96
15501524,49,96
15501910,13,96
15502382,17,96
15502633,14,96
15502844,12,96
15502925,11,96
15503122,26,96
15503391,17,96
15503648,14,96
15503942,84,96
15504337,127,96
15504790,142,96
15505081,243,96
15505500,127,96
15506818,22388,15
15506877,37,96
15507161,34,96
15508671,29,96
15508974,47,96
15510024,33,103
15510037,28,103
15510101,31,103
15510840,10524,61
15512887,2826,22
15513199,10795,70
15516893,3042,15
15518996,317,75
15519047,177,75
15519217,7886,75
15521191,15068,5
15521308,10769,61
15523991,4856,70
15527041,2443,15
15527967,9567,70
15534909,10561,61
15541468,7089,70
15545470,10698,61
15548560,7054,70
15555613,7075,70
15556134,3329,15
15556152,9952,15
15556228,10537,61
15558871,27,75
15558970,267,75
15559138,6805,75
15559950,197,154
15560028,7775,13
15560165,3508,154
15562695,7034,70
15562771,146,43
15562898,182,5
15566708,10810,61
15568189,11301,15
15569455,3356,154
15569731,7000,70
15570230,283,96
15571091,28,96
15571924,34,96
15572159,21,96
15572253,14,96
15572456,18,96
15573417,36,96
15573633,3280,51
15573650,22,96
15573920,20,96
15574034,14,96
15576730,6624,70
15576921,3548,51
15577518,10473,61
15578272,7647,58
15579740,21,96
15579850,22,96
15580450,36,96
15580706,18,96
15581659,28,96
15581790,24,96
15583167,44,96
15583652,42,96
15583873,41,96
15583955,68,96
15584323,86,96
15585940,7110,58
15585984,5708,154
15587296,60,96
15587692,387,96
15588045,10720,61
15588215,271,96
15588637,270,96
15589176,523,96
15589854,536,96
15590190,19,74
15591014,15320,70
15591295,965,96
15592181,164,5
15592356,21340,5
15592436,545,96
15592497,19,74
15593092,30,96
15593192,374,46
15593282,1191,96
15593461,571,46
15593943,21,74
15594584,16,74
15594949,72,15
15595064,14628,15
15595359,20,74
15595701,21,74
15597106,187,96
15597424,525,96
15598532,3527,154
15598714,10558,61
15600372,1649,80
15601611,33,103
15601740,46,103
15601820,56,103
15602192,4462,80
15603802,14,61
15604607,609,61
15605203,96,61
15606335,10300,70
15609273,10744,61
15613364,5891,70
15613592,1551,13
15615245,4445,13
15619691,7307,13
15620018,10509,61
15625588,7821,70
15627012,7111,13
15630528,10912,61
15632570,61,70
15634126,7084,13
15641214,5369,13
15643015,1392,148
15643029,13134,5
15643142,36,103
15643152,1367,30
15643164,29,103
15643194,29,103
15643282,33,103
15643686,32,103
15643882,3321,154
15644056,33,103
15644155,2603,5
15644350,35,103
15644438,36,8
15644545,986,148
15644792,28,8
15644878,13,8
15644978,13,8
15645060,344,21
15645219,33,8
15645503,2798,15
15645840,136,40
15647444,1192,46
15647548,17824,75
15647780,30,21
15647796,155,75
15647810,4039,21
15648064,574,75
15648149,9432,154
15648607,204,88
15648807,8005,13
15649063,889,88
15649641,8382,15
15649783,2454,40
15650313,640,116
15650609,1483,46
15651011,9,2
15652170,17,116
15652242,25,116
15652392,13,2
15652499,148,40
15652518,1080,146
15652558,14326,2
15652682,2004,40
15652840,155,88
15652923,24,116
15652995,12413,51
15653074,14,116
15653112,282,88
15653316,34,116
15653394,7187,55
15653443,30,116
15653517,2870,46
15653615,52,135
15653686,3054,88
15653867,20,116
15653894,7859,22
15653995,23,116
15654072,23,116
15654182,26,116
15654633,17,116
15654764,73,88
15654874,23,116
15654893,128,66
15654996,61,88
15655058,81,40
15655149,19,116
15655234,50,88
15655335,18,116
15655447,474,40
15655591,23,116
15655637,62,88
15655764,16,116
15655842,1337,146
15656069,5024,40
15656816,7552,13
15657125,17,116
15657304,14,116
15657335,144,100
15657424,19,116
15657559,15,116
15657997,220,100
15658062,16,116
15658168,88,66
15658347,21,116
15658464,1500,116
15658913,239,146
15659208,2582,146
15660415,274,120
15660524,50,103
15660547,119,103
15660633,94,103
15660738,10797,154
15660747,14,116
15660774,3045,22
15660901,30,116
15661114,18,116
15661127,2552,30
15661463,22,116
15661662,54,74
15661686,26,116
15661706,2149,43
15661713,3223,40
15661727,248,8
15661754,3641,116
15661794,303,103
15661852,365,103
15661904,271,153
15661920,362,15
15661975,1305,55
15661983,31,116
15661999,117,146
15662049,2500,8
15662240,268,103
15662316,397,15
15662419,30,74
15662452,4018,80
15662805,192,103
15662949,18,116
15662956,398,103
15663033,373,103
15663168,18,116
15663254,2495,148
15663309,17,116
15663444,19,116
15663475,346,100
15663482,21,116
15663726,9749,55
15663842,1630,30
15663852,22,74
15663863,489,103
15663869,1019,103
15663880,17,116
15663989,14,116
15664136,16,116
15664235,78,1
15664285,14,116
15664366,7568,13
15664387,22,116
15664392,29,74
15664425,221,153
15664457,1341,103
15664547,24,116
15664641,5399,8
15664757,21,116
15664775,29,74
15664923,15,116
15665068,15,116
15665114,3120,40
15665198,40,74
15665226,15,116
15665257,17432,5
15665362,19,116
15665381,4117,22
15665578,3128,100
15665713,17376,75
15665766,49,75
15665986,2000,148
15666004,225,75
15666058,3934,73
15666141,20,116
15666194,1037,103
15666353,20,116
15666616,551,80
15666726,26,116
15666942,3691,116
15666980,14,116
15667070,19,74
15667179,10,56
15667335,64,56
15667399,15684,80
15668074,987,148
15668121,28,116
15668394,797,30
15668698,29,56
15668747,1622,46
15669341,13680,58
15669426,26,56
15669462,2465,103
15669526,226,24
15669782,1443,40
15669808,59,56
15669828,93,103
15670036,441,100
15670129,24,116
15671143,1004,15
15671246,12016,116
15671290,11738,51
15671524,11491,11
15671551,11598,100
15671581,245,40
15671627,73,66
15671940,11021,13
15672146,1571,15
15672177,15,116
15673686,269,10
15673717,1350,15
15674068,58,73
15674145,8924,73
15674361,10753,154
15674756,8512,8
15674766,8502,119
15678043,1039,75
15685305,286,75
15686228,5888,75
15689034,11028,51
15689772,156,88
15689833,1018,88
15690456,285,88
15690920,13617,70
15691139,25172,5
15691233,9910,13
15692308,20,1
15692446,1107,1
15693858,2413,1
15694201,10591,61
15694565,1146,21
15694637,31,88
15694721,1531,21
15694795,259,88
15695982,156,21
15696219,68,21
15696298,4525,1
15696445,800,21
15696688,24,21
15697010,911,96
15697246,35,21
15697372,305,21
15697828,22603,21
15697930,10432,21
15698610,197,96
15699201,119,96
15702018,126,96
15703123,21,96
15703926,36,96
15704539,11064,70
15704795,10566,61
15705370,20,96
15706143,22,96
15706450,201,96
15706829,293,96
15707499,285,96
15715360,10784,61
15715606,7563,70
15722550,59,70
15723851,130,84
15725170,76,15
15725941,21,1
15726027,470,1
15726487,342,15
15726841,339,15
15727936,2482,1
15729842,1442,30
15731045,961,1
15731120,8557,8
15731802,155,21
15731888,6882,41
15732042,2115,15
15732305,363,1
15732462,376,21
15732792,1375,1
15733146,562,21
15733241,23540,28
15733942,805,21
15734383,5223,1
15734400,819,88
15734664,106,30
15734976,600,22
15735461,565,9
15735500,54,30
15735574,329,22
15736056,943,66
15736074,188,30
15736212,511,75
15736300,306,75
15736451,2024,149
15736521,510,96
15736850,11137,58
15737013,785,9
15737157,1055,22
15737213,250,66
15737229,962,30
15737310,1401,63
15737440,137,30
15738224,169,10
15738558,4540,9
15738578,3963,55
15739033,145,66
15739201,1319,30
15739235,379,153
15739719,550,96
15739744,11283,8
15739914,513,22
15739951,19132,75
15740268,11084,154
15740311,723,1
15740543,1117,30
15740548,9,2
15740637,386,2
15740673,83,160
15740752,918,22
15741165,1464,1
15741196,104,63
15741277,645,149
15741774,110,63
15741784,98,15
15742067,68,66
15742444,501,88
15742610,602,88
15742615,10372,51
15742763,1140,160
15742826,27,15
15743133,29,15
15743149,113,66
15743449,5083,2
15744045,2012,1
15744075,8840,13
15744431,117,66
15744475,1719,63
15744753,537,30
15744943,4433,55
15745081,56,8
15745819,4778,10
15746108,9728,110
15746397,70,88
15746555,723,75
15746675,605,63
15746996,505,50
15747232,600,15
15747391,1001,75
15747410,2301,1
15747551,294,10
15747575,80,153
15747832,1839,15
15748333,461,24
15748414,61,15
15748481,264,30
15749118,13526,58
15749302,194,66
15749307,2725,40
15749381,310,30
15749670,3,9
15749701,62,9
15749889,835,75
15750037,74,66
15750253,350,10
15750378,1184,9
15750499,100,1
15750513,509,21
15750633,78,66
15750641,3039,15
15750664,132,1
15750711,281,30
15750746,440,149
15750816,148,1
15750964,172,66
15750976,77,1
15751091,428,1
15751118,101,30
15751207,122,24
15751531,995,1
15751582,132,149
15751599,250,10
15751720,328,21
15751734,505,149
15751997,46,66
15752057,52,66
15752167,63,9
15752237,54,40
15752277,409,10
15752298,421,21
15752367,14,96
15752500,309,40
15752530,1840,21
15752567,157,1
15752605,200,66
15752788,14,96
15752809,532,21
15752824,60,21
15752918,8498,13
15752957,197,10
15753024,6776,51
15753027,608,66
15753220,216,40
15753233,11,96
15753251,144,8
15753518,12,96
15753541,482,21
15753582,1566,40
15753786,75,66
15753819,84,8
15753826,362,1
15753968,5629,9
15754089,96,8
15754195,190,96
15754206,200,1
15754409,25,21
15754449,66,153
15754473,95,8
15754474,43,153
15754623,1848,1
15754635,81,66
15754707,326,96
15754716,8838,55
15754732,765,63
15754771,2197,15
15754806,54,88
15754837,115,8
15755224,8007,154
15755227,4462,63
15755393,355,30
15755517,67,8
15755606,33,8
15755633,616,21
15755777,2391,8
15755826,3939,40
15755844,184,40
15756089,1881,40
15756199,285,30
15756244,535,30
15756724,1898,1
15757018,2790,2
15757124,201,8
15757604,28,21
15757719,1667,21
15757737,698,10
15757836,325,8
15758500,403,40
15758955,812,10
15759084,282,8
15759133,69,153
15759541,28,8
15759565,62,21
15759577,187,8
15759580,30,21
15759681,723,1
15759717,22,21
15759824,49,8
15759954,127,8
15759994,7792,51
15760006,35,51
15760039,863,10
15760047,25281,5
15760054,829,66
15760160,612,21
15760293,950,63
15760473,7519,1
15760486,195,8
15760970,54,8
15761045,114,8
15761385,901,88
15761402,122,8
15761414,8621,13
15761508,1312,21
15761834,9295,8
15762069,6673,63
15762536,18,156
15762668,166,21
15762674,137,66
15763384,4009,21
15763398,635,21
15763653,127,66
15763814,1907,75
15764406,1705,21
15765135,467,149
15765959,868,75
15766023,908,75
15766367,3928,58
15766943,2858,75
15767405,8806,75
15767792,3447,51
15768026,1784,22
15768063,750,103
15768977,783,40
15769888,283,40
15770044,5674,13
15770492,49,40
15770641,1685,40
15771140,8762,8
15771252,11567,51
15771257,10893,154
15771600,8285,9
15771790,41,21
15772362,566,21
15772433,20,15
15772652,405,40
15773134,1305,40
15773444,1611,15
15773544,517,88
15773672,34,21
15773873,1041,1
15776862,565,103
15777076,158,21
15777424,23,21
15777801,630,21
15778450,21,21
15778456,40,88
15778494,579,103
15778822,1139,21
15779899,869,88
15780074,17,21
15780261,1931,160
15780476,351,21
15781858,10543,61
15782745,760,88
15783505,2599,75
15783855,8969,75
15784555,581,88
15785760,159,88
15785831,15558,88
15786193,103,88
15786392,590,103
15787369,803,103
15787416,1005,103
15788549,1666,103
15792401,10763,61
15794267,1303,15
15798944,7378,13
15799289,59,15
15803166,10518,61
15804031,612,160
15805005,62,94
15805066,60,94
15805125,61,94
15805245,61,94
15805306,150,94
15805456,61,94
15805517,63,94
15805580,36,94
15805615,156,94
15805771,62,94
15805833,60,94
15805893,60,94
15805953,61,94
15806014,58,94
15806072,63,94
15806134,58,94
15806252,63,94
15806314,37,94
15806326,7395,13
15806351,115,94
15806525,61,94
15806706,60,94
15806766,60,94
15806826,60,94
15806886,62,94
15806948,57,94
15807066,60,94
15807126,60,94
15807186,61,94
15807307,359,94
15807665,60,94
15807725,60,94
15807785,62,94
15807847,60,94
15807966,60,94
15808026,60,94
15808086,62,94
15808148,58,94
15808206,60,94
15808266,59,94
15808325,61,94
15808385,140,94
15808525,157,94
15808682,61,94
15808806,60,94
15808866,219,94
15809085,61,94
15809207,59,94
15809266,59,94
15809446,59,94
15809505,60,94
15809565,222,94
15809787,144,94
15809931,61,94
15810052,62,94
15810114,59,94
15810172,61,94
15810232,61,94
15810473,59,94
15810532,61,94
15810592,61,94
15810653,61,94
15810714,58,94
15810772,60,94
15810832,60,94
15810892,61,94
15811015,58,94
15811073,60,94
15811193,22,94
15811204,21,94
15811214,22,94
15811225,73,94
15811236,62,94
15811297,60,94
15811357,59,94
15811416,61,94
15811476,60,94
15811536,62,94
15811598,20,94
15811618,63,94
15811764,46,94
15811810,67,94
15811869,9935,9
15811877,77,94
15811892,61,94
15811953,61,94
15812014,59,94
15812193,59,94
15812252,62,94
15812313,59,94
15812372,60,94
15812432,60,94
15812552,62,94
15812614,74,94
15812629,59,94
15812749,59,94
15812930,59,94
15812989,77,94
15812999,67,94
15813066,24,94
15813090,60,94
15813149,21,94
15813158,22,94
15813170,51,94
15813220,62,94
15813282,58,94
15813400,50,94
15813450,60,94
15813510,50,94
15813718,735,1
15813731,7263,13
15814455,2067,1
15814801,1803,22
15815301,555,75
15815601,239,75
15816512,1841,30
15816545,1081,5
15816853,6246,70
15817272,1774,22
15817916,731,75
15818437,3968,11
15818793,5082,75
15819285,11318,1
15819351,16641,21
15819936,2117,30
15819988,481,40
15820281,337,21
15820297,458,10
15820529,113,40
15820757,337,40
15820993,15624,13
15821205,4740,40
15821267,488,149
15821744,280,10
15822040,40,10
15822214,991,88
15822240,300,10
15822704,58,94
15822761,22,94
15822771,11762,51
15822772,180,94
15822783,169,94
15822951,25,94
15822958,42,94
15823047,48,10
15823049,50,94
15823059,39,94
15823098,26,94
15823124,61,94
15823185,53,94
15823238,52,94
15823241,12529,120
15823243,47,94
15823253,36,94
15823289,62,94
15823350,58,94
15823437,63,94
15823500,41,94
15823540,134,94
15823672,10606,9
15823685,28,94
15823700,777,30
15823703,144,94
15823847,65,94
15823857,55,94
15823911,58,94
15823968,61,94
15824029,221,94
15824250,34,94
15824284,30,94
15824314,60,94
15824373,61,94
15824482,149,94
15824485,12634,58
15824642,60,94
15824701,44,94
15824745,186,94
15824931,59,94
15824990,60,94
15825049,60,94
15825109,41,94
15825150,62,94
15825211,58,94
15825269,23,94
15825290,12082,8
15825292,40,94
15825303,29,94
15825332,51,94
15825379,1081,30
15825383,71,94
15825394,60,94
15825454,63,94
15825573,61,94
15825656,169,66
15825658,72,94
15825672,58,94
15825729,31,94
15825822,29,94
15825828,23,94
15825836,4482,55
15825840,29,94
15825851,35,94
15825869,78,94
15825886,60,94
15825946,62,94
15826007,60,94
15826067,64,94
15826130,74,94
15826144,11960,154
15826204,48,94
15826250,2529,15
15826251,24,94
15826262,25,94
15826273,2483,15
15826286,25,94
15826311,61,94
15826371,22,94
15826381,6478,40
15826382,64,94
15826393,52,94
15826445,21,94
15826456,170,66
15826479,77,94
15826495,3131,30
15826497,58,94
15826555,61,94
15826616,24,94
15826864,11429,2
15826866,30,94
15826896,45,94
15826940,29,94
15827001,125,66
15827005,37,94
15827041,80,94
15827058,62,94
15827120,23,94
15827127,458,40
15827129,33,94
15827143,50,94
15827161,345,66
15827193,58,94
15827251,78,94
15827269,60,94
15827328,27,94
15827354,26,94
15827380,43,94
15827399,23,94
15827422,20,94
15827442,133,94
15827592,20,94
15827611,42,94
15827613,730,88
15827653,20,94
15827673,38,94
15827692,41,94
15827711,21,94
15827732,38,94
15827751,40,94
15827790,39,94
15827809,41,94
15827828,21,94
15827849,20,94
15827869,39,94
15827908,30,94
15827926,39,94
15827938,27,94
15827964,122,94
15828104,36,94
15828122,34,94
15828790,179,66
15828858,28,2
15828866,709,88
15829054,37,94
15829073,31,94
15829091,35,94
15829102,21,2
15829110,33,94
15829141,2071,160
15829143,23,94
15829166,20,94
15829185,20,94
15829204,22,94
15829226,21,94
15829247,116,94
15829365,114,2
15829367,207,94
15829475,13221,94
15829594,221,94
15829815,21,94
15829836,37,94
15829854,37,94
15829873,38,94
15829910,20,94
15829930,41,94
15829948,22,94
15829970,40,94
15830010,21,94
15830031,20,94
15830051,20,94
15830071,30,94
15830090,36,94
15830144,37,94
15830163,38,94
15830181,20,94
15830201,36,94
15830237,37,94
15830255,39,94
15830273,20,94
15830293,30,94
15830323,26,94
15830349,36,94
15830367,39,94
15830385,21,94
15830406,21,94
15830417,18,5
15830422,24,94
15830446,23,94
15830468,41,94
15830480,186,88
15830481,28,94
15830487,21,94
15830508,22,94
15830529,39,94
15830546,21,94
15830567,20,94
15830587,38,94
15830606,38,94
15830625,40,94
15830660,867,5
15830665,26,94
15830673,37,94
15830691,44,94
15830708,120,66
15830754,21,94
15830775,40,94
15830794,20,94
15830814,22,94
15830831,23,94
15830832,3424,88
15830854,39,94
15830873,19,94
15830892,38,94
15830911,38,94
15830969,22,94
15830982,1576,1
15830986,24,94
15831010,40,94
15831029,20,94
15831056,28,94
15831102,20,94
15831112,5337,55
15831114,27,94
15831136,1534,5
15831140,40,94
15831179,23,94
15831221,37,94
15831257,269,94
15831525,27,94
15831537,45,94
15831550,1096,46
15831581,20,94
15831601,38,94
15831620,37,94
15831639,36,94
15831657,37,94
15831675,38,94
15831732,37,94
15831751,37,94
15831769,37,94
15831788,37,94
15831806,38,94
15831863,40,94
15831877,26,94
15831902,23,94
15831925,37,94
15831943,38,94
15831962,35,94
15831981,235,94
15832216,246,94
15832462,79,94
15832480,61,94
15832540,22,94
15832543,391,103
15832552,49,94
15832601,20,94
15832620,22,94
15832642,68,94
15832710,62,94
15832772,24,94
15832796,62,94
15832858,26,94
15832884,26,94
15832954,63,94
15833016,58,94
15833074,37,94
15833111,183,94
15833293,20,94
15833311,305,30
15833313,33,94
15833319,889,1
15833346,52,94
15833462,325,94
15833787,62,94
15833848,61,94
15833849,60,94
15833905,438,30
15833908,199,94
15833919,188,94
15834106,38,94
15834106,38,94
15834144,22,94
15834166,30,94
15834166,30,94
15834185,25,94
15834194,415,103
15834210,28,94
15834238,40,94
15834278,22,94
15834299,20,94
15834319,20,94
15834338,40,94
15834339,38,94
15834377,20,94
15834377,21,94
15834397,20,94
15834417,29,94
15834436,33,94
15834443,3525,15
15834445,23,94
15834464,3211,15
15834468,41,94
15834509,22,94
15834530,29,94
15834530,30,94
15834559,28,94
15834600,20,94
15834615,1501,2
15834619,65,94
15834619,65,94
15834682,38,94
15834682,39,94
15834716,629,1
15834719,66,94
15834719,66,94
15834730,54,94
15834780,1696,30
15834782,30,94
15834783,29,94
15834812,63,94
15834874,21,94
15834889,89,40
15834894,26,94
15834894,27,94
15834920,33,94
15834953,33,94
15834953,45,94
15834984,32,94
15834992,1154,40
15834997,64,94
15834997,65,94
15835016,44,94
15835055,12725,51
15835060,20,94
15835060,21,94
15835079,27,94
15835079,28,94
15835105,64,94
15835105,65,94
15835168,42,94
15835168,43,94
15835203,408,103
15835209,31,94
15835238,225,94
15835239,224,94
15835476,27,94
15835476,27,94
15835488,31,94
15835488,32,94
15835502,58,94
15835502,58,94
15835519,40,94
15835519,57,94
15835559,28,94
15835575,24,94
15835598,24,94
15835598,438,94
15835943,39,94
15835981,55,94
15836035,80,94
15836047,67,94
15836047,67,94
15836111,37,94
15836111,38,94
15836147,68,94
15836154,61,94
15836215,60,94
15836274,42,94
15836274,42,94
15836313,1156,40
15836315,74,94
15836315,74,94
15836326,62,94
15836387,61,94
15836387,61,94
15836447,50,94
15836496,61,94
15836556,61,94
15836556,62,94
15836616,65,94
15836616,65,94
15836679,58,94
15836679,58,94
15836736,50,94
15836736,50,94
15836786,27,94
15836786,28,94
15836797,100,120
15836801,98,94
15836801,99,94
15836813,86,94
15836897,20,94
15836898,30,94
15836914,231,103
15836917,39,94
15836925,896,1
15836928,28,94
15836955,29,94
15836955,29,94
15836973,21,94
15836973,22,94
15836994,30,94
15837004,101,94
15837011,9459,120
15837013,56,94
15837024,76,94
15837100,27,94
15837105,35,94
15837127,30,94
15837140,79,94
15837157,26,94
15837176,20,94
15837196,23,94
15837207,35,94
15837218,47,94
15837242,22,94
15837253,30,94
15837264,105,94
15837282,25,94
15837307,61,94
15837367,76,94
15837368,75,94
15837377,66,94
15837442,22,94
15837442,23,94
15837461,11396,2
15837464,68,94
15837464,68,94
15837474,57,94
15837531,71,94
15837531,93,94
15837601,22,94
15837623,22,94
15837623,23,94
15837645,21,94
15837645,42,94
15837666,20,94
15837686,20,94
15837686,42,94
15837690,26,94
15837706,22,94
15837707,10176,13
15837716,96,94
15837727,57,94
15837777,407,103
15837812,22,94
15837812,23,94
15837834,154,94
15837834,155,94
15837848,140,94
15837985,2127,24
15837987,32,94
15837998,32,94
15837999,19,94
15838022,3514,15
15838030,31,94
15838094,4824,58
15838175,311,103
15838302,2987,88
15839026,360,10
15839131,9524,2
15839293,321,5
15839449,20,94
15839458,3431,10
15839469,73,94
15839481,61,94
15839542,57,94
15839599,78,94
15839616,61,94
15839734,21,94
15839755,25,94
15839814,35,94
15839847,3588,1
15839862,44,94
15839874,386,103
15839877,29,94
15840062,53,94
15840078,37,94
15840115,66,94
15840239,26,94
15840256,20,94
15840263,417,66
15840264,56,94
15840276,43,94
15840342,56,94
15840396,10930,63
15840465,17,15
15840469,51,94
15840518,70,153
15840527,33,94
15840558,9667,110
15840560,32,94
15840592,41,94
15840632,52,94
15840684,59,94
15840803,61,94
15840864,35,94
15840897,132,30
15840899,74,94
15840910,63,94
15840972,57,94
15841029,63,94
15841092,27,94
15841107,23,94
15841117,554,66
15841130,25,94
15841153,69,153
15841155,28,94
15841226,28,94
15841254,38,94
15841287,2358,30
15841291,163,94
15841453,63,94
15841516,166,94
15841736,61,94
15841797,48,94
15841841,160,66
15841844,73,94
15841855,61,94
15841936,222,40
15841938,71,94
15841949,60,94
15842058,60,94
15842118,43,94
15842161,60,94
15842221,63,94
15842283,60,94
15842343,26,94
15842369,53,94
15842422,57,94
15842479,234,94
15842709,661,88
15842713,179,94
15842892,61,94
15842985,178,94
15843151,396,40
15843162,336,10
15843174,208,94
15843298,25200,5
15843639,186,103
15844317,283,10
15844499,11348,94
15844660,1761,88
15845038,2832,46
15845206,96,40
15845464,147,40
15845529,2128,10
15845598,403,40
15846031,114,40
15847265,79,153
15847498,125,66
15847528,11,160
15847879,282,66
15848375,153,66
15848678,6904,13
15849005,776,149
15849038,628,103
15849091,13,15
15849382,304,66
15850126,113,66
15850423,1305,103
15852319,4093,94
15854124,6429,63
15855161,11060,51
15856421,4867,94
15859542,9181,70
15859901,109,88
15860378,566,88
15861130,49,70
15861184,823,70
15861295,977,103
15861296,12941,94
15861648,221,103
15861702,2146,88
15861862,6490,137
15861920,3913,103
15864011,2140,88
15864245,38,56
15864858,2384,70
15864940,23,56
15865474,72,56
15865848,28,56
15867573,4605,70
15868383,6652,137
15868723,7186,70
15868760,127,88
15868953,13,160
15869064,628,88
15869145,2156,88
15870129,24,56
15871014,10784,61
15874246,7244,94
15874884,20,96
15875495,16,96
15875913,6998,70
15876331,18,96
15880818,14,96
15881496,7005,94
15882913,6830,70
15888511,6974,94
15889745,6733,70
15895148,240,84
15895192,31,56
15895320,70,56
15895493,4999,94
15895846,31,56
15896481,6590,70
15897567,11111,15
15898549,5973,160
15899362,21,56
15899975,15,56
15900010,16,56
15900500,3039,94
15900612,16041,154
15900877,5901,15
15901267,15,56
15901435,742,103
15901525,13007,5
15901702,12,56
15901855,16,56
15902114,11,56
15902121,10,56
15902220,21,56
15903071,7034,70
15903189,3984,70
15903396,256,30
15903544,26,56
15903551,6392,94
15903839,431,30
15904006,180,149
15904473,7295,55
15904523,5093,160
15904716,931,30
15904879,856,30
15905116,589,75
15905230,32401,75
15906231,119,66
15906265,502,75
15906425,376,103
15907072,13,56
15907110,1400,88
15907270,1324,88
15908025,494,66
15908640,16478,51
15908767,15,56
15908777,13,56
15909319,18,56
15909379,142,66
15909663,3245,66
15909795,24,56
15909868,4257,160
15909951,15949,94
15910087,1836,30
15910109,13122,70
15910171,90,24
15910350,530,149
15910437,15075,9
15910502,59,56
15910756,1465,22
15910960,68,161
15910994,144,56
15911210,45,161
15911245,448,8
15911806,18,56
15911923,2895,30
15911934,15,56
15912078,11172,15
15912261,61,94
15912320,61,94
15912438,50,94
15912486,59,94
15912544,50,94
15912593,25,94
15912613,11061,137
15912617,43,94
15912628,32,94
15912657,62,94
15912659,60,94
15912718,61,94
15912718,61,94
15912779,69,94
15912779,69,94
15912842,59,94
15912846,55,94
15912899,49,94
15912899,49,94
15912911,36,94
15912946,23,94
15912947,21,94
15912965,29,94
15912966,27,94
15912990,269,40
15912991,61,94
15912993,59,94
15913050,64,94
15913050,64,94
15913110,35,94
15913111,33,94
15913142,36,94
15913143,49,94
15913153,611,66
15913155,36,94
15913189,65,94
15913190,64,94
15913250,61,94
15913252,59,94
15913308,63,94
15913308,64,94
15913368,63,94
15913369,62,94
15913428,62,94
15913429,60,94
15913488,32,94
15913489,30,94
15913514,65,94
15913516,63,94
15913576,46,94
15913580,4445,103
15913582,40,94
15913583,38,94
15913620,31,94
15913621,29,94
15913647,53,94
15913648,52,94
15913697,37,94
15913710,23,94
15913710,24,94
15913713,2664,103
15913716,59,94
15913728,5768,116
15913730,45,94
15913731,43,94
15913772,31,94
15913786,18,116
15913788,23,94
15913788,23,94
15913801,68,94
15913801,69,94
15913868,48,94
15913869,46,94
15913915,58,94
15913973,34,94
15913973,35,94
15914002,25,75
15914004,31,94
15914007,28,94
15914018,79,94
15914018,80,94
15914034,63,94
15914034,63,94
15914094,62,94
15914095,61,94
15914155,65,94
15914155,65,94
15914216,60,94
15914218,58,94
15914275,60,94
15914275,61,94
15914334,62,94
15914394,62,94
15914395,61,94
15914454,24,94
15914454,24,94
15914476,66,94
15914476,67,94
15914539,62,94
15914597,61,94
15914598,60,94
15914657,34,94
15914657,34,94
15914690,59,94
15914690,59,94
15914748,72,94
15914748,73,94
15914757,540,149
15914760,60,94
15914817,21,94
15914835,65,94
15914898,39,94
15914933,30,94
15914947,683,66
15915163,64,94
15915164,63,94
15915224,61,94
15915226,58,94
15915282,62,94
15915283,61,94
15915343,22,94
15915343,22,94
15915362,50,94
15915363,49,94
15915409,60,94
15915409,60,94
15915467,64,94
15915467,65,94
15915530,59,94
15915531,58,94
15915588,25,94
15915598,26,116
15915600,30,94
15915602,27,94
15915613,23,94
15915628,27,94
15915629,25,94
15915654,44,94
15915654,44,94
15915696,57,94
15915753,60,94
15915811,22,94
15915832,69,94
15915833,67,94
15915900,52,94
15915900,53,94
15915949,142,66
15915951,72,94
15915952,70,94
15915964,58,94
15915967,55,94
15916020,53,94
15916021,44,94
15916038,26,94
15916059,253,25
15916064,32,94
15916073,23,94
15916091,2294,30
15916095,71,94
15916095,71,94
15916166,59,94
15916224,61,94
15916224,62,94
15916283,36,94
15916284,35,94
15916301,7197,160
15916302,76,94
15916318,59,94
15916318,60,94
15916377,41,94
15916418,29,94
15916418,29,94
15916446,78,94
15916447,77,94
15916449,456,149
15916461,62,94
15916522,35,94
15916523,51,94
15916556,39,94
15916573,22,94
15916574,85,94
15916595,64,94
15916619,55,94
15916659,50,94
15916673,35,94
15916708,55,94
15916708,56,94
15916761,37,96
15916763,27,94
15916763,27,94
15916776,27,94
15916789,52,94
15916840,62,94
15916841,61,94
15916897,18,116
15916900,22,94
15916901,20,94
15916920,63,94
15916921,62,94
15916982,59,94
15916982,60,94
15917041,24,94
15917041,24,94
15917048,11,56
15917052,60,94
15917054,58,94
15917105,35,96
15917111,37,94
15917122,26,94
15917123,24,94
15917146,43,94
15917147,41,94
15917184,597,149
15917187,74,94
15917188,72,94
15917198,62,94
15917199,60,94
15917258,61,94
15917259,60,94
15917318,38,94
15917320,190,149
15917322,34,94
15917325,30,94
15917354,72,94
15917354,73,94
15917366,60,94
15917425,35,94
15917426,34,94
15917459,43,94
15917459,44,94
15917475,27,94
15917475,27,94
15917498,49,94
15917501,45,94
15917546,64,94
15917546,64,94
15917609,25,94
15917610,23,94
15917631,40,56
15917633,44,94
15917643,33,94
15917675,35,94
15917676,33,94
15917709,31,94
15917709,32,94
15917726,33,96
15917738,25,94
15917739,24,94
15917758,48,56
15917761,27,94
15917762,25,94
15917770,25,94
15917786,29,94
15917787,27,94
15917793,1114,149
15917814,25,94
15917821,75,94
15917835,60,94
15917839,56,94
15917893,60,94
15917894,59,94
15917952,86,94
15917953,84,94
15917956,81,94
15918035,62,94
15918036,61,94
15918094,38,94
15918096,35,94
15918126,10915,154
15918130,25,94
15918131,24,94
15918141,18,96
15918143,39,94
15918153,29,94
15918181,61,94
15918182,59,94
15918241,23,94
15918241,24,94
15918264,73,94
15918264,74,94
15918275,62,94
15918336,56,94
15918336,57,94
15918354,38,94
15918355,37,94
15918390,63,94
15918391,62,94
15918452,58,94
15918452,59,94
15918510,61,94
15918510,61,94
15918570,53,94
15918584,3768,30
15918586,37,94
15918620,58,94
15918623,55,94
15918677,62,94
15918678,60,94
15918737,33,94
15918738,31,94
15918769,61,94
15918769,61,94
15918829,33,94
15918829,34,94
15918861,64,94
15918861,65,94
15918921,62,94
15918925,58,94
15918978,16,96
15918980,22,94
15918982,81,94
15919001,61,94
15919061,34,94
15919062,33,94
15919094,49,94
15919095,48,94
15919138,61,94
15919142,57,94
15919198,62,94
15919198,63,94
15919259,50,94
15919260,49,94
15919308,72,94
15919308,73,94
15919318,205,149
15919321,59,94
15919321,59,94
15919378,38,94
15919379,36,94
15919382,33,94
15919414,61,94
15919414,62,94
15919475,29,94
15919475,29,94
15919502,62,94
15919503,60,94
15919561,62,94
15919563,60,94
15919621,32,94
15919622,30,94
15919652,35,94
15919681,49,56
15919685,45,94
15919686,43,94
15919700,29,94
15919701,27,94
15919728,75,94
15919728,75,94
15919739,64,94
15919801,63,94
15919802,62,94
15919862,62,94
15919863,60,94
15919922,80,94
15919923,78,94
15919936,65,94
15920000,27,94
15920000,27,94
15920024,61,94
15920026,59,94
15920083,85,94
15920084,83,94
15920102,65,94
15920166,90,94
15920167,89,94
15920183,72,94
15920254,52,94
15920255,51,94
15920304,31,94
15920305,29,94
15920331,210,66
15920333,73,94
15920334,72,94
15920344,61,94
15920345,60,94
15920404,64,94
15920404,64,94
15920464,36,94
15920467,33,94
15920498,48,94
15920499,47,94
15920545,90,94
15920546,89,94
15920563,71,94
15920563,71,94
15920633,31,94
15920633,31,94
15920663,88,94
15920750,37,94
15920750,38,94
15920786,67,94
15920787,65,94
15920851,30,94
15920851,31,94
15920875,233,66
15920880,21,94
15920880,32,94
15920899,399,75
15920900,73,94
15920912,60,94
15920971,58,94
15920971,59,94
15921029,76,94
15921029,76,94
15921352,404,75
15921487,1015,137
15921638,309,88
15921702,1093,66
15921955,1059,75
15922013,1029,88
15922506,19,116
15922691,3959,137
15922711,21,116
15923057,133,66
15923305,28213,149
15923528,1567,30
15923694,1948,137
15923728,3111,24
15923911,261,66
15924338,147,40
15924351,141,66
15925015,4023,160
15925912,14164,94
15926519,11185,51
15926645,266,149
15926693,23,116
15926757,9698,9
15926830,265,30
15926853,16,116
15926964,1433,149
15926967,3915,58
15927202,379,30
15927235,274,8
15927242,84,40
15927346,22,116
15927390,88,40
15927480,468,88
15927511,13,116
15927538,95,40
15927786,2970,75
15928290,29,8
15928347,296,84
15928362,91,8
15928459,16,116
15928538,46,8
15928620,13,8
15928655,3768,40
15928795,125,8
15928828,26,116
15929025,176,8
15929279,15,116
15929325,71,8
15929431,145,8
15929720,259,8
15930043,19,8
15930169,324,8
15930574,61,8
15930775,255,75
15930892,111,66
15930977,10333,13
15930997,26,8
15931049,8723,75
15931188,164,8
15931444,809,30
15931581,226,8
15932222,33,56
15932600,2402,8
15932643,1182,40
15932785,52,56
15932859,231,66
15933086,63,8
15933196,48,56
15933485,5512,160
15933697,48,56
15933808,11139,15
15934209,172,66
15934598,16979,5
15937618,139,21
15937766,90,21
15938225,110,21
15939032,15074,21
15940083,6937,94
15940667,4922,51
15940680,59,51
15941101,63,56
15943070,3003,160
15944830,11215,15
15945216,63,56
15945309,57,56
15945354,1441,22
15945599,11511,51
15946015,34,56
15947029,7434,94
15947494,42,56
15947501,2178,1
15947789,67,56
15947851,85,56
15947920,94,56
15948657,184,56
15948743,99,56
15948830,411,88
15948879,41,56
15948937,48,56
15949006,89,56
15949069,979,88
15949173,58,56
15949296,58,56
15949398,76,56
15949557,41,56
15949925,307,88
15950231,349,56
15950442,1484,88
15950792,201,13
15951925,201,56
15952376,227,88
15952437,470,88
15953051,670,88
15953538,1306,88
15954472,6257,94
15955399,201,88
15955739,512,88
15955873,1614,70
15955971,4588,15
15956248,1328,22
15956305,1635,88
15957486,169,70
15960011,5016,13
15960736,5052,94
15965029,7936,13
15965794,5134,94
15970936,5105,94
15973577,136,84
15976049,5016,94
15981073,4525,94
15982453,9685,110
15983367,11289,1
15984170,11117,15
15985602,3979,94
15987041,6382,160
15987617,710,75
15988459,236,75
15988547,679,75
15988894,13883,75
15989287,11754,154
15990963,206,8
15991477,28,8
15991526,31,8
15991654,22,96
15991946,53,8
15992025,120,8
15992190,3971,8
15992255,131,8
15992806,12872,5
15992860,13,74
15993114,12,96
15993409,524,149
15993426,4198,160
15993565,903,137
15993615,536,137
15993876,6710,8
15994238,17,96
15994321,158,137
15994412,11,96
15994560,10,96
15994904,21,74
15995122,21,40
15995250,291,40
15995416,1290,88
15995548,2512,100
15995566,7523,51
15995804,290,40
15995879,18820,58
15996189,35,96
15996211,34,74
15996243,68,13
15996317,2848,137
15996552,24,96
15996581,40,13
15996701,11140,15
15997154,18,96
15997333,29,1
15997360,7348,40
15997439,11,96
15997644,684,88
15997716,2007,160
15998023,9240,13
15998149,4025,55
15998207,102,6
15998278,13,96
15998324,164,6
15999052,23,96
15999378,40,96
15999469,1773,75
15999480,36,96
15999549,2338,137
15999639,12,96
15999800,23,96
16000078,567,74
16000903,16,96
16001221,16,96
16001820,64,96
16001941,4237,55
16001955,64,96
16002103,1737,137
16002224,29,100
16002298,7943,154
16002346,3770,26
16002447,302,55
16002743,20,96
16003031,42,96
16003344,4008,55
16003912,140,137
16004052,4672,9
16004082,497,137
16004667,817,88
16005481,2552,30
16005497,5797,40
16005518,976,75
16005527,1683,160
16005660,1509,75
16005703,277,105
16006171,136,105
16006557,1426,17
16006764,9009,51
16008594,795,30
16008616,4350,8
16009183,1663,10
16009751,1851,75
16009818,6230,75
16010274,1515,30
16010654,109,105
16011029,37,105
16011078,1156,105
16011544,10737,120
16011769,991,10
16011864,2205,46
16012268,2018,30
16012746,6053,154
16012837,4124,10
16013605,16,105
16013733,54,120
16013744,37,105
16013801,232,74
16013811,82,120
16013952,6888,13
16014133,27,105
16014228,2868,24
16014298,15,73
16014311,139,105
16014834,448,119
16014984,29,119
16014994,31,105
16015129,22,105
16015215,82,105
16015225,1516,160
16015464,1674,105
16015943,315,8
16016249,643,30
16016278,366,8
16016588,3971,58
16016590,1186,46
16017141,1455,30
16017325,29,105
16017363,39,120
16017396,454,88
16017563,839,88
16017574,10,47
16017615,33,40
16017862,401,47
16018105,8735,8
16018696,38,96
16019178,37,96
16019392,1130,17
16019580,41,96
16019882,462,75
16019889,5017,1
16019927,43,96
16019938,216,75
16020025,25,105
16020161,39,105
16020195,34,96
16020292,45,105
16020411,29,96
16020620,824,75
16020636,8074,75
16020676,321,30
16020697,11073,15
16020710,973,30
16020744,34,96
16020842,6872,13
16021265,116,96
16021584,97,96
16023760,246,47
16023810,1235,160
16025041,2085,160
16025301,268,47
16025470,157,47
16025655,327,47
16025694,154,47
16025893,101,47
16026085,473,47
16026966,7830,47
16027123,1226,160
16027714,6891,13
16028348,2954,160
16034368,43,47
16034427,270,47
16034613,6543,13
16041159,6539,13
16046912,11188,15
16047700,6551,13
16054255,12210,13
16057990,11150,15
16066467,9946,13
16068056,6497,154
16069179,11074,15
16073395,2481,160
16075878,2440,160
16076414,4848,13
16078317,1238,160
16079552,1776,160
16080332,11053,15
16081263,7764,13
16081326,1222,160
16082545,1804,160
16083582,15087,5
16084347,1224,160
16085568,967,160
16086278,8990,70
16086575,7328,47
16090718,294,47
16090883,6323,58
16091410,11154,15
16093564,13786,15
16093825,4158,1
16094798,5271,154
16095281,6734,70
16097279,7324,58
16101119,22,96
16102018,6707,70
16103577,388,96
16104163,61,96
16104533,132,96
16104715,4879,58
16104899,46,96
16105166,302,96
16105490,187,96
16105693,26,96
16105761,92,96
16105896,19,96
16105997,67,96
16106242,42,96
16106684,76,96
16107679,82,105
16108046,191,96
16108309,79,105
16108433,523,96
16108669,4384,105
16108729,6814,70
16108741,60,13
16108898,367,105
16109519,409,105
16109610,6657,58
16109684,676,96
16109831,426,10
16109935,562,105
16110465,123,96
16110482,107,10
16110621,419,105
16110675,205,96
16110714,40,10
16110723,32,10
16111081,352,105
16111555,298,105
16111611,203,96
16111884,5422,154
16112036,381,105
16112113,29,10
16112121,24,10
16112274,135,96
16112452,400,96
16112572,308,105
16112854,104,96
16113046,616,105
16113305,40,96
16113358,617,96
16114046,3552,96
16114244,213,105
16115543,6819,70
16121579,4784,75
16122366,6924,70
16125323,11203,15
16127402,10550,61
16127911,1431,75
16129294,6747,70
16136044,12177,70
16136284,27,54
16137892,10786,61
16148212,10054,70
16148681,10534,61
16150280,11552,15
16158301,4818,70
16159216,14380,61
16160490,199,154
16160704,3327,154
16161491,11401,15
16240329,11392,15
16240567,10517,61
16243073,38617,110
16244379,4510,54
16247962,12658,5
16248329,29,21
16248740,4675,154
16249527,528,105
16249549,565,1
16250100,1351,54
16250500,62,74
16250624,7618,13
16251110,9803,51
16251489,2259,54
16253301,15218,58
16253714,741,19
16253778,94,54
16253887,5422,54
16254444,10914,154
16254787,855,105
16254943,1452,5
16254960,25,10
16255010,24,10
16255272,38,10
16255356,40,10
16255623,3972,40
16255635,38,40
16255653,148,105
16255851,143,10
16256014,97,105
16256094,135,10
16256151,11362,15
16256194,9164,70
16256320,93,105
16256518,164,10
16256655,82,105
16256909,207,105
16257063,196,10
16257324,29,105
16257406,195,10
16257611,207,105
16257750,165,10
16258122,3224,46
16259557,31,8
16259596,1252,2
16259942,28,8
16260217,25,8
16260836,10374,2
16260901,4491,55
16260921,14675,51
16260932,61,51
16261085,4306,161
16261147,182,66
16262898,7285,19
16263173,16149,2
16263308,100,96
16263558,297,96
16263946,46,46
16266489,238,96
16266792,226,96
16266881,39,119
16266898,704,5
16267184,41,119
16267218,231,96
16267386,17,119
16267485,234,96
16267609,75,119
16268467,3615,40
16268475,7142,70
16268487,56,40
16268534,15374,58
16268586,258,96
16268694,113,40
16268936,201,96
16268945,2610,55
16268951,39,40
16269256,33,40
16269301,4130,40
16269444,344,5
16269509,116,74
16269541,22372,5
16269806,210,96
16270094,278,96
16270261,1800,46
16271360,177,21
16271579,77,2
16271669,14336,2
16271695,243,21
16271796,19,113
16272074,360,21
16272145,94,66
16272301,4020,66
16272459,191,10
16272662,252,10
16272666,1227,21
16272966,821,10
16273054,2244,5
16273801,6964,40
16273809,7368,1
16273820,417,6
16274434,18,113
16274646,4266,6
16274819,4107,21
16274831,198,96
16274939,1878,26
16275020,205,96
16275237,206,96
16275606,12404,51
16276061,413,10
16276312,1664,21
16276325,6965,70
16276474,267,24
16276765,209,96
16277005,211,96
16277375,209,96
16277682,8470,154
16277872,225,96
16278219,236,96
16278303,4257,21
16278420,993,103
16278432,655,10
16278440,919,103
16278780,627,5
16278786,239,96
16279051,838,21
16279189,116,66
16279520,259,5
16279822,2167,5
16281013,135,66
16281362,97,66
16281622,82,105
16281891,62,13
16282860,9679,2
16283292,6094,70
16283338,9768,15
16284273,1261,103
16287423,25,113
16287924,18,113
16288123,3399,51
16288649,28,113
16289480,1841,21
16290251,24,113
16291348,152,113
16291460,13,21
16291514,3015,21
16291824,1205,21
16292448,801,103
16293269,38948,21
16293348,620,103
16294671,325,21
16295116,4060,21
16295242,703,5
16296851,10687,61
16303669,222,96
16305495,9175,70
16307539,10453,61
16309165,240,96
16309508,235,96
16310064,244,96
16310913,885,96
16312609,103,96
16314670,6887,70
16318003,1576,96
16321559,6877,70
16327660,10480,61
16328439,5359,70
16329958,3769,1
16331191,1430,15
16333014,5241,51
16333025,61,51
16333717,11736,54
16333802,4265,70
16335018,3810,5
16335025,10563,154
16335569,234,66
16335601,5902,15
16335733,443,5
16335836,420,66
16336359,2538,72
16336598,186,5
16337001,227,66
16337074,6169,5
16338263,7325,51
16338270,280,40
16338359,935,55
16338571,133,105
16338682,1267,1
16338714,18,8
16338841,17,8
16338887,16,8
16339414,155,10
16339442,2832,5
16339501,19804,70
16339641,192,66
16339778,321,10
16339931,5640,2
16340215,127,10
16340351,5238,2
16340437,138,10
16341435,1790,58
16341491,585,24
16341739,80,105
16341845,27,8
16341902,53,8
16342026,27,8
16342628,368,5
16343047,4538,160
16344007,1611,103
16344030,1987,96
16344053,4861,103
16345502,9914,15
16345509,3755,103
16345610,9840,51
16349574,8198,154
16352027,7716,110
16352934,42,56
16353015,113,153
16353322,2564,30
16353864,4059,22
16354984,11944,75
16355195,4729,75
16363685,616,30
16363751,105,40
16363984,83,40
16364022,807,24
16364159,3946,40
16364164,18,40
16364258,41,40
16364521,136,5
16364664,3975,58
16364721,2679,30
16364730,25,40
16364977,524,5
16365043,36,40
16365281,41,40
16365501,32,40
16365556,1138,5
16365672,2094,17
16365815,82,105
16366043,38,40
16366666,2347,1
16367320,15289,21
16367503,794,21
16367656,593,21
16367833,3513,5
16368017,1050,75
16368202,601,5
16368523,16,21
16368735,296,21
16368752,673,22
16368805,271,21
16369145,831,75
16369347,518,21
16369536,325,21
16370048,470,21
16370108,11094,2
16370109,2144,21
16370116,25,75
16370264,151,75
16370318,10429,2
16370450,750,75
16370884,385,21
16371394,6650,75
16371522,724,21
16372552,985,21
16372598,940,21
16373851,41,40
16374141,30,40
16374299,129,40
16374616,120,40
16374854,139,40
16375598,36,40
16375804,104,40
16375991,139,40
16376342,36,40
16377228,193,15
16377652,37,56
16377711,1261,21
16377786,71,40
16377798,455,21
16377856,31,56
16377925,192,15
16377955,23,40
16378025,35,56
16378318,93,40
16378426,31,56
16378542,1024,21
16378640,53,56
16378655,355,74
16378775,57,40
16379007,133,40
16379134,36,56
16379204,317,21
16379434,22,40
16379675,239,74
16379723,355,21
16379806,321,21
16379952,28,40
16380103,4577,70
16380114,20,40
16380267,857,21
16380294,19,40
16380350,775,21
16380367,22,74
16380429,21,40
16380546,19,40
16380652,19,40
16380928,20,40
16381059,21,40
16381258,20,74
16381416,941,21
16381426,1702,21
16381461,213,74
16381599,24,40
16381912,36,40
16381921,29,74
16382064,21,40
16382219,24,40
16382343,23,40
16382529,486,21
16382601,18,40
16382715,19,40
16382878,19,40
16382901,7689,70
16382983,50,40
16383148,19,40
16383213,10736,61
16383279,19,40
16383582,371,21
16383687,20,40
16383812,19,40
16383897,19,40
16384726,87,21
16384951,116,21
16385123,1886,47
16385286,4669,21
16387038,7976,47
16387175,9797,13
16388914,5367,21
16389111,94,88
16389395,129,88
16391659,9667,2
16391976,9669,2
16393951,10473,61
16400390,7153,13
16404483,10492,61
16407537,6995,13
16414548,7134,13
16414918,10759,61
16417345,483,15
16419061,10765,15
16419216,19,40
16419380,16,40
16419501,19,40
16420101,252,5
16420116,20,40
16420222,2541,5
16420440,2772,22
16420672,9597,154
16420767,20,40
16420956,17,40
16421072,18,40
16421362,18,40
16421483,18,40
16421685,5751,13
16421814,22,40
16422144,19,40
16422549,2468,160
16423253,626,21
16423480,2588,103
16423581,46,30
16423851,30,40
16423884,389,10
16423979,45,21
16424000,81,105
16424028,5645,54
16424061,148,30
16424085,37,40
16424134,85,40
16424140,1725,21
16424299,1759,40
16424307,68,40
16424376,132,105
16424397,31,40
16424453,539,40
16424531,360,162
16424650,55,105
16424666,3021,5
16424900,55,105
16424957,1385,75
16425008,173,105
16425033,112,40
16425161,830,75
16425193,63,30
16425213,23,40
16425232,422,105
16425317,66,40
16425384,219,10
16425553,113,30
16426078,2381,21
16426101,184,40
16426212,1979,10
16426297,269,40
16426447,152,66
16427216,64,40
16427278,142,30
16427356,69,105
16427417,37,40
16427438,4212,13
16427502,43,40
16427568,290,105
16427573,103,74
16427590,1034,40
16427604,830,40
16427707,478,75
16427917,2727,75
16428109,169,105
16428137,5630,160
16428244,121,66
16428355,123,105
16428529,11670,2
16428590,553,30
16428613,1320,75
16428766,49,105
16428790,14104,58
16428850,64,30
16428859,1649,1
16428989,366,105
16429409,1360,30
16429445,83,66
16429466,218,40
16429494,11402,2
16429623,743,105
16429704,206,40
16430112,1229,22
16430255,8318,54
16430426,161,21
16430827,1799,105
16431190,1173,30
16431319,108,66
16431572,1472,46
16431745,520,21
16432110,84,15
16432396,14,15
16432441,161,40
16432711,102,21
16432785,7338,154
16433248,1113,105
16433590,99,66
16433806,1130,21
16433912,2953,160
16434244,4233,13
16434415,150,105
16434513,101,66
16435127,125,66
16435271,363,21
16435411,1889,66
16435453,1196,15
16437184,14,96
16437345,124,19
16437634,15,96
16438611,129,40
16438841,15,96
16438902,1590,15
16438915,997,54
16439009,10,96
16439150,113,105
16439311,13,96
16439384,99,75
16439508,232,105
16439642,16478,21
16439654,4201,13
16439672,5235,21
16440018,10198,22
16440195,565,54
16440479,171,105
16440621,4979,15
16440646,39,8
16440679,15,96
16440693,283,20
16440853,1071,8
16441024,17,96
16441063,169,105
16441102,3251,19
16441393,215,103
16441403,205,105
16441410,864,103
16441469,17,96
16441850,11645,54
16442134,1061,5
16442193,1324,46
16442913,11896,58
16443116,43,30
16443402,86,30
16443657,53,30
16443728,141,105
16443859,4207,13
16443969,1369,30
16444121,182,105
16444136,109,5
16444619,157,105
16444897,194,105
16445516,104,95
16445676,151,95
16445852,4347,160
16445870,1827,95
16445945,1964,5
16446288,2779,40
16446488,32,8
16446534,96,8
16446670,63,8
16446858,100,8
16446944,149,88
16447033,26,8
16447238,145,8
16447359,199,15
16447367,101,38
16447479,178,8
16447609,109,38
16448069,9736,13
16448562,203,8
16448903,181,8
16449335,64,8
16449545,197,8
16450003,197,8
16450557,696,5
16450608,143,8
16450797,37,40
16450831,140,8
16450843,130,40
16450980,578,40
16451147,197,8
16451450,180,8
16451813,182,8
16452009,127,40
16452021,3385,160
16452111,202,8
16452193,34,40
16452223,126,88
16452237,14,40
16452446,180,8
16452483,181,40
16452685,169,40
16452778,194,8
16453063,79,40
16453160,126,8
16453384,110,40
16453776,92,40
16453906,92,66
16453931,196,8
16454003,308,5
16454271,207,8
16454366,94,66
16454402,105,40
16454646,179,8
16455011,138,8
16455379,135,8
16455519,2066,160
16455639,196,8
16456217,517,30
16456226,1416,30
16456232,992,15
16457030,45,38
16457588,1236,160
16457800,354,30
16458824,1268,160
16459179,333,13
16459202,287,30
16459361,422,21
16460091,4903,160
16460269,11607,154
16461059,6477,21
16463422,153,30
16464115,32,30
16464597,366,30
16466073,193,30
16466451,265,30
16466521,98,88
16466730,1989,30
16467259,13450,13
16467751,957,21
16468228,10056,58
16468930,115,88
16469010,476,21
16469646,386,21
16469869,10558,61
16469998,37,8
16470305,214,21
16470698,471,21
16470814,185,88
16471667,120,88
16472262,116,88
16472703,112,88
16473120,5601,54
16477103,946,15
16478097,939,15
16479047,942,15
16479565,61,13
16479989,983,15
16480933,944,15
16481502,10744,61
16481918,938,15
16482865,926,15
16483806,984,15
16483859,12625,2
16484156,12624,2
16484735,942,15
16485720,921,15
16486667,934,15
16487592,1018,15
16488528,920,15
16489553,935,15
16490475,933,15
16491413,981,15
16492248,10538,61
16492349,930,15
16493333,928,15
16494267,922,15
16495198,980,15
16496124,929,15
16497107,934,15
16498038,950,15
16498975,976,15
16499928,945,15
16500907,943,15
16501855,985,15
16502802,943,15
16503792,934,15
16504736,935,15
16505682,985,15
16505875,2205,5
16506404,7710,5
16506935,5665,1
16506959,5042,30
16507042,183,149
16507297,2729,160
16507328,237,149
16508115,3158,5
16508656,348,30
16510558,137,66
16511198,1626,158
16511487,1488,38
16511678,2717,11
16511922,113,66
16512398,80,30
16512422,600,5
16512461,1592,22
16512519,354,105
16512552,203,8
16512590,269,103
16512661,335,30
16512813,320,8
16512858,3955,158
16512987,262,21
16513239,1343,8
16513354,91,66
16513596,513,21
16513605,225,105
16513973,301,105
16514398,191,21
16514826,94,66
16515510,10527,54
16515658,680,5
16515897,287,30
16516034,547,96
16516102,204,8
16516251,638,30
16516328,1344,8
16516358,3186,149
16516455,10,155
16516740,1781,160
16517109,69,66
16517293,6671,30
16517306,12264,58
16517335,4323,54
16517519,164,88
16517534,94,66
16517620,4075,95
16517683,3056,22
16517692,592,8
16517862,499,105
16518355,100,8
16518392,4279,148
16518466,1400,8
16518471,184,66
16518521,4604,160
16518550,5997,24
16519908,92,8
16520086,1006,88
16520733,26,8
16520823,430,21
16520903,867,8
16521082,9485,22
16521788,4072,8
16522477,10813,2
16522786,10804,2
16523016,395,30
16523091,61,148
16523496,3403,30
16523531,942,148
16523886,1106,149
16523931,266,103
16524098,1784,158
16524241,1533,1
16524760,1120,148
16524819,4749,75
16524877,222,30
16525288,24,96
16525308,3914,161
16525743,20,96
16525755,1753,15
16526035,365,30
16526504,14,96
16526587,16,8
16526615,3662,8
16526726,202,30
16526773,325,131
16526981,4890,95
16526991,3337,131
16527167,25,96
16527226,184,30
16527403,533,88
16527427,3298,160
16527707,79,66
16527741,288,148
16527998,3146,88
16528059,48,96
16528078,28,148
16528117,416,148
16528469,6789,54
16528905,59,96
16529002,43,30
16529585,13430,58
16529889,4199,38
16529987,1428,153
16530075,1301,148
16530232,4241,24
16530558,12983,22
16531272,304,88
16531313,72,131
16531394,166,131
16531596,466,131
16531799,34,30
16531850,47050,5
16532031,12106,30
16532122,3590,21
16532474,1778,131
16533360,75,153
16533372,513,15
16533494,4696,8
16533669,6159,5
16533913,5378,154
16534014,5537,148
16534260,120,131
16534404,61,96
16534458,3197,160
16535058,132,96
16535129,79,8
16535363,32,8
16535532,26,8
16535669,4034,8
16535712,505,30
16535845,56,8
16535920,3495,8
16536063,1974,13
16536187,1003,15
16536197,1787,15
16536421,3163,15
16537575,15901,58
16537627,6413,38
16537925,10843,70
16538034,4570,13
16538281,866,24
16538572,123,88
16543144,1227,160
16544024,4291,47
16544139,8734,22
16544380,1211,160
16544393,30,160
16545404,4769,13
16545591,3637,160
16548776,7651,70
16550175,4798,13
16552864,8772,22
16554707,11781,2
16554972,10859,13
16555039,11700,2
16556047,10786,61
16556433,6851,70
16556993,1522,88
16558307,302,88
16558737,1292,88
16559146,1138,88
16561569,6962,22
16563287,6821,70
16565836,4780,13
16568466,6759,22
16570109,6953,70
16570618,4695,13
16571529,10521,61
16575157,6221,22
16575314,4723,13
16577063,6854,70
16580041,4681,13
16581314,4605,22
16582110,10882,61
16583922,6901,70
16584729,10607,13
16585856,4555,22
16590375,4547,22
16590411,1976,1
16590825,20149,70
16592482,8363,160
16592590,566,5
16592740,116,30
16592834,335,30
16594033,30,30
16594272,166,30
16594587,656,158
16594856,4744,22
16594921,34,30
16595326,357,30
16595338,6273,13
16597397,127,30
16597963,66,30
16598172,32,30
16598492,50,30
16598756,462,5
16599383,164,66
16599406,190,10
16599508,2770,158
16599582,5967,22
16599601,63,22
16600338,4002,8
16600362,327,8
16600983,329,8
16601503,332,8
16601511,13419,2
16601612,10731,13
16601618,13319,2
16601749,158,40
16601859,85,66
16602039,139,40
16602085,165,8
16602104,11645,1
16602203,605,95
16602302,12,115
16602481,9,115
16602610,139,40
16602650,57,8
16602732,92,8
16602851,177,95
16602922,328,8
16603146,10,115
16603209,340,88
16603263,1553,88
16603330,119,40
16603552,336,8
16603600,206,40
16603709,1470,88
16604561,4107,38
16604636,284,30
16604918,360,88
16605384,1482,88
16605542,8058,22
16605813,1340,88
16606821,1677,10
16608059,583,88
16608640,24,70
16608702,5479,70
16609266,1048,88
16609462,22,8
16609478,1301,88
16609904,694,8
16610578,72,30
16610663,23,13
16610684,53,30
16610696,44,13
16610905,307,30
16610928,1170,88
16610976,14330,70
16611238,1556,88
16611640,29,115
16611810,10,115
16611929,9,115
16612419,1430,40
16612508,34,115
16612563,929,88
16612902,72,153
16613026,15,115
16613192,1045,10
16613471,2598,5
16613578,7609,22
16613647,2611,58
16613998,71,88
16614159,137,30
16614292,188,70
16614493,1662,10
16614952,7423,146
16615547,14,115
16615793,884,88
16615833,12,115
16615881,969,88
16615948,7808,51
16616070,11,115
16616154,80,66
16616281,14,115
16616333,32,30
16616413,16,115
16616496,130,30
16616553,75,115
16616653,342,30
16616875,42,115
16617218,8468,17
16617297,13796,58
16617342,6251,8
16617351,7896,8
16617457,50,115
16617507,88,88
16617541,72,66
16617593,110,115
16617638,1119,88
16617696,1439,88
16617753,10066,15
16617771,11292,15
16617895,615,115
16618379,5368,55
16618962,7288,40
16618968,8276,40
16618977,419,115
16619146,5701,5
16619611,117,153
16619655,28,115
16619718,25,115
16619814,277,88
16619823,11169,2
16620080,437,115
16620187,793,88
16620236,1115,88
16620377,431,22
16620733,129,153
16621176,114,153
16621204,31,153
16621217,97,66
16621328,6144,1
16621603,454,149
16621881,2912,30
16622131,697,149
16622502,5937,22
16622648,68,153
16623348,219,149
16623372,101,66
16623569,65,153
16623766,8185,51
16624012,124,88
16624465,238,149
16624483,66,153
16625188,1492,158
16625309,8720,70
16625419,309,66
16625642,37,17
16625706,111,17
16625915,99,17
16626095,308,149
16626103,241,17
16626294,315,66
16626708,25,38
16626872,70,38
16627066,496,149
16627839,11488,15
16628379,5747,22
16628621,59,38
16628657,71,153
16628729,62,153
16628910,3482,38
16630342,347,149
16630983,453,149
16631048,37,55
16631945,4011,55
16631963,3415,51
16634032,7955,70
16634063,4425,22
16634129,62,22
16638424,4824,22
16639134,11494,15
16640168,9638,13
16640560,7102,58
16642800,10675,61
16643183,5108,22
16646061,2208,96
16648269,5085,22
16649815,8163,13
16653335,6133,22
16657980,7101,13
16659416,4324,22
16663736,4503,22
16665084,7430,13
16668175,5633,22
16672516,5459,13
16673763,4517,22
16674233,219,15
16677978,7148,13
16678216,4469,22
16678282,60,22
16678659,3397,51
16678671,61,51
16682066,3392,51
16682621,5306,22
16682690,109,55
16683170,10761,61
16685128,7557,13
16685187,755,55
16685468,3427,51
16686526,126,74
16687861,4984,22
16688592,93,74
16688906,3644,51
16689341,33,113
16689940,35,113
16690808,33,113
16691604,1466,70
16692358,33,113
16692689,7380,13
16692780,5248,22
16692848,58,22
16693073,4887,70
16693959,34,113
16693981,10520,61
16694475,18,113
16695505,18,113
16697521,182,74
16697847,232,74
16697959,5243,70
16698000,5770,22
16698214,250,74
16699749,4410,58
16700070,15000,13
16700131,18,113
16700252,152,74
16700534,149,74
16701268,19,113
16701599,300,40
16703205,5045,70
16703705,5314,22
16703908,2506,40
16704327,2368,58
16704454,10988,61
16705928,21,113
16708254,11035,70
16708620,65,156
16708870,397,156
16708985,5908,22
16709017,33,156
16709393,21,156
16709487,13,156
16709706,29,156
16709765,27,156
16710035,45,156
16710155,10,156
16710351,667,146
16710985,55950,146
16714853,5155,22
16714896,198,61
16715073,11311,13
16715315,426,61
16715442,10745,61
16715829,142,61
16715917,16862,47
16716329,79,61
16716819,4132,61
16718665,520,74
16719291,5393,70
16719945,6377,22
16720725,20,113
16720890,2129,61
16722070,685,74
16722501,25,113
16722508,8609,2
16722957,595,74
16723201,3510,61
16723691,8601,2
16723796,392,74
16724686,5282,70
16725603,179,40
16725927,147,40
16726189,10771,61
16726256,5967,22
16726385,6197,13
16726706,3252,61
16726785,60,61
16729962,3824,61
16729966,4954,70
16730734,275,113
16731224,183,113
16731778,359,113
16732158,4725,22
16732224,54,22
16732543,253,113
16732586,288,113
16732826,3622,47
16733733,3294,61
16734927,13990,70
16736820,4392,22
16736960,10605,61
16737028,3238,61
16737163,59,61
16740268,3259,61
16740403,59,61
16741146,4870,22
16743527,3290,61
16745952,4730,22
16746815,3266,61
16746955,58,61
16747567,10500,61
16748920,10780,70
16750091,3278,61
16750617,4486,22
16753371,3270,61
16755038,4659,22
16756642,3228,61
16758068,10947,61
16759665,4664,22
16759704,5403,70
16759873,3256,61
16760007,59,61
16763129,3320,61
16763265,59,61
16764265,4910,22
16764332,60,22
16766489,3579,61
16766530,23,61
16766935,95,146
16767141,2637,146
16768231,1626,146
16769017,10552,61
16769111,4623,22
16770031,3555,61
16770105,470,146
16770341,53,146
16770593,72,146
16770812,1489,146
16773609,3528,61
16773670,4339,22
16773672,64,61
16773736,60,22
16775184,7878,40
16775252,1308,40
16777120,3575,61
16777253,62,61
16777945,4537,22
16778012,60,22
16779568,10945,61
16779703,59,40
16780692,3619,61
16780759,61,61
16782418,5781,22
16784248,3518,61
16787036,172,70
16787216,171,70
16787302,56,70
16787486,23,70
16787580,94,40
16788064,4426,22
16788202,21,22
16788805,1381,8
16789043,3590,61
16792426,5375,22
16792573,3433,61
16792707,59,61
16795748,2051,70
16796066,4009,61
16796069,357,70
16796228,10236,13
16797781,6441,22
16797847,2828,70
16798178,2357,70
16798354,1157,10
16798375,17117,47
16799765,10530,61
16799839,120,8
16800013,3663,61
16800705,321,70
16801825,9518,70
16803616,3706,61
16804121,165,22
16807324,3715,61
16809620,977,15
16810644,6372,15
16811040,3684,61
16811174,61,61
16811347,7072,70
16811620,10707,61
16813112,426,13
16814727,3606,61
16818334,3579,61
16818423,7065,70
16821916,3501,61
16822329,10485,61
16825438,3632,61
16825490,7066,70
16826554,7840,2
16829050,3960,61
16832561,5732,70
16832752,7892,2
16832814,10739,61
16833007,3548,61
16836563,3572,61
16836696,59,61
16838296,7009,70
16840136,3577,61
16843555,10553,61
16843709,3520,61
16843777,58,61
16845308,7003,70
16845882,11378,1
16845931,4002,15
16845965,6411,15
16847163,3600,61
16850453,310,146
16850757,4160,61
16851112,5347,40
16851581,1829,158
16852277,5052,148
16852315,8168,70
16852752,4264,95
16853860,257,5
16854769,646,30
16854777,263,8
16854869,4817,61
16854935,52,43
16855022,19,43
16855473,1525,5
16855998,747,66
16856356,375,8
16856840,359,8
16856906,4070,66
16857331,1672,8
16857561,1786,10
16857845,1064,148
16857989,3379,5
16858115,6725,120
16858263,35,120
16858569,18928,38
16858886,3611,55
16859059,6,55
16859071,9,55
16859076,3439,95
16859127,5154,8
16859252,63,55
16859261,110,148
16859443,57,55
16859650,77,148
16859679,5994,61
16859695,2418,10
16860458,59,55
16860487,22949,70
16860652,418,148
16860667,95,55
16860914,65,55
16861130,38,55
16861327,51,55
16861413,874,5
16861545,44,55
16862305,1775,10
16862516,806,88
16862676,581,88
16862764,1791,148
16862865,50,135
16862919,540,66
16862963,28,135
16862975,5301,1
16863252,8042,2
16863281,25,135
16863462,82,135
16863588,764,88
16863626,120,95
16863673,609,88
16863789,3834,66
16863805,5569,95
16863837,28,135
16863928,20,135
16863972,68,135
16864318,64,135
16864338,1793,10
16864579,33,135
16864756,54,135
16865021,62,8
16865210,597,8
16865375,15325,21
16865419,44,135
16865455,875,88
16865484,33,21
16865529,954,88
16865539,29,135
16865642,4367,61
16865677,133,21
16865810,3,21
16865832,104,8
16865882,5359,21
16865962,70,8
16866073,421,8
16866136,621,137
16866179,22,135
16866533,113,8
16866551,23,135
16866876,90,135
16867233,964,5
16867268,177,88
16867879,65,88
16868083,244,88
16868166,17,135
16868173,580,88
16868227,1224,1
16868342,12,135
16868480,103,66
16868601,13,135
16868801,133,135
16868929,110,66
16869108,13,135
16869116,57,103
16869130,45,103
16869216,120,103
16869267,16,135
16869276,106,103
16869419,12,135
16869427,215,103
16869455,569,88
16869789,336,148
16869945,290,66
16869952,885,8
16869992,5142,61
16870010,491,25
16870096,397,148
16870197,983,10
16871092,631,8
16871796,612,8
16872116,25,135
16872284,104,88
16872319,150,96
16872376,122,88
16873070,447,8
16873085,18,8
16873165,24,8
16873181,51,88
16873212,24,8
16873223,22,96
16873316,25,8
16873357,70,8
16873446,44,88
16873471,55,8
16873538,997,8
16873740,24,135
16873891,111,8
16873924,100,135
16873929,135,66
16874073,1868,5
16874365,164,24
16874815,19,96
16875093,4731,61
16875136,5729,2
16875180,8,40
16875292,4526,8
16875911,64,135
16875923,24,96
16876142,17,96
16876257,38,135
16876329,66,137
16876491,7600,58
16876533,405,38
16876552,1272,137
16876680,96,8
16876802,70,8
16877024,346,8
16877044,26,96
16877389,216,8
16877416,53,96
16877557,1352,41
16877855,4064,2
16878136,49,135
16878236,1265,137
16878377,54,135
16878401,193,8
16878697,34,135
16878759,188,8
16879087,168,66
16879115,77,135
16879594,47,135
16879687,1260,137
16879823,4268,61
16879891,241,61
16880139,3401,146
16880208,31,156
16880339,130,66
16880397,63,135
16880654,3878,19
16880677,28,156
16880943,25,156
16881090,431,137
16881122,37,135
16881242,1954,95
16881469,36,135
16881503,35,156
16881670,15,156
16881682,6245,1
16881773,37,135
16882191,37,135
16882425,35,135
16882590,4792,24
16882725,37,156
16882840,689,146
16882871,36,135
16883415,115,5
16883439,14969,70
16883567,4979,146
16883650,97,66
16884024,4956,61
16884094,169,61
16884374,84,66
16884431,54,146
16884872,131,95
16885022,1011,95
16885327,68,135
16885767,12,146
16885825,9,146
16885869,44,105
16885912,73,146
16886245,229,95
16886295,44,135
16886513,109,66
16886716,52,135
16887091,57,135
16887294,755,113
16887395,33,135
16887529,78,66
16887680,38,135
16887913,1707,10
16888164,41,135
16888536,5019,146
16888573,38,135
16888745,43,135
16888937,4916,61
16889332,40,135
16889609,45,135
16890148,41,135
16890633,42,135
16891013,665,113
16891041,41,135
16891880,43,135
16892037,60,15
16892177,210,15
16892208,59,135
16892544,248,15
16892671,60,135
16892868,38,135
16893495,5540,146
16893561,60,146
16893653,42,135
16893764,879,15
16893781,4544,61
16894020,52,135
16894255,60,135
16894524,57,135
16894922,64,135
16895160,509,15
16895600,822,15
16895977,59,135
16897162,66,135
16897272,976,15
16897441,57,135
16897910,58,135
16898281,51,135
16898287,4041,61
16898404,20,61
16898409,7330,70
16898582,379,15
16898843,63,135
16898970,5060,146
16899338,679,15
16899480,53,135
16899778,56,135
16900018,410,15
16900431,70,135
16900686,272,15
16901026,57,135
16901227,367,15
16901332,62,135
16901539,3936,2
16901649,70,135
16901986,49,135
16902011,360,15
16902229,51,135
16902313,4040,61
16902450,118,61
16902586,64,135
16902858,60,135
16903138,52,135
16903376,48,135
16903648,61,135
16903971,59,135
16904005,4332,146
16904232,59,135
16904346,10872,61
16904521,56,135
16904897,67,135
16905158,66,135
16906353,4420,61
16906419,60,61
16906616,70,135
16906768,30,56
16907089,72,135
16907132,35,56
16907200,212,135
16907521,138,135
16907794,50,135
16908094,56,135
16908303,34,56
16908322,4633,146
16908339,59,146
16908643,53,135
16908921,51,135
16909779,53,135
16910183,40,135
16910437,34,135
16910633,41,135
16910711,3751,61
16910776,120,61
16910972,51,135
16911345,55,135
16911654,186,135
16912086,54,135
16912469,56,135
16912738,52,135
16912830,4137,146
16913471,55,135
16914254,41,135
16914399,3758,61
16914534,63,61
16914539,54,135
16914925,55,135
16915332,55,135
16916159,56,135
16916902,4341,146
16916969,61,146
16918159,3553,61
16918293,61,61
16921176,4313,146
16921713,3543,61
16921849,58,61
16925152,10470,61
16925248,3510,61
16925421,4188,146
16928702,3434,61
16929548,4178,146
16932131,3866,61
16933509,38,56
16933662,4595,146
16934011,41,56
16934169,41,56
16935930,4920,61
16936170,2630,1
16936818,501,94
16936913,43,56
16937488,37,56
16938199,6089,146
16938259,1375,5
16938783,1028,10
16938850,4539,5
16939095,33,56
16939768,2189,5
16940040,64,21
16940232,1937,21
16940675,86,66
16940756,5962,1
16940786,4095,61
16940854,149,61
16941581,223,10
16941772,70,66
16942245,1888,5
16942500,59,66
16943325,109,66
16943412,9,5
16943447,1941,5
16943532,1353,158
16944026,19,25
16944153,2572,5
16944259,4637,146
16944837,5301,61
16945009,1390,105
16945529,90,66
16945827,923,95
16945829,71,94
16945961,66,94
16945978,424,24
16946026,1946,40
16946100,58,94
16946220,88,94
16946232,72,66
16946549,2941,120
16946695,74,94
16946701,256,36
16946954,88,66
16947039,2696,95
16947064,33,95
16947072,4257,1
16947217,107,8
16947233,247,66
16947337,745,8
16947443,54,94
16947494,225,66
16947544,33,94
16947614,34,94
16947691,29,94
16947769,54,94
16947843,41,94
16947850,251,66
16947898,756,105
16947903,57,94
16947960,33,94
16948059,26,94
16948106,36,94
16948151,135,66
16948153,53,94
16948223,32,94
16948272,32,94
16948316,100,66
16948457,40,8
16948470,1031,24
16948560,110,8
16948584,1796,40
16948585,67,94
16948652,22,94
16948764,321,66
16948787,112,8
16948880,7643,146
16949034,1001,105
16949108,79,66
16949199,670,8
16949454,145,84
16949661,80,84
16949666,6809,58
16949756,4133,10
16949855,82,66
16950069,319,105
16950119,5175,61
16950234,2105,5
16950288,75,66
16950573,41,105
16950608,95,66
16950814,149,8
16951004,93,105
16951060,131,8
16951079,824,40
16951242,28,105
16951296,344,5
16951332,1001,105
16951341,114,66
16951373,4320,8
16951655,2385,5
16951834,8579,1
16952101,108,66
16952432,1855,5
16952690,118,66
16952888,53,105
16953050,64,105
16953603,81,66
16954042,23,10
16954076,2093,10
16954125,215,95
16954155,100,66
16954360,4275,95
16954415,28,10
16954710,49,2
16954785,2662,2
16955266,4313,61
16955662,127,66
16956105,3195,8
16956174,18,8
16956366,1427,24
16956433,220,2
16956494,211,146
16956592,5802,58
16956596,1284,10
16956671,2382,5
16956692,75,105
16956699,243,5
16956852,119,105
16956966,4829,5
16956999,131,105
16957164,82,40
16957388,4413,2
16957541,87,105
16957978,161,40
16958003,310,105
16958014,1834,131
16958303,4090,10
16958494,191,105
16958819,44,56
16958828,33,56
16959092,3625,5
16959197,49,56
16959456,49,56
16959689,72,56
16959851,27,94
16959895,32,94
16960402,253,36
16960451,5546,40
16960688,308,36
16960867,257,148
16962764,45,94
16962875,211,105
16962883,72,94
16962922,6802,58
16963044,93,94
16963172,96,10
16963207,62,94
16963309,217,10
16963387,3554,24
16963399,76,94
16963834,26,137
16964089,623,2
16964114,1100,5
16964241,4242,95
16964464,98,94
16964595,83,94
16964723,86,94
16964761,1672,10
16964931,23,137
16964979,11358,1
16964991,3201,148
16965068,355,94
16965230,234,161
16965247,40,137
16965307,19,137
16965383,1322,75
16965587,98,94
16965609,1538,161
16965626,40,137
16965709,21,137
16965770,35,8
16965833,90,94
16965939,78,137
16965949,521,105
16965956,1038,8
16966088,227,24
16966185,67,94
16966225,59,2
16966404,534,2
16966478,52,137
16966556,134,105
16966677,12,105
16966724,551,105
16967224,259,8
16967245,117,66
16967869,80,153
16968107,97,66
16968344,1637,5
16968463,571,43
16968497,99,153
16968525,111,105
16968546,224,8
16968649,366,40
16968970,210,8
16969172,193,105
16969197,147,8
16969527,23,8
16969935,229,105
16970085,69,153
16970127,104,8
16970221,284,5
16970313,30,8
16970507,2140,95
16970558,31,8
16970614,26,8
16970678,27,8
16970749,26,8
16970799,376,24
16970923,42,8
16970945,23823,5
16971051,489,8
16972005,207,105
16972346,173,8
16973894,18098,38
16973930,498,8
16974956,77,8
16975295,35,8
16975516,35,8
16975662,50,8
16976012,58,8
16976230,27,8
16976376,153,8
16976536,74,8
16976691,11,8
16976797,49,8
16976827,20,43
16976999,494,8
16978133,497,8
16979370,72,8
16979587,498,8
16980139,382,2
16980673,26,8
16980707,34,8
16981034,492,8
16984912,83,146
16985033,19009,146
16985050,492,8
16986846,160,8
16986872,3798,61
16986977,66,146
16987128,12,146
16988012,10753,61
16990642,3617,61
16994266,3485,61
16994395,9177,54
16997746,3454,61
16998903,10505,61
17001211,3499,61
17004711,3519,61
17008222,3677,61
17009407,10702,61
17011902,3485,61
17015398,3777,61
17017992,64,2
17018127,567,2
17019042,2998,2
17019175,4171,61
17020112,10519,61
17021321,9638,1
17022765,1198,2
17023341,3526,61
17024073,1580,148
17024129,32,148
17025644,701,146
17025837,1574,148
17026363,3607,146
17026842,3663,61
17027221,36,8
17027446,71,8
17027613,19,8
17027703,51,8
17027948,31,8
17028203,1857,8
17028376,1011,40
17028879,240,40
17029087,286,84
17029296,88,40
17029425,132,1
17029469,1113,43
17029813,104,40
17029851,359,1
17029942,85,1
17029983,3864,2
17030399,60,1
17030475,3564,61
17030572,80,10
17030845,66,1
17030941,776,54
17031033,350,1
17031365,90,10
17031378,32,10
17031565,23,10
17031594,2904,15
17031626,121,40
17031674,887,105
17031767,1645,54
17032003,121,40
17032156,382,40
17032281,18,96
17033033,2662,40
17033470,22,96
17033608,381,105
17033758,6037,54
17033905,20,96
17034004,292,75
17034030,3754,61
17034208,522,30
17034254,12246,8
17034320,20,96
17034569,768,15
17035201,16670,146
17035324,20,96
17035455,41,8
17035460,175,66
17035494,8949,51
17035562,30,115
17035613,202,105
17035703,12,115
17035814,1690,15
17035910,10,115
17036034,23,96
17036054,423,146
17036285,18,115
17036327,540,24
17036395,15,115
17036437,59,8
17036519,22,8
17036538,3924,146
17036731,24,8
17036774,1637,15
17036810,19,96
17036880,9133,8
17037014,79,153
17037177,5442,40
17037398,313,5
17037998,3797,61
17038323,16205,58
17038330,13,115
17038725,776,5
17038834,27,96
17039046,297,66
17039256,23,115
17039539,477,38
17039671,134,66
17039818,14,115
17040027,7,38
17040070,169,66
17040100,29,115
17040217,387,38
17040309,17,115
17040380,32,96
17040451,15,115
17040622,13,115
17040734,12,115
17041170,824,24
17041295,31,96
17041322,16,115
17041720,18,96
17041803,3744,61
17041992,28,115
17042178,17,115
17042260,20,96
17042545,19,115
17042559,5881,1
17042580,173,105
17042587,25153,5
17042603,60,115
17042732,288,115
17042781,69,153
17042804,36,153
17042852,340,146
17043000,204,88
17043042,813,105
17043170,84,10
17043208,1369,88
17043249,722,40
17043312,117,115
17043871,43,156
17043986,111,155
17044011,45,40
17044154,80,8
17044452,8938,51
17045545,4220,61
17045709,917,105
17045768,4736,131
17045875,20,61
17045889,1899,131
17045983,1300,40
17046141,155,115
17046430,22,25
17046552,115,115
17046796,115,115
17046871,701,10
17047194,10599,24
17047298,1001,40
17047354,32,8
17047376,471,96
17047449,301,8
17047756,561,8
17048015,306,96
17048427,6694,54
17048985,423,96
17049142,3283,41
17049258,815,40
17049273,432,38
17049410,104,10
17049436,674,96
17049474,1214,8
17049966,6498,2
17050059,6081,61
17050093,157,10
17050278,1459,10
17050563,127,153
17050573,6147,38
17051044,191,66
17051311,197,10
17051807,65,10
17051938,4346,10
17052702,3740,1
17052982,58,30
17053281,55,30
17053723,30,30
17054506,461,15
17055651,91,1
17055670,108,153
17055906,50,146
17056059,421,137
17056116,229,61
17056416,157,66
17056432,1545,15
17056487,23,10
17056800,66,153
17056824,44,153
17057187,3409,38
17057213,35,38
17057505,540,5
17058084,66,153
17058435,1077,158
17058581,331,137
17058961,70,153
17058988,35,153
17059147,174,66
17059200,1296,137
17060600,1119,137
17060607,10,38
17065725,34,63
17071787,1244,137
17073079,426,137
17074442,5879,58
17074448,10481,61
17074506,24,137
17074619,194,21
17076677,59,146
17076796,62,146
17076988,53,146
17077365,4316,146
17081661,4406,146
17086049,4371,146
17086146,10855,61
17090400,4377,146
17094760,4307,146
17097005,10561,61
17099069,4324,146
17104283,3991,51
17107536,4126,61
17109725,17122,15
17120876,3740,5
17125843,2695,40
17126019,16564,24
17126115,74,115
17126181,2057,2
17126224,71,115
17127356,219,10
17128829,4047,40
17128950,3213,2
17129222,13388,61
17129406,13083,146
17130042,266,158
17131509,11068,63
17131935,10548,84
17132001,10345,5
17132118,10486,10
17132897,798,40
17134455,235,30
17135898,3908,5
17135901,3328,154
17137616,3977,63
17137851,29229,38
17137868,20580,38
17139653,3961,161
17139927,3931,161
17140925,160,8
17142653,2293,24
17143034,159,8
17143051,1781,15
17143346,966,10
17143581,169,66
17144255,59,10
17144370,263,10
17144370,263,10
17144589,7571,146
17144631,96,146
17144657,82,66
17144814,18332,15
17144824,597,10
17144926,4711,70
17146644,3978,63
17146957,485,96
17147754,625,96
17152145,8099,146
17155855,8044,80
17160246,7708,146
17160595,701,21
17160919,10819,61
17161471,697,21
17162376,330,21
17162895,494,21
17163651,765,21
17164631,386,21
17165454,7128,21
17165574,3214,2
17166399,15,163
17166513,9072,70
17166789,351,96
17167431,577,96
17167890,4205,146
17168477,201,96
17169529,94,96
17170268,296,96
17170565,160,96
17171410,222,96
17171710,10643,61
17172087,4206,146
17172091,237,96
17172433,555,96
17173009,14,96
17173144,305,96
17173432,556,96
17174302,511,96
17174814,558,96
17175587,6940,70
17175705,384,96
17176121,282,96
17176235,4428,146
17176861,23,96
17177178,39,96
17177428,41,96
17177939,123,96
17178246,120,96
17180604,4226,146
17182383,10821,61
17182530,6892,70
17184767,4093,146
17188796,4173,146
17189426,6922,70
17191683,1237,84
17192966,5177,146
17193204,10554,61
17195453,4155,63
17195610,21193,15
17196262,502,40
17196352,6332,70
17196513,10326,131
17196778,82,40
17196841,7335,1
17196873,212,1
17197240,1289,1
17197951,639,22
17198078,7339,146
17198798,33,30
17199149,1240,1
17199555,51,30
17199723,42,30
17199910,1095,40
17200207,5521,24
17200290,5440,63
17200482,1146,132
17200539,73,30
17200620,524,21
17200722,120,30
17200968,1363,22
17201014,919,40
17201146,20,54
17201266,353,21
17201337,702,10
17201828,18,161
17201894,464,21
17201938,2388,40
17201986,437,1
17202072,900,54
17202232,44,30
17202264,70,10
17202440,1256,22
17202486,420,21
17202503,3182,10
17202509,800,1
17202685,4333,70
17202694,50,30
17202994,3845,20
17203060,150,146
17203092,491,21
17203288,724,54
17203310,393,146
17203566,3931,2
17203589,56,30
17203686,6061,21
17203758,648,30
17204033,58,36
17204453,348,54
17204490,22,30
17204657,6723,40
17205223,1834,1
17205414,7431,146
17205479,60,146
17206024,120,96
17206569,117,96
17207010,3043,131
17207022,6949,70
17207637,123,96
17207814,5616,51
17207905,176,1
17208028,119,96
17208045,2200,24
17208074,162,36
17208290,54,96
17208560,176,36
17208915,620,161
17208966,11319,1
17209365,32,30
17209757,1595,131
17209887,171,30
17210065,1975,21
17210091,10619,26
17210215,51,161
17210272,304,10
17210292,18,161
17210375,58,161
17210453,141,161
17210610,5144,161
17211326,16,115
17211490,13,115
17212053,2297,80
17212264,105,21
17212522,22,115
17212700,10946,21
17212782,8779,146
17213446,8402,51
17213655,3677,24
17213770,2819,10
17214008,7064,70
17214555,5033,61
17214592,2618,80
17215667,86,115
17216361,40,115
17216518,29,115
17216525,4470,2
17216632,197,115
17216742,2770,161
17217369,4260,80
17217536,47,115
17217598,138,84
17217853,579,30
17218005,1604,40
17218092,30,21
17218122,2165,5
17218130,896,15
17218275,2044,22
17218493,5419,20
17218559,263,30
17219228,1055,5
17219241,1467,146
17219310,17,15
17219336,285,15
17219473,69,30
17219546,4535,61
17220028,30,161
17220072,884,15
17220078,26,115
17220100,290,30
17220279,47,115
17220348,27,30
17220447,2373,75
17220468,2140,8
17220481,4010,26
17220954,1923,26
17220987,12,115
17221041,1064,75
17221072,15497,70
17221086,325,146
17221144,42,115
17221377,167,115
17221550,10929,146
17221562,5755,2
17221630,2883,80
17221839,48,115
17222117,10,15
17222245,15,15
17222254,7350,5
17222380,6476,1
17222403,12,15
17222462,44,115
17222553,6349,15
17222729,79,115
17222992,3154,63
17223144,828,146
17223404,17,75
17223552,37,75
17223724,652,75
17223750,885,30
17224020,1158,146
17224071,4969,61
17224503,3332,75
17224635,2404,75
17225035,274,80
17225456,9687,146
17226060,259,80
17226340,10708,80
17226933,123,96
17226945,80,30
17227155,5766,54
17227505,179,30
17227691,31,30
17228047,131,30
17228626,4501,63
17228872,16,75
17228995,1038,75
17229034,4028,61
17229387,10400,15
17229607,525,30
17229787,2396,137
17230148,36,30
17230233,51,1
17230301,18923,1
17230311,46,1
17230324,948,75
17230402,16,75
17230542,243,1
17230573,46,75
17230783,426,75
17231685,4937,75
17231723,554,75
17232182,108,30
17232250,4632,137
17232410,1348,75
17232999,3767,61
17233068,62,61
17234846,24,15
17236576,7040,70
17236703,3781,61
17236770,62,61
17240424,3594,61
17243618,10706,70
17244021,3575,61
17247326,10833,61
17247593,3615,61
17247660,60,61
17248582,7494,15
17251147,3569,61
17251280,60,61
17253240,151,146
17253970,4930,146
17254044,59,146
17254717,3630,61
17255313,24,163
17258347,3516,61
17258837,4098,146
17260301,10625,61
17261866,3518,61
17262871,4233,146
17265386,3481,61
17267040,4136,146
17268929,3649,61
17270929,10832,61
17271174,4094,146
17272517,3483,61
17272652,61,61
17275204,4181,146
17276004,3485,61
17279322,4804,146
17279492,3549,61
17281762,10572,61
17282088,1017,15
17282889,19,15
17282959,72,15
17283041,3537,61
17283223,901,15
17283266,54,15
17283581,1508,15
17283608,122,84
17284083,7254,146
17285797,615,1
17285855,10744,15
17286418,11438,1
17286579,3514,61
17286712,60,61
17290094,3552,61
17290228,62,61
17291272,8643,146
17292336,10983,61
17293647,3536,61
17296648,10829,15
17297185,3597,61
17299731,7574,1
17299851,6380,146
17300356,488,70
17300449,10225,58
17300552,4672,13
17300782,3874,61
17300907,21,70
17300909,21,61
17301105,5125,70
17303320,10697,61
17303620,20,38
17303780,19838,38
17304659,3548,61
17306185,4488,146
17307060,4097,58
17308007,2518,15
17308212,4633,61
17309203,74,1
17309968,7736,1
17310652,5002,146
17310919,6946,58
17310993,105,15
17311028,1602,15
17311715,864,15
17312844,4642,61
17314019,10859,61
17314098,44,61
17315193,602,75
17315384,1675,75
17315570,6193,146
17315930,9214,70
17316002,2500,75
17316055,1114,13
17317546,4849,61
17317569,22,61
17317702,29,13
17317714,1548,13
17317881,2223,58
17317898,755,75
17319281,5394,13
17319841,2480,75
17319868,1745,75
17321700,5592,146
17322339,4999,61
17322474,59,61
17324398,577,75
17324464,1716,75
17324663,5426,13
17324718,3307,75
17324936,10600,61
17326709,689,75
17326774,1611,75
17327085,754,15
17327284,5019,146
17327342,4425,61
17330106,5439,13
17331777,3511,61
17332241,4374,146
17335287,4712,61
17335527,10464,61
17335541,13030,13
17335561,77,61
17336612,6084,146
17337465,472,75
17337511,1696,75
17337757,9887,75
17338230,556,75
17339930,578,75
17340060,3851,61
17340137,66,61
17342631,6312,146
17343915,3643,61
17345946,10890,61
17347502,3507,61
17348579,7890,13
17348881,4428,146
17351011,3477,61
17353246,4418,146
17354488,3541,61
17354624,59,61
17356452,8240,13
17356839,10496,61
17357602,4460,146
17358032,3514,61
17361548,3493,61
17361998,4311,146
17364724,2940,13
17365040,3486,61
17366247,4491,146
17367337,10735,61
17367667,15104,13
17368529,3579,61
17368663,61,61
17370674,4886,146
17372043,658,75
17372110,3710,61
17372245,59,61
17375498,4910,146
17375822,3501,61
17378131,10517,61
17378414,734,15
17379323,3525,61
17380343,4608,146
17382085,15821,1
17382589,10749,58
17382774,10807,13
17382852,3627,61
17382985,59,61
17383825,317,1
17384890,4451,146
17386479,3545,61
17386613,61,61
17388590,10809,61
17389278,4295,146
17390026,5520,61
17391017,4843,80
17393538,4721,146
17393580,7469,13
17395548,4492,61
17396157,870,80
17397180,364,80
17398195,4357,146
17398793,5211,58
17399049,253,80
17399403,10529,61
17399904,450,80
17399929,58383,1
17399954,5731,61
17400884,597,80
17401399,6783,70
17401509,6419,80
17402487,4256,146
17404020,4820,58
17405794,5647,61
17406679,4245,146
17408184,6779,70
17408447,896,80
17409447,199,80
17409684,7300,80
17409934,10835,61
17410861,4212,146
17411441,6346,61
17414956,6739,70
17415060,4171,146
17417790,3627,61
17419173,4221,146
17420770,10605,61
17421420,3637,61
17421555,58,61
17421707,6837,70
17423330,4238,146
17425057,3671,61
17425191,61,61
17427504,4220,146
17428546,6742,70
17428729,3581,61
17431376,10840,61
17431661,4145,146
17432313,3589,61
17435291,6772,70
17435743,4334,146
17435902,3672,61
17439575,3590,61
17439709,64,61
17440073,4346,146
17442063,6783,70
17442218,10528,61
17443162,3631,61
17444345,4145,146
17446730,3823,61
17448437,4167,146
17448851,6751,70
17450487,3505,61
17450555,59,61
17450804,164,84
17452542,4220,146
17453927,3661,61
17455604,6746,70
17456749,4164,146
17457522,534,61
17458186,71,30
17458578,118,30
17458939,112,30
17459537,288,11
17459937,47,30
17460101,207,30
17460511,187,30
17460885,6804,146
17460919,220,30
17460949,2338,8
17461085,638,63
17461396,1048,30
17461620,197,137
17461872,2831,137
17462005,3978,25
17462353,6731,70
17462368,1765,63
17462796,5734,24
17463752,4563,164
17464155,4697,80
17464407,115,84
17464756,4039,137
17464928,16032,8
17465793,2522,26
17466503,8468,21
17466588,351,21
17466827,4282,63
17467102,389,21
17467685,8465,146
17467700,709,40
17467737,474,21
17468314,1238,26
17468338,2362,26
17468474,723,21
17468515,225,1
17468860,3987,137
17468957,89,1
17468965,590,40
17469089,7294,70
17469216,5991,164
17469369,35,120
17469633,93,120
17469747,5224,21
17469956,33,120
17470203,29,120
17470468,39,120
17470704,33,8
17470750,91,8
17470871,1451,8
17471166,3150,26
17471223,7030,63
17471277,26,63
17471281,2306,80
17471525,44,40
17471706,31,40
17471929,6641,58
17472135,8661,24
17472870,1614,137
17473601,2194,80
17473704,20,9
17473835,143,1
17474019,229,1
17474032,59,1
17474301,3016,26
17474757,6813,2
17475004,677,1
17475243,1805,5
17475744,198,1
17475772,5122,137
17475808,1658,80
17475854,1989,13
17475945,782,40
17475952,32,40
17476057,218,40
17476146,6805,146
17476315,151,1
17476370,91,40
17476392,7413,70
17476472,7986,40
17476644,671,96
17476933,169,30
17477037,1795,26
17477465,2084,26
17477613,87,96
17477649,159,1
17477754,41,30
17477829,251,30
17477908,389,13
17477913,588,1
17478124,254,96
17478364,1551,96
17478586,8228,58
17479162,56,1
17479667,1998,26
17480058,33,96
17480254,338,96
17480465,8382,8
17480525,4004,26
17480595,225,165
17480858,112,96
17480863,736,30
17480898,65,8
17481120,169,96
17481137,185,165
17481432,230,96
17481662,838,96
17481822,7605,63
17481851,28,30
17481876,4251,21
17481932,1457,21
17481951,126,30
17482129,1803,10
17482220,1718,24
17482499,148,165
17482616,452,96
17482761,778,30
17482893,6164,146
17482976,80,30
17483236,61,38
17483516,72,30
17483590,871,94
17483596,1026,21
17483600,648,96
17483606,19,38
17483616,114,38
17483654,807,94
17483810,6738,70
17484004,3427,137
17484268,2493,8
17484441,819,131
17484518,145,94
17484518,225,94
17484678,320,1
17484734,866,30
17484834,704,94
17484834,704,94
17485045,199,21
17485093,4024,2
17485201,73,30
17485260,404,96
17485296,7225,131
17485465,1664,11
17485598,75,94
17485635,37,94
17485866,622,96
17486025,92,94
17486060,56,94
17486111,178,30
17486116,547,94
17486116,547,94
17486477,39,96
17486490,595,30
17486743,78,94
17486743,79,94
17486821,554,94
17486821,554,94
17486891,73,30
17487494,60,94
17487494,61,94
17487554,31,94
17487554,32,94
17487645,62,94
17487646,61,94
17487774,835,30
17487805,63,30
17488658,74,30
17488739,1808,13
17488762,543,30
17489053,4613,146
17489123,47,30
17489731,55,30
17489971,573,96
17490049,916,30
17490299,63,30
17490466,6647,63
17490544,4390,13
17490555,6754,70
17490568,765,96
17491002,2919,1
17491490,204,96
17491718,239,96
17492000,23,137
17492583,39,96
17492681,34,96
17492932,687,96
17493569,4499,146
17493666,383,96
17494061,324,96
17494414,419,96
17494936,4436,13
17495019,340,96
17496083,12038,11
17497312,6760,70
17498004,4606,146
17499374,4544,13
17499461,27,54
17499649,23,54
17499738,582,61
17500072,27,54
17500468,3560,61
17501443,31,54
17502322,33,54
17502546,4484,146
17502785,30,54
17502948,33,54
17503920,5115,13
17503967,3547,61
17504074,6775,70
17505841,5873,58
17506611,47,54
17506967,4590,146
17507523,3557,61
17507578,10803,61
17507644,47,61
17507689,41,54
17509286,40,54
17510852,6787,70
17511091,4409,61
17511136,547,96
17511521,4523,146
17511701,183,96
17511841,39139,13
17512099,46,54
17512536,44,54
17513151,48,54
17513495,49,54
17513674,582,96
17514723,861,96
17515406,46,54
17515486,3905,61
17515942,38,54
17515984,4283,146
17516046,834,96
17517642,6772,70
17518356,12028,2
17519450,3537,61
17520203,4211,146
17520882,10535,61
17522931,3829,61
17524365,4129,146
17524418,15658,70
17526761,3541,61
17526895,61,61
17528435,4091,146
17530304,3801,61
17531417,10797,61
17532464,4216,146
17534093,212,61
17534170,60,61
17535445,31,71
17535657,15583,71
17536069,3813,71
17536616,6794,146
17538647,12702,84
17539789,16,36
17542784,8688,40
17542859,24231,63
17543829,7641,30
17545094,42,36
17547724,15641,164
17549306,15597,54
17550600,18530,38
17552432,14569,55
17553747,4782,51
17554272,41,36
17554633,4411,8
17554791,214,8
17555051,20,54
17556414,3952,55
17556760,6504,164
17558171,5765,80
17560086,3135,166
17565558,3927,161
17565896,3917,161
17567151,8067,8
17567232,40,1
17567278,7124,58
17567288,148,1
17567424,77,9
17567548,2683,40
17567760,32,54
17567911,141,1
17568005,6520,9
17568302,262,108
17568441,893,30
17568471,65,30
17568705,150,1
17568933,81,30
17569078,56,54
17569167,1164,1
17569228,60,30
17569330,3026,24
17569861,157,30
17569926,66,54
17569960,430,30
17570150,66,40
17570352,69,30
17570693,50,158
17570848,578,40
17570889,232,158
17570964,109,30
17571036,36,30
17571243,253,158
17571336,7970,1
17571343,1380,40
17571739,287,30
17572093,78,30
17572278,323,30
17572526,6492,13
17572534,419,11
17573401,82,158
17573687,371,158
17574092,312,158
17575264,29,137
17575329,4048,63
17575343,31,137
17575486,43,164
17575535,83,164
17576397,484,137
17576950,345,137
17577536,20,137
17578339,20,137
17578399,804,137
17579016,6480,13
17579226,21,137
17579251,7334,70
17579514,296,146
17580034,4143,146
17580175,130,146
17580217,4116,63
17584621,3992,63
17585500,6498,13
17586643,7271,70
17587307,11464,1
17592000,6115,13
17593132,10528,61
17593916,6767,70
17594659,3768,2
17597234,42,2
17597293,37,2
17597437,36,2
17600030,4214,13
17602287,45,54
17602828,35,54
17602919,6777,70
17604244,10492,13
17606376,36,54
17606906,42,54
17607106,59,54
17607569,22,54
17608035,70,54
17608343,10522,61
17608349,4129,54
17609716,6752,70
17618810,10701,61
17624930,1804,84
17627134,8229,1
17627455,11,40
17627834,4209,63
17630321,4108,146
17630732,6371,154
17632274,46,137
17632357,1537,137
17632363,295,8
17632594,5618,63
17632784,6493,2
17633029,844,8
17633440,4509,8
17633876,137,158
17634063,653,158
17634382,803,137
17634394,3100,11
17634419,4113,146
17634429,149,105
17634569,213,105
17635103,226,105
17635137,279,23
17635294,1309,13
17635410,145,23
17635572,161,23
17635639,306,105
17635769,11531,1
17636211,163,105
17636225,187,38
17637316,3738,9
17637461,115,148
17637586,350,158
17637806,306,105
17637902,4021,55
17637979,20,137
17638219,217,8
17638224,9,8
17638468,234,105
17638487,3829,146
17638902,627,105
17643068,4202,25
17643348,30,54
17643544,96,155
17643876,755,80
17644481,14698,24
17645268,1324,80
17645995,41,155
17647242,4071,8
17647504,4335,154
17647723,21,146
17647730,18,22
17648089,15606,146
17648404,4189,80
17648992,516,1
17649450,5818,13
17649454,490,96
17649510,17,70
17649735,82,54
17649784,7285,58
17649919,134,54
17650003,329,96
17650111,60,54
17650349,203,96
17650452,184,54
17650493,14606,1
17650568,515,96
17651154,26,96
17651389,15,158
17651469,643,96
17651620,179,158
17653171,3897,80
17654026,49,96
17654162,22,96
17654983,809,164
17655324,56938,13
17655530,26,96
17655635,20,96
17655664,226,158
17655773,395,96
17655894,1017,164
17655919,90,70
17656074,19,70
17656406,117,1
17656609,67,1
17656891,113,1
17656913,797,158
17657102,6405,58
17657212,69,1
17657331,6589,2
17657558,7318,21
17657576,544,21
17658054,123,1
17658286,2751,21
17658494,142,96
17658763,2008,158
17658779,139,1
17659348,117,1
17659642,827,24
17659826,64,1
17659880,3289,80
17660299,28,96
17660429,78,1
17660632,29,96
17661115,70,1
17661260,28,96
17661271,4120,21
17661832,2159,24
17661981,285,10
17661994,1970,71
17662216,65,1
17662224,49,96
17662578,61,96
17662679,272,10
17662830,268,96
17663213,3861,80
17663250,276,96
17663536,265,96
17663915,210,96
17666437,348,137
17666803,19,137
17666860,13797,146
17672464,79,71
17672643,157,71
17674013,44,1
17674221,4207,70
17674705,52,1
17675187,128,1
17675920,130,1
17676887,340,54
17677868,2268,2
17678824,5765,70
17678932,9658,70
17679504,10501,61
17681306,5467,146
17681875,105,54
17682605,75,54
17683522,79,54
17684288,102,54
17684963,103,54
17685624,105,54
17686551,104,54
17688516,25,54
17688792,51,54
17689273,144,54
17689677,143,54
17689961,139,54
17690197,10699,61
17690403,7058,70
17690647,4443,54
17697463,4424,70
17700895,10618,61
17700938,174,71
17702564,1919,71
17716672,3471,154
17720966,654,8
17721260,5013,80
17725167,695,96
17732556,94,105
17732676,977,105
17732886,766,8
17733184,95,1
17733314,16,113
17733637,63,1
17733813,49,105
17733853,965,8
17733870,707,40
17733907,856,105
17734189,60,1
17734589,256,40
17734791,63,105
17734815,38,1
17734862,7823,40
17734919,893,8
17735132,4494,146
17735288,31,155
17735686,65,1
17735828,1391,105
17735879,1073,8
17736685,10256,70
17737117,7106,8
17737145,7152,8
17737443,46,105
17737729,193,8
17737744,236,105
17738286,48,105
17738430,531,105
17738957,49,10
17739037,333,10
17739062,73,132
17739109,29,105
17739215,86,105
17739221,116,132
17739452,298,105
17739459,1285,8
17739527,1195,10
17739585,1439,165
17739660,4347,146
17739768,307,38
17739920,213,105
17740453,263,105
17741275,2794,38
17741433,20,156
17742364,92,1
17742691,22,156
17742752,3929,123
17743046,35,156
17743292,3927,40
17743307,476,40
17743410,5976,24
17743719,6538,58
17743962,4175,146
17744007,11,156
17744163,10,156
17744403,14,156
17744687,10,156
17745017,12,156
17745211,13,156
17745718,301,105
17745778,9,156
17745890,350,96
17746051,136,156
17746297,145,105
17746526,37,96
17746783,149,105
17746891,49,156
17746943,7275,70
17747229,213,123
17747239,518,105
17747541,716,123
17748010,400,105
17748034,95,156
17748132,5236,146
17748167,275,17
17748330,1010,123
17748499,645,137
17748645,11,156
17748665,228,105
17749035,2379,17
17749093,15,156
17749178,382,105
17749189,17,137
17749276,11,137
17749495,236,38
17749518,42,96
17749530,30,156
17749588,292,137
17749819,151,105
17749827,12,156
17750223,35,96
17750250,151,105
17750412,21,156
17750471,612,137
17750560,33,96
17750724,27,156
17750734,70,105
17751424,19,137
17751862,8056,21
17751875,1975,21
17753305,7170,146
17753969,8,71
17754050,7408,71
17754061,76,66
17754149,423,21
17754224,7159,70
17754984,1271,21
17756515,3408,21
17760413,5564,146
17761387,7197,70
17761579,22925,1
17761788,4429,21
17763391,21,137
17763447,532,137
17764024,21,137
17764104,578,123
17764400,648,137
17765079,19,137
17765793,10817,61
17765913,4143,146
17768588,14995,70
17770049,4290,146
17773173,40,96
17774275,4634,146
17774458,162,96
17774803,112,96
17778908,4755,146
17783587,11102,70
17783600,4494,146
17788090,4488,146
17790872,10501,61
17792513,5057,146
17794691,7167,70
17795304,159,71
17795491,6562,71
17795906,5672,71
17797566,6253,146
17798466,11527,1
17799510,236,84
17802650,152,105
17803117,76,105
17803205,4922,154
17803224,143,105
17803359,169,105
17803731,227,105
17803755,2572,146
17805064,61,30
17805609,5610,2
17806153,964,17
17806493,5425,2
17806563,1301,21
17806573,1858,21
17807795,683,17
17808072,370,21
17808209,7787,154
17808215,9451,38
17808231,55,154
17809192,58,50
17809385,41,21
17809533,968,21
17809744,642,105
17810103,189,95
17810249,1641,1
17810271,544,146
17810408,109,70
17810410,532,50
17810410,533,50
17810414,1422,105
17810650,71,21
17810824,1218,21
17810942,165,50
17810975,1691,71
17811204,95,146
17811382,442,95
17811430,603,146
17811433,469,50
17811434,468,50
17811808,7358,70
17811901,127,50
17811990,678,146
17812036,10264,2
17812126,9043,13
17812411,115,105
17812642,889,95
17812664,700,21
17813490,8511,21
17813594,107,105
17813754,1420,146
17813764,854,95
17813830,140,50
17813831,138,50
17813839,357,105
17814123,175,50
17814123,175,50
17814226,284,105
17814356,5454,71
17814399,112,50
17814399,113,50
17814511,83,50
17814698,248,105
17815012,587,105
17815820,1279,146
17816077,445,105
17816729,348,105
17817403,59,105
17817494,232,105
17817905,184,105
17818160,174,105
17818828,246,105
17819251,7304,70
17819486,258,105
17819790,10253,154
17819900,13474,71
17819975,141,105
17820059,163,1
17820091,5209,71
17821165,5253,13
17821311,3930,22
17821734,55,30
17822512,1308,105
17822822,51,30
17822914,8205,51
17823676,31,30
17823932,173,21
17823938,41,105
17824053,692,5
17824179,7209,8
17824187,7182,8
17824230,397,105
17824445,24,30
17824620,29,30
17824896,132,21
17824906,45,21
17825094,26,30
17825793,193,21
17825823,777,105
17826485,200,21
17826492,44,30
17826840,620,105
17827374,30,30
17827812,25,30
17827981,135,1
17828115,33,105
17828378,24,30
17828392,45,105
17828455,457,105
17828496,11404,1
17829069,28,30
17829441,27,30
17829506,39,105
17829652,189,105
17830113,28,30
17830336,21,30
17830390,1210,105
17830656,23,30
17830982,56,94
17831036,24,30
17831132,3611,51
17831145,59,51
17831355,30,30
17831704,43,105
17831713,34,30
17831856,944,105
17832474,32,30
17832831,89,1
17832919,4321,38
17833138,33,30
17833180,1282,105
17833234,141,1
17833453,24,30
17833528,132,1
17833540,39,1
17833917,27,30
17834149,2831,40
17834386,37,30
17834478,39,105
17834751,3495,51
17834824,28,30
17834843,44,105
17834890,1398,105
17835014,21,30
17836330,2483,17
17836612,97,66
17837872,156,66
17838252,3266,51
17838264,20,51
17839030,1559,17
17839068,84,66
17839716,191,66
17841002,63,66
17841524,3245,51
17843184,1835,154
17843351,14,71
17843764,6948,71
17844007,101,66
17844775,4312,51
17845149,65,66
17845449,1377,71
17845600,71,66
17846039,66,66
17846055,5174,1
17846537,74,66
17850712,43,137
17850861,31,137
17851223,164,137
17851584,4508,137
17851975,10793,61
17852624,480,71
17853616,4315,1
17853858,2358,71
17853904,116,71
17854380,1039,71
17856297,5432,71
17859098,890,137
17859279,41,8
17859785,1583,137
17859967,3153,137
17863239,79,137
17863366,47,137
17863432,3196,137
17877165,10522,61
17885368,278,1
17885915,39,1
17886308,159,1
17886483,146,1
17886777,254,1
17887033,11388,1
17887688,10709,61
17891566,7051,71
17891572,117,84
17894349,3276,51
17897633,3242,51
17898422,10516,61
17898998,7183,71
17900882,3394,51
17901739,5243,47
17903281,4229,17
17903436,6424,1
17906807,52,1
17907026,423,1
17907683,485,1
17908401,36,1
17908489,286,1
17908918,10712,61
17909269,50,1
17909447,2163,1
17909770,1113,47
17910320,1567,13
17910714,559,70
17910752,3541,154
17910946,2195,47
17911609,18,70
17911755,4524,70
17911886,4133,13
17916020,9600,13
17916281,4539,70
17916702,2192,47
17919631,10469,61
17920822,4542,70
17923615,4183,17
17925367,4529,70
17925624,106274,13
17929898,4529,70
17930102,10688,61
17934430,4533,70
17938967,4524,70
17940793,10491,61
17943494,4516,70
17948012,4555,70
17951285,10500,61
17952568,4566,70
17957136,4546,70
17961684,4514,70
17961785,10706,61
17966202,4537,70
17970741,4539,70
17972520,10512,61
17972556,4323,154
17974531,4987,2
17975282,4534,70
17979819,4524,70
17983018,10747,61
17984346,4547,70
17985706,3848,1
17988895,4515,70
17993411,4554,70
17993766,10503,61
17995154,3318,154
17997969,4525,70
18000220,3837,1
18002496,4521,70
18004269,10758,61
18005212,1801,1
18007019,4532,70
18007172,626,1
18007996,310,1
18008306,3857,1
18011553,4571,70
18012033,4284,17
18014332,22432,1
18015029,10518,61
18016127,4526,70
18020655,4517,70
18022246,782,70
18025549,10745,61
18026097,8851,70
18034950,6603,70
18036293,10524,61
18041558,12823,70
18046820,10754,61
18052163,11427,1
18055105,84,84
18059412,9719,110
18064153,75,155
18064297,41,105
18064399,51,155
18064599,10569,70
18064956,1349,5
18064968,1162,105
18065087,947,15
18065371,155,40
18065396,4990,70
18065631,5779,154
18066175,205,105
18066390,962,15
18066550,3204,137
18066596,103,66
18066694,1498,105
18066787,15215,21
18066870,186,155
18067065,5775,51
18067976,3401,47
18068224,447,1
18068649,1949,5
18069104,24,155
18069111,777,40
18069168,197,155
18069351,13586,47
18069471,60,70
18069559,91,66
18070038,75,137
18070314,312,40
18070967,58,120
18071598,4193,146
18071856,1334,1
18072004,41,155
18072142,188,155
18072444,55,66
18072510,2542,7
18072975,2979,22
18073415,8833,154
18073546,78,66
18073601,2426,58
18074006,107,66
18074447,7531,13
18074612,8143,20
18074949,1432,105
18075053,9071,51
18075073,369,7
18075075,32,51
18075168,7352,70
18075722,5611,146
18075884,86,66
18076025,218,137
18076199,1318,15
18076400,9427,58
18076652,96,66
18076669,263,105
18077411,1182,105
18077511,1881,47
18077774,946,24
18078794,3506,24
18079013,5322,20
18079715,1137,15
18080363,36,30
18080641,2334,47
18080834,46,30
18081075,44,30
18081291,5778,146
18081337,22,155
18081457,65,137
18081598,38,30
18081758,238,155
18081769,40,30
18082058,106,66
18082091,2801,137
18082464,61,66
18082610,186,155
18082626,4854,84
18082871,65,66
18082981,34,30
18083424,34,30
18083623,97,155
18083746,3,30
18083780,3,30
18083817,3,30
18083869,6532,154
18083890,2,30
18083982,2,30
18084002,3,30
18084072,4,30
18084180,2,30
18084194,73,66
18084214,46,30
18084249,9805,70
18084681,36,30
18084753,1628,24
18084800,2875,137
18084904,33,30
18084961,38,137
18085023,1086,15
18085186,43,155
18085226,4151,41
18085363,30,30
18085369,51,155
18085463,40,155
18085823,49,155
18085933,33,30
18086363,16371,47
18086403,32,30
18086560,105,47
18086857,1734,47
18086879,34,30
18087005,5508,146
18087237,34,30
18087448,1199,15
18087507,163,84
18087755,35,30
18088061,33,30
18088120,7267,40
18088323,35,30
18088629,83,137
18088738,35,30
18088916,7661,13
18089038,26,30
18089227,30,30
18089528,10088,40
18089556,28,30
18089575,4399,5
18089978,120,30
18090193,64,30
18090576,89,66
18090760,14,30
18090830,244,30
18091057,1667,15
18091240,37,30
18091350,2740,47
18091362,7163,154
18091430,3911,155
18091479,73,30
18091721,7472,51
18092060,4715,70
18092500,5073,146
18092808,9212,58
18092853,946,15
18094057,7064,70
18094181,352,43
18094289,4416,17
18094341,180,38
18094436,236,38
18094548,1878,43
18094677,749,15
18095284,568,5
18095346,76,128
18095489,58,128
18095545,660,15
18095573,13640,36
18095943,51,128
18096092,98,128
18096306,34,128
18096431,58,128
18096566,63,128
18096575,4581,13
18099457,3426,51
18101125,6794,70
18101345,1289,80
18102654,663,80
18102756,1772,47
18102891,5503,51
18103364,561,80
18103975,650,80
18104671,593,80
18105289,3586,80
18105587,1704,137
18106970,1599,71
18107509,27,137
18107802,24,137
18108015,424,137
18108980,23,80
18109242,20,80
18109274,518,137
18109415,45,80
18109903,24,80
18110057,3661,137
18110081,313,137
18110431,1128,71
18110507,17,137
18111321,18,137
18111628,18,137
18111667,314,137
18112158,18,137
18112186,975,71
18113068,471,137
18113432,10482,61
18113610,19,137
18114120,8595,71
18116097,6861,58
18139983,11358,36
18141337,10680,61
18144917,11075,7
18146146,143,84
18147373,577,15
18147650,877,158
18147971,85,30
18148101,6802,41
18148131,35,30
18148236,32,30
18148312,56,30
18148378,797,40
18148555,72,30
18148575,634,158
18148666,129,30
18149034,6894,30
18149191,596,15
18149445,202,154
18149547,8616,51
18149628,212,105
18151040,8279,154
18151308,7705,13
18151947,898,158
18152542,657,61
18152575,577,15
18153166,37,153
18153555,14658,47
18155515,556,15
18156099,182,30
18156919,551,15
18156967,13,38
18157013,43,30
18157066,94,38
18157172,36,30
18157410,6300,30
18157849,4440,134
18157890,3187,134
18158110,46,40
18158173,4563,51
18158395,348,40
18158572,1521,155
18158750,6646,40
18159218,410,11
18159451,1836,38
18160075,28,135
18160145,19,135
18160191,29,135
18160242,176,135
18161258,283,61
18161612,5083,58
18161712,550,15
18161761,566,17
18162434,189,135
18162659,1579,134
18162841,5446,51
18162997,1221,17
18163117,28,7
18163175,850,7
18163579,16798,38
18163661,334,135
18164018,79,137
18164079,186,30
18164313,276,135
18164399,6006,30
18164711,8797,154
18164857,9809,36
18165313,770,15
18165500,251,40
18166128,174,135
18166659,115,105
18166790,252,7
18167139,3920,7
18167171,117,105
18167331,148,155
18167437,123,105
18167612,423,15
18167821,435,94
18167848,393,105
18168299,6662,51
18168440,168,165
18168458,640,54
18168464,4108,17
18169220,943,94
18170179,3260,94
18170533,78,40
18170654,32,40
18170681,405,54
18170787,39,40
18170857,49,40
18170916,23,40
18170930,941,50
18170960,55,40
18171052,125,40
18171056,26,54
18171061,15218,21
18171105,5720,54
18171142,2348,94
18171227,50,40
18171302,120,30
18171310,32,40
18171349,25,40
18171382,28,40
18171452,37,40
18172260,14923,7
18172438,335,15
18172463,201,71
18172637,1380,17
18172766,265,40
18173039,22,40
18173085,27,40
18173141,31,40
18173151,123,105
18173209,69,50
18173223,52,40
18173467,365,94
18173506,33,94
18173522,3690,9
18173542,460,15
18173580,4386,94
18173667,51,50
18173708,9172,40
18173725,209,105
18173950,1146,165
18174251,89,30
18174303,48,50
18174422,3933,47
18174498,351,17
18174529,487,15
18174734,50,50
18175151,11852,51
18175176,1433,94
18175328,138,105
18175558,3201,30
18175562,45,50
18175869,70,61
18175883,64,50
18175913,1150,61
18175954,149,105
18176136,852,15
18176161,740,17
18176224,6393,63
18176391,10836,154
18176408,343,105
18177248,357,105
18177546,21,94
18177575,2687,94
18177614,183,105
18177830,119,155
18177864,472,105
18178341,627,15
18178350,147,105
18178444,3741,9
18178963,3978,17
18179489,658,15
18179751,3010,30
18179823,1111,158
18179915,4904,47
18180214,597,105
18180323,58,1
18180889,70,1
18181133,164,105
18181372,68,1
18181385,5476,51
18181524,1820,158
18181712,153,105
18181911,64,1
18182145,184,105
18182625,537,15
18182661,4599,7
18182693,4799,63
18182922,50,1
18183328,44,1
18183481,28,1
18183790,370,38
18183887,7507,40
18183949,65,1
18184076,53,1
18184623,511,17
18185264,320,135
18185601,23,135
18185701,317,135
18186030,232,135
18186375,296,135
18186406,8148,137
18187281,11098,51
18187960,1852,47
18191010,841,80
18191976,883,80
18192471,5981,40
18192889,900,80
18193906,6021,80
18196845,6727,70
18197796,6734,71
18197910,10538,61
18197982,62,40
18198999,49,40
18199062,5861,40
18199202,1778,17
18199505,302,137
18200185,121,137
18200853,326,137
18201066,2166,58
18201433,17,137
18201839,1093,17
18202318,25,137
18202924,8149,137
18204946,2766,40
18205399,265,40
18207731,892,40
18210788,5588,70
18215898,10679,61
18216379,4274,70
18228523,6768,71
18234653,10327,154
18236956,1995,137
18238803,348,15
18241474,28,21
18243224,144,40
18244855,4189,80
18247316,11803,75
18250917,1318,75
18253267,8219,51
18253849,3962,40
18254737,1041,165
18254944,51,105
18255124,42,105
18255223,273,105
18255581,900,5
18255628,12864,9
18255840,193,105
18255916,3625,134
18256503,291,5
18257036,550,1
18258042,4337,70
18258076,47,105
18258144,1866,40
18258190,1390,5
18258274,44,105
18258322,119,80
18258452,41,30
18258497,64,105
18258665,3034,26
18258763,123,153
18258941,54,105
18259124,1597,105
18259411,25,30
18259430,1254,105
18259831,60,153
18260268,9717,149
18260845,11102,7
18260911,2165,95
18260919,776,40
18261083,459,15
18261433,436,30
18261522,89,105
18261638,536,105
18262002,32,21
18262011,31,30
18262099,3016,58
18262251,2448,17
18262313,87,30
18262361,40,105
18262383,4251,70
18262396,15245,21
18262417,789,105
18262614,94,30
18262644,73,15
18262822,10461,40
18262876,78,30
18262988,285,30
18263032,140,61
18263460,722,61
18263479,207,30
18263552,102,30
18264013,94,105
18264060,939,134
18264087,107,105
18264671,133,105
18264684,3624,149
18264851,119,153
18264869,7516,51
18264921,140,156
18265063,4043,156
18265070,1451,17
18265322,4960,80
18265762,1185,105
18266049,1014,61
18266223,227,30
18266484,9815,38
18266639,4239,70
18266847,3124,17
18267111,225,105
18267453,397,105
18267791,106,153
18267974,104,105
18268252,1239,105
18268622,102,153
18268722,331,5
18270122,38,105
18270281,55,105
18270631,3954,80
18270654,328,15
18270882,50408,70
18272396,3403,51
18274637,16901,5
18275808,8629,51
18276613,25,80
18277022,32,80
18277903,456,80
18278554,16,80
18278958,20,80
18279647,1003,36
18279743,1085,71
18279904,21,26
18280003,4003,26
18284287,10499,61
18285740,4015,26
18301458,8879,2
18305250,10473,61
18315724,10742,61
18318945,511,15
18319334,4667,30
18320336,84,30
18320450,23,43
18320478,24,43
18320517,18,43
18320696,165,7
18320849,171,5
18321053,7141,7
18321587,1134,5
18321593,52,105
18321774,12095,5
18321979,12,12
18321994,159,12
18322153,107,105
18322377,5166,70
18322840,56,105
18322887,168,15
18323112,80,105
18323362,171,15
18323483,78,105
18323801,290,30
18323993,100,1
18324162,148,105
18324487,81,105
18324645,465,30
18324749,438,26
18324838,8455,26
18325190,442,105
18325415,707,22
18325495,7515,51
18325603,729,30
18325774,15,105
18325778,1777,5
18325907,176,105
18326116,454,26
18326195,247,15
18326234,17,12
18326259,625,12
18326337,111,105
18326730,362,30
18326756,96,105
18326838,303,15
18327174,72,105
18327485,228,15
18327494,135,105
18327694,67,105
18327743,380,47
18327774,5168,47
18327783,6239,154
18327857,33,15
18327893,191,15
18327912,63,15
18328016,700,5
18328195,57,153
18328243,165,15
18328519,162,15
18328862,210,15
18329020,9950,47
18329099,123,105
18329190,16,12
18329209,134,12
18329356,6388,2
18329488,77,155
18329601,252,15
18329608,384,105
18329891,6057,32
18330029,139,30
18330125,45,155
18330288,57,50
18330422,372,155
18330454,283,15
18330534,348,30
18330676,603,95
18330833,48,15
18330926,703,75
18331019,320,15
18331077,117,50
18331433,306,105
18331657,145,15
18331852,56,166
18332222,93,1
18332249,111,50
18332279,205,15
18332511,88,1
18332520,31,1
18332624,268,105
18332643,88,1
18332685,288,15
18332693,2749,17
18332933,75,15
18333071,1427,51
18333126,243,15
18333358,7364,47
18333692,198,15
18333871,5316,80
18333942,11955,5
18334107,92,1
18334119,56,153
18334187,1681,22
18334265,4558,58
18334626,165,15
18334717,5647,26
18334978,173,15
18335388,151,15
18335469,158,149
18335760,162,15
18335784,20,149
18335895,1768,149
18335905,20,149
18336392,460,40
18336485,7158,2
18336863,188,40
18337063,4616,40
18337238,288,30
18337254,179,15
18338013,237,15
18338110,80,153
18338281,6782,154
18338739,165,15
18338964,273,30
18339185,15,9
18339261,35,9
18339371,1394,30
18339509,154,15
18339929,69,153
18340360,318,158
18340368,219,15
18340377,319,36
18340427,91,51
18340754,42,166
18340833,24,149
18340899,147,15
18340974,771,158
18341147,8139,26
18341507,1886,51
18341587,645,30
18341896,608,158
18342451,157,30
18342509,181,15
18342990,140,15
18343008,156,30
18343145,1656,32
18343427,151,15
18343466,332,17
18343527,109,2
18343675,197,9
18343803,89,40
18343865,536,30
18343881,7718,9
18344014,9142,2
18344021,3969,40
18344609,754,99
18344932,149,15
18345241,444,30
18345304,212,15
18345658,226,15
18345669,11623,70
18345839,587,99
18345943,141,15
18346064,138,2
18346158,12856,26
18346212,240,15
18346269,660,30
18346898,473,1
18347189,148,128
18347213,7150,15
18347267,183,15
18347324,282,30
18347337,117,15
18347460,12502,47
18347984,1440,2
18348017,182,30
18348206,3948,47
18348273,1485,51
18348420,340,30
18348439,943,17
18348579,584,80
18348942,8038,40
18348992,8151,137
18349244,1997,80
18349632,157,153
18349675,6450,15
18349676,74,153
18349873,44,30
18349973,1000,17
18350017,2463,54
18350181,169,30
18350680,2010,32
18350828,6662,71
18350832,1621,38
18350949,7341,51
18351294,418,50
18351474,4101,80
18351502,433,30
18351512,92,155
18351645,52,36
18351729,99,128
18351973,61,50
18352454,19173,38
18352616,145,153
18352683,109,128
18353238,1842,38
18353414,6711,154
18353499,1358,17
18353513,18395,38
18354023,53,155
18354081,58,155
18354292,71,128
18354701,17,155
18354723,74,155
18354825,218,38
18354912,596,61
18355418,801,17
18356311,92,128
18356437,1119,17
18356562,59,155
18356624,42,155
18356733,61,70
18357475,20,70
18357818,375,17
18357861,112,15
18358300,4333,51
18359201,360,17
18359764,808,17
18360890,591,17
18361606,47,36
18362125,26,80
18362380,24,80
18362639,7609,51
18365919,431,71
18369350,1507,70
18370648,10562,61
18378010,123,15
18379619,7024,70
18379639,117,15
18379760,114,15
18379880,115,15
18379998,118,15
18380115,117,15
18380236,115,15
18380357,116,15
18380474,114,15
18380592,114,15
18380709,117,15
18380825,116,15
18380945,114,15
18381063,117,15
18381181,114,15
18381300,116,15
18381417,63,15
18381535,117,15
18381601,118,15
18381720,60,15
18381842,106,15
18382253,8721,2
18386657,6934,70
18389251,10742,61
18393595,7013,70
18397015,6628,71
18399199,186,84
18399996,10488,61
18400297,77,61
18400608,6988,70
18400681,309,61
18403027,338,84
18403035,931,61
18403641,9743,15
18404455,171,61
18404548,74,36
18404643,131,61
18405220,133,61
18406153,87,61
18406633,78,61
18406726,379,84
18407016,305,61
18407218,1052,75
18407598,7052,70
18408030,313,61
18408415,9656,9
18409065,111,61
18409110,25,21
18409121,57,21
18409263,555,11
18409292,824,21
18409412,5227,41
18409810,491,40
18409826,107,149
18410220,42,50
18410276,148,61
18410572,128,50
18410821,11413,51
18410847,60,149
18411187,107,149
18411194,4647,17
18411214,8962,26
18411266,102,40
18411388,131,40
18411539,122,84
18411592,304,40
18411704,3979,50
18411951,5045,26
18412502,13571,149
18412931,119,61
18413153,138,84
18413442,239,15
18413482,228,15
18413985,3841,40
18414657,5773,70
18414985,7270,47
18415598,169,84
18415720,181,30
18416248,160,30
18416256,365,17
18416295,397,80
18416316,1173,123
18416651,69,26
18416701,171,30
18416724,2879,80
18417175,13230,41
18417250,189,30
18417461,2906,26
18417781,7635,47
18417892,158,30
18417920,148,84
18418473,10167,2
18419463,105,153
18419930,63,1
18420186,36,1
18420309,15,26
18420444,4401,70
18420578,97,1
18421464,242,15
18421905,6320,26
18422049,19092,38
18422056,18420,38
18422293,2421,47
18422339,11149,51
18422757,13322,5
18422923,27,26
18422982,3302,38
18423507,2181,80
18424033,8314,154
18424100,463,26
18424627,32,36
18424848,4328,70
18424990,173,61
18425104,3071,47
18425450,35,36
18425835,28,36
18426536,148,61
18426727,2045,15
18426797,4945,26
18427046,188,61
18427799,6236,50
18428800,5750,11
18428934,209,61
18429127,107,160
18429289,4316,160
18429421,4436,70
18429755,9834,149
18429852,2482,26
18429935,1436,3
18429946,98,96
18430580,21,98
18430670,11,98
18430749,4704,47
18430770,10272,15
18430785,996,30
18431179,199,98
18431465,24,98
18431603,8,98
18431799,8,98
18431857,2042,40
18431866,28,36
18432014,874,30
18432260,8153,137
18432338,1201,61
18432577,4746,26
18432764,29,36
18432787,3895,40
18432934,911,40
18433008,9,98
18433040,56,155
18433102,54,155
18433394,32,36
18433413,236,61
18433498,7398,51
18433667,2987,61
18433679,332,5
18433752,74,137
18433879,106,137
18434003,17063,70
18434380,29,36
18434751,237,15
18434871,4781,40
18434930,29,36
18435111,26,36
18435351,20,26
18435455,1955,26
18435704,69,75
18435715,24,36
18435878,50,47
18435925,13,75
18436031,5478,75
18436046,21,36
18436162,725,75
18436193,50,36
18436670,1782,61
18436947,41,36
18437062,28,36
18437380,3857,26
18437436,1602,47
18437447,60,36
18437453,54,155
18437567,59,155
18437758,11,26
18437768,178,96
18437888,61,36
18438057,115,96
18438180,148,96
18438272,7390,80
18438425,86,36
18438542,579,61
18438755,158,96
18438951,67,36
18439122,446,40
18439375,3137,47
18439521,409,96
18439951,234,96
18440368,5810,30
18440940,59,36
18440983,732,47
18441392,18,113
18441669,92,17
18441730,285,47
18441810,4624,51
18442413,3536,47
18442944,18,113
18443588,17,113
18443864,512,17
18445158,18,113
18446442,3605,51
18446781,19,113
18447152,17,113
18447871,73,74
18448132,3901,47
18448726,60,74
18449178,103,84
18449753,23,113
18449798,20,74
18450548,53,113
18450956,96,74
18451123,129,113
18452400,145,113
18452751,4109,71
18453142,95,74
18453742,224,113
18454451,125,27
18454463,145,74
18456820,10767,61
18456859,11,26
18457046,7040,26
18457755,8167,26
18457807,6854,61
18458221,33,26
18459354,34,26
18459634,1334,61
18459914,6748,70
18464283,1520,13
18464641,4186,61
18465797,4238,13
18465894,29,70
18468820,3494,61
18470037,4221,13
18472319,3463,61
18472360,10501,61
18474262,4304,13
18475780,3414,61
18478568,10269,13
18479208,3487,61
18482683,3436,61
18482876,10716,61
18485365,30,1
18485543,121,84
18485740,32,1
18485829,17,36
18485917,31,36
18486149,3699,61
18486171,23,36
18486297,18,36
18486807,22,36
18487471,1737,75
18487593,125,36
18488456,27,36
18488840,6815,13
18489685,33,36
18489835,3445,61
18490580,1460,70
18491452,30,36
18492039,4282,70
18493270,3845,61
18493583,10450,61
18495658,6730,13
18495905,595,15
18496325,4326,70
18497117,4321,61
18497188,663,15
18497739,33,15
18499212,590,15
18500654,4439,70
18501443,3618,61
18501610,3146,9
18502389,6793,13
18504035,10673,61
18505068,3880,61
18505094,10318,70
18505868,7381,9
18505926,7881,71
18508316,128,84
18508449,5023,26
18508553,171,36
18508826,113,36
18508939,7147,61
18509035,2534,26
18509183,12620,13
18509335,80,36
18509417,102,36
18509644,344,36
18510536,323,36
18510655,421,40
18511325,326,36
18511626,728,40
18512332,382,36
18513008,391,40
18513553,446,36
18513801,2588,40
18514121,25,36
18514208,715,15
18514226,3146,9
18514491,75,36
18514715,10443,61
18515417,4564,70
18515589,100,36
18516099,4067,61
18516480,2610,40
18517008,30,15
18518197,43,1
18518649,170,1
18520058,4568,70
18520085,98,1
18520181,3484,61
18520309,92,1
18521088,98,1
18521710,100,1
18521805,10453,13
18523053,497,36
18523644,3728,61
18524730,4556,70
18525161,10693,61
18527369,3677,61
18529072,922,38
18529240,19151,38
18529256,21532,38
18529282,4492,70
18529290,4652,70
18530296,112,84
18530807,118,113
18531076,3843,61
18531411,23,113
18532102,277,113
18532264,6406,13
18532478,282,74
18532790,3656,47
18533214,295,74
18533945,10103,70
18534901,3904,61
18535860,10487,61
18536698,965,15
18537372,3604,9
18537534,33,13
18537764,33,13
18537878,36,13
18538801,3727,61
18539725,29,113
18540935,13552,36
18541307,3925,70
18542535,3443,61
18542634,14434,36
18544776,10061,47
18545978,3626,61
18546182,5741,70
18546339,10713,61
18546387,4456,70
18549606,3596,61
18551924,9505,70
18553202,3618,61
18553246,5759,149
18556821,3920,61
18557052,10483,61
18559672,34,70
18560738,3478,61
18560835,34,70
18560885,33,70
18560917,34,70
18564196,3602,9
18564230,3508,61
18567540,10427,61
18567728,3545,61
18569076,3609,9
18571279,3596,61
18574879,3630,61
18575889,7870,36
18577972,10721,61
18578295,570,70
18578505,3510,61
18579115,9274,70
18580339,210,1
18581210,185,1
18581497,170,1
18581838,98,1
18582019,3432,61
18582178,9960,47
18583377,99,1
18583523,163,84
18583857,98,1
18584789,65,1
18585267,66,1
18585463,3397,61
18585921,78,1
18586061,78,1
18586641,620,36
18586714,99,1
18586941,82,1
18587193,79966,9
18587521,180,1
18587669,253,36
18588116,177,1
18588389,6848,70
18588687,10492,61
18588850,3590,61
18591772,9556,1
18592221,3878,47
18592466,3403,61
18594751,4684,70
18595241,6821,70
18595840,3414,61
18597533,3420,47
18599187,10733,61
18599262,3496,61
18600424,9,98
18600540,6,98
18600754,6,98
18600836,8,98
18600954,6,98
18601087,6,98
18601134,6,98
18601312,1024,15
18601347,115,15
18601534,9,98
18601864,11404,1
18602065,6847,70
18602073,5034,26
18602759,3399,61
18604200,3596,9
18606063,318,98
18606162,3556,61
18606439,927,36
18606484,456,36
18606759,14,98
18606995,11,98
18608890,3600,9
18608914,5475,70
18609724,3559,61
18609919,10508,61
18612746,33,26
18613276,3495,61
18616226,8137,137
18616775,3516,61
18617621,1760,1
18618323,6378,71
18619356,6787,70
18620296,3708,61
18620427,10703,61
18623680,3608,9
18623997,3462,61
18626170,6848,70
18627363,1462,1
18627462,3512,61
18628942,4487,26
18629858,821,149
18630976,3562,61
18631134,10489,61
18631847,5897,137
18633021,6842,70
18634548,3446,61
18637988,3412,61
18639865,12497,70
18641414,3390,61
18641617,10715,61
18642317,3618,9
18644802,3428,61
18648224,3497,61
18651731,3643,61
18652358,10538,61
18652361,10336,70
18655360,3420,61
18658760,3399,61
18659055,129,84
18661309,5541,1
18662139,3420,61
18662695,6544,70
18665535,4455,61
18666834,973,15
18666869,152,15
18667385,784,5
18667394,353,1
18667570,662,36
18667598,253,36
18667885,723,26
18668427,79,5
18668813,41,155
18668859,38,155
18668901,48,155
18669571,137,30
18669611,52,155
18669668,39,155
18669711,51,155
18669766,110,155
18669879,226,155
18669952,4386,61
18670108,167,155
18670246,73,30
18670833,3916,47
18670920,5875,47
18671029,47,155
18671080,51,155
18671134,34,155
18671172,11,155
18671865,47,155
18671916,46,155
18671965,38,155
18672007,12,155
18672695,303,15
18673049,3252,1
18673241,51,155
18673295,43,155
18673342,41,155
18673387,12,155
18673594,95,30
18673633,298,15
18673664,26,15
18673712,3426,9
18673796,4150,80
18674172,738,15
18674206,2651,17
18674308,5756,61
18674349,801,26
18674420,34,155
18674584,46,155
18674634,41,155
18674679,46,155
18674729,19,155
18674976,64,155
18675044,60,155
18675109,56,155
18675169,197,155
18675215,1330,15
18675370,309,155
18675633,16641,26
18675685,345,155
18675860,351,15
18676444,112,15
18676819,596,15
18676924,3588,1
18677284,7067,47
18677632,68,155
18677704,66,155
18677774,69,155
18677847,14,155
18678358,68,50
18679088,3249,17
18679228,952,70
18680042,7072,61
18680068,536,61
18680515,102,153
18680606,9902,51
18680945,5370,17
18681310,5525,1
18681365,6827,51
18681941,13284,154
18682716,95,10
18682912,9,10
18683157,4184,80
18683332,76,155
18683412,66,155
18683446,12910,9
18683482,64,155
18683550,322,155
18683878,260,155
18684143,348,155
18684306,22,98
18684777,24,15
18686705,169,153
18686718,184,10
18686729,62,153
18686946,3237,10
18687049,6652,61
18687118,295,61
18687198,90,155
18687210,392,15
18687292,48,155
18687345,59,155
18687412,310,155
18687726,304,155
18687935,109,15
18688035,338,155
18688090,104,160
18688366,136,15
18689148,164,155
18689197,673,30
18689317,99,155
18689347,15,148
18689420,84,155
18689470,10126,47
18689509,20,155
18689607,3937,50
18689849,648,155
18689945,1040,15
18690167,657,96
18690421,882,15
18690506,123,155
18690519,7475,51
18690637,105,155
18690675,283,30
18690746,578,155
18690943,23,10
18690992,1029,30
18691291,200,96
18691333,411,155
18691719,4922,38
18691769,337,155
18691823,916,26
18691944,6367,17
18692063,952,15
18692401,10132,70
18692540,630,15
18692688,1909,1
18692766,21920,38
18692774,18547,38
18693636,4715,61
18693704,120,61
18694447,1117,26
18694671,3983,26
18696546,97,160
18696554,1437,1
18696935,611,15
18696990,759,15
18698020,3613,51
18698034,51,51
18698083,1273,1
18698341,3454,61
18698566,1268,80
18699059,612,30
18699677,189,153
18700115,1321,1
18700604,1015,17
18700649,22,150
18701780,3509,61
18701798,22,150
18701846,1121,17
18701893,1313,80
18702067,1858,160
18702160,30,150
18702285,685,17
18702540,6974,70
18702893,63,150
18703331,31,150
18703705,30,150
18703913,40,150
18703970,41,150
18704142,21,150
18704279,93,160
18704686,6106,47
18705225,3534,61
18705293,60,61
18708510,1451,1
18708718,3588,61
18709469,775,1
18709517,6940,70
18710859,400,1
18711279,50,1
18711850,1626,1
18712287,3512,61
18713546,1392,1
18715079,8412,1
18715802,3590,61
18716069,10720,61
18716461,6949,70
18719076,66,137
18719393,3500,61
18722896,3419,61
18723414,6935,70
18726316,3727,61
18726451,58,61
18726789,10533,61
18730045,3465,61
18733514,3475,61
18736989,3448,61
18737123,60,61
18737324,10750,61
18740438,3579,61
18740572,60,61
18744018,3486,61
18744152,62,61
18744696,6392,1
18747506,4975,61
18748075,10545,61
18749957,3757,15
18751022,3751,15
18753120,15,5
18753356,11,5
18753456,67,5
18753516,358,61
18753715,700,5
18753839,3650,30
18753894,3639,61
18754523,12,5
18754628,10,5
18754738,19553,5
18756695,675,75
18757445,396,15
18757464,1414,15
18757765,16524,30
18757940,581,95
18758050,11,148
18758088,20,148
18758175,18,148
18758515,2025,26
18759172,15054,5
18759404,14946,38
18759609,13534,26
18760574,7225,61
18763189,1557,15
18763279,410,15
18764031,75,155
18764619,804,40
18767090,144,30
18767920,547,30
18769337,10513,58
18771362,55,8
18774186,3914,26
18774603,199,22
18774680,7359,22
18774694,1557,51
18774699,401,11
18774821,37,15
18775081,450,15
18775102,20,15
18775288,262,40
18775431,2361,24
18775745,15,8
18775902,2496,8
18775912,26,148
18775920,107,8
18776038,2356,99
18776089,566,15
18776169,223,15
18776261,422,51
18776338,176,8
18776697,1012,51
18776845,2026,17
18777188,1517,8
18777627,2774,41
18777661,1347,15
18778382,23986,5
18778430,115,155
18778444,4690,5
18778549,153,155
18778666,6629,17
18778705,100,155
18778759,888,30
18778812,283,155
18778862,505,40
18779100,729,155
18779209,3275,9
18779393,7072,40
18779945,240,95
18780038,581,1
18780102,361,155
18780578,1499,30
18780855,374,30
18780915,243,95
18781621,6594,61
18781961,2582,22
18782129,482,1
18782507,10640,26
18782511,171,95
18782958,1633,30
18783167,2819,5
18783194,97,95
18783301,305,95
18784240,297,95
18784621,499,95
18784753,352,30
18785757,1287,42
18786052,993,17
18786209,3943,27
18786570,895,40
18786951,728,149
18787049,2765,38
18787085,319,38
18787495,266,40
18787752,789,80
18788148,8010,61
18788931,365,76
18788937,1158,80
18790562,181,153
18790723,5516,47
18796098,7055,61
18796174,1021,47
18799379,22883,1
18802524,10738,61
18803156,3498,61
18803290,59,61
18806656,3511,61
18810213,3600,61
18810307,59,61
18813264,10540,61
18813536,13050,1
18813774,3480,61
18817256,3499,61
18820757,3470,61
18823805,10507,61
18824229,3456,61
18827684,3057,61
18827818,61,61
18832778,1814,61
18834308,1256,61
18836071,5124,84
18836251,941,1
18836407,435,15
18836527,930,15
18839246,1237,30
18841202,1379,40
18841265,88,5
18841275,623,1
18841828,2504,5
18841894,106,84
18842158,6255,22
18842450,5409,9
18843079,9131,61
18844100,11012,47
18844585,247,146
18844594,19777,5
18844834,3718,30
18845016,3636,30
18845232,2631,146
18845244,417,103
18845253,9660,38
18845282,4030,17
18845529,5464,32
18845614,198,27
18845731,9575,47
18846075,416,13
18846504,2536,95
18846539,1230,99
18848625,936,15
18848840,5005,80
18848859,185,146
18849344,311,146
18849494,659,17
18849878,138,15
18849942,285,146
18850156,903,15
18850278,4566,51
18850432,91,155
18850527,139,155
18850670,123,155
18850801,328,155
18850916,69,30
18850930,314,146
18851033,814,30
18851134,705,155
18851244,5905,22
18851562,2464,15
18851709,2101,15
18851842,534,155
18852016,9228,26
18852105,387,30
18852192,8786,61
18852456,208,17
18852714,328,17
18853064,11142,17
18853838,1057,95
18853886,4604,26
18854026,213,15
18854104,826,15
18854301,216,146
18854880,203,51
18854978,44,9
18855154,400,51
18855173,9032,9
18855231,699,30
18855301,3869,47
18855331,804,15
18855366,2118,47
18855857,75,30
18856159,199,30
18856359,1512,27
18856661,33,30
18856868,98,30
18856969,29,150
18857125,362,15
18857430,117,150
18857447,279,30
18857719,40,150
18857771,36,150
18857793,555,15
18857826,1303,15
18857996,28,150
18858006,247,30
18858035,51,150
18858144,718,76
18858340,217,146
18858470,157,30
18858490,85,51
18858571,76,96
18858653,783,51
18858772,3048,8
18858844,169,146
18858974,4228,96
18859019,333,30
18859046,5201,26
18859049,199,22
18859814,180,30
18860163,3908,40
18860190,446,30
18860506,23,10
18860539,31,10
18860613,3798,43
18860752,3666,6
18860803,660,40
18861084,50,1
18861121,54,105
18861183,231,95
18861404,2960,105
18864206,212,30
18864399,964,19
18864429,94,32
18864462,3169,15
18864536,3032,40
18864595,9632,110
18864641,20,167
18864704,9777,47
18864736,200,30
18864750,1934,15
18864768,11691,61
18864795,1927,50
18864831,106,155
18864885,335,17
18864897,3927,167
18864942,54,155
18864987,16020,5
18865000,76,155
18865054,324,30
18865079,389,155
18865101,5896,26
18865180,5649,26
18865209,6473,26
18865237,3851,9
18865263,8729,26
18865293,10250,13
18865364,6530,22
18865474,212,155
18865788,693,19
18866193,55,105
18866248,42,105
18866304,589,95
18866350,55,30
18866390,50,105
18866479,2764,51
18866641,177,105
18866718,971,15
18866736,17,168
18866902,3815,19
18867201,574,105
18867731,324,10
18867784,125,95
18867938,84,95
18868090,41,30
18868135,3061,50
18868296,5284,38
18868406,26,38
18868412,72,47
18868500,12446,38
18868512,3526,47
18868520,429,1
18868950,34,43
18868975,696,1
18868995,717,43
18869631,52,8
18869668,3478,8
18870633,734,63
18870651,143,105
18870891,578,146
18870944,1860,5
18871015,4751,1
18871308,14,26
18872922,1969,63
18873614,144,32
18873752,15,26
18874044,196,32
18875614,153,32
18876239,218,153
18876421,5067,61
18877060,3954,168
18877183,1298,47
18877247,3966,168
18878401,12,26
18878598,11,26
18878787,15171,2
18879043,2042,19
18879249,408,26
18879322,14,26
18879448,935,26
18879738,2658,47
18879998,2402,26
18880644,10877,26
18881155,6062,26
18881430,4763,61
18881932,102,1
18882416,46,47
18882430,2392,47
18882483,60,47
18885650,138,1
18886092,1303,1
18887408,238,1
18887905,122,1
18888082,128,1
18888264,135,1
18888275,43,1
18888730,138,1
18889256,90,36
18889449,136,36
18890053,121,36
18890421,155,1
18892024,85088,150
18893980,82986,19
18918394,35093,61
18918426,1199,61
18925796,2169,131
18929747,60,38
18934443,585,153
18935569,13,168
18940737,43,148
18944265,35175,80
18958110,5482,63
18978829,5174,26
18979219,42,150
18979276,35,150
18979334,34,150
18979482,46,150
18979571,7404,40
18979586,7391,40
18979763,401,26
18979775,48,150
18979846,35,150
19010687,28,148
19012402,7149,41
19012660,68,1
19012904,167,1
19013282,3623,5
19014083,930,76
19014495,917,30
19014757,7244,154
19014910,3253,9
19015216,519,21
19015268,252,32
19015282,189,76
19015846,240,1
19015861,9083,47
19015888,72,21
19015966,831,76
19016030,16905,26
19016089,27,148
19016105,178,21
19016410,33,148
19016455,1827,26
19016487,799,32
19016535,7289,13
19016666,3934,47
19016730,14829,13
19016915,5948,5
19016975,43,148
19017011,391,30
19017073,785,21
19017235,155,95
19017364,31,148
19017418,27,148
19017557,25,148
19017663,378,95
19017836,772,76
19017873,8902,61
19017904,10794,61
19018141,775,21
19018185,162,95
19018399,1820,95
19018754,28,148
19019130,30,148
19019143,329,21
19019175,1187,30
19019220,5139,1
19019268,854,76
19019370,9129,51
19019489,167,32
19019795,30,148
19019999,48,164
19020073,208,21
19020257,32,164
19020287,26,164
19020527,153,76
19020642,690,47
19020702,32,164
19021181,681,30
19021188,72,166
19021203,144,32
19021327,563,95
19021361,144,47
19021381,5567,32
19021623,30,148
19021979,34,148
19022154,678,22
19022211,150,47
19022480,409,30
19022508,8963,47
19022849,2055,22
19023233,140,155
19023356,557,96
19023378,105,155
19023489,113,155
19023608,536,155
19023753,5332,80
19024151,379,155
19024187,7069,13
19024339,664,70
19024539,724,155
19024913,282,96
19025017,7200,22
19025035,5652,47
19025303,449,146
19025506,309,96
19025702,191,1
19025850,251,96
19025966,543,1
19026062,1243,41
19026163,613,96
19026171,21158,38
19026510,424,1
19026602,5396,156
19026676,146,40
19026763,6582,61
19026791,1865,96
19027417,570,40
19028312,413,1
19028507,14333,51
19028940,596,1
19029121,33,148
19029550,663,1
19029870,31,148
19030216,34,148
19030281,111,1
19030417,27,148
19030683,420,1
19030719,30,148
19030804,25,148
19030941,7169,19
19031428,34,148
19031469,446,76
19031985,13830,154
19032212,2160,24
19032287,13,1
19032472,3080,1
19032496,4140,80
19032553,9160,96
19032742,2379,76
19032880,86,10
19032995,3358,47
19033013,7325,40
19033040,4448,47
19033251,3058,32
19033279,5466,61
19034479,5160,5
19035214,30,148
19035479,28,148
19035552,2575,1
19035729,1643,76
19035850,27,148
19036138,26,148
19036484,1355,2
19036494,26,148
19036780,24,148
19036870,22,148
19037177,26,148
19037343,33,1
19037361,5073,13
19037527,27,148
19037632,122,155
19037760,53,155
19037765,36,148
19037818,67,155
19037890,575,155
19037894,391,76
19038113,290,70
19038120,32,148
19038315,30,148
19038431,1645,2
19038469,297,155
19038555,7304,80
19038561,33,148
19038589,30,148
19038641,3762,22
19038679,3848,61
19038764,30,148
19038772,646,155
19039080,32,148
19039168,27,148
19039174,7002,1
19039306,25,148
19039528,13027,38
19039613,40,43
19040070,27,148
19040092,3919,47
19040146,24,148
19040360,25,148
19040495,23,148
19040651,24,148
19040732,24,148
19040821,25,148
19040897,25,148
19041115,24,148
19041154,5113,9
19041784,1594,96
19042090,109,3
19042096,1719,2
19042263,187,3
19042443,4552,13
19042470,3540,61
19042530,63,61
19042848,10674,51
19042871,45,51
19042918,19,168
19042935,2209,131
19043995,673,96
19044166,3368,47
19044678,384,2
19044685,185,153
19044987,1739,47
19045059,3866,96
19045431,5022,30
19045966,3887,61
19046176,2034,1
19046323,314,153
19046896,589,76
19047003,9602,13
19047154,178,153
19047339,6338,8
19047549,51,47
19047555,6533,2
19047655,329,47
19047663,263,47
19047674,60,47
19048008,113,47
19048021,59,47
19048192,1523,26
19048570,5529,1
19048684,92,47
19048754,5200,47
19048777,176,153
19049425,1943,47
19049845,3647,61
19053432,5284,61
19053528,6591,51
19053532,3248,47
19053965,3223,47
19058716,3580,61
19058817,5631,13
19060436,15947,1
19062096,10519,61
19062295,3525,61
19063764,37,47
19063829,211,47
19063841,32,47
19064342,3770,47
19064619,3232,47
19065521,1329,47
19065756,3565,61
19066402,49,147
19069260,3560,61
19069474,8982,13
19070340,71,47
19072818,3458,61
19076313,6287,61
19076342,7125,47
19077749,58,13
19078961,10698,61
19082566,3889,61
19086460,3473,61
19086593,60,61
19089932,3719,61
19090066,61,61
19092894,10474,61
19093653,3473,61
19094333,7500,1
19097127,3477,61
19097263,58,61
19098635,9293,1
19100607,3421,61
19100934,3809,51
19103372,10048,61
19104030,3480,61
19104750,3519,51
19105044,3324,47
19106688,325,47
19106761,618,3
19107233,37,47
19107280,125,47
19107427,713,3
19107514,2087,47
19107569,1885,61
19107644,59,61
19107896,316,54
19107951,2195,54
19108137,3015,54
19108276,29,51
19108396,18575,47
19108743,3150,47
19108960,17943,51
19108977,21,51
19109633,2815,155
19114723,47,54
19124032,76,155
19124678,3461,61
19124695,10663,61
19126210,18483,154
19126908,28,51
19127198,19,51
19127220,13,51
19127229,64,155
19127237,12,51
19127253,14,51
19127298,15,155
19129040,218,47
19129096,161,47
19129292,2914,47
19129298,1635,47
19130022,878,3
19130609,4381,61
19130618,2347,47
19130906,4069,62
19131058,1651,47
19131082,33,47
19132463,1058,47
19134988,3455,61
19135000,3756,47
19135884,3357,51
19136202,33,54
19136326,27,54
19136472,22,54
19137541,2263,54
19137780,10493,61
19138394,3406,61
19139252,3639,51
19141135,1667,47
19141802,3665,61
19143223,52563,1
19145468,3590,61
19147040,31,150
19147082,37,150
19147137,25,150
19147172,42,150
19147235,25,150
19147274,25,150
19147321,54,150
19147665,27,150
19147706,27,150
19148121,9177,70
19148273,10739,61
19149060,3500,61
19149197,59,61
19152560,4976,61
19152696,60,61
19152855,37074,47
19152861,16,47
19152972,24,47
19159014,523,61
19169934,288,1
19171482,23,61
19180736,2885,1
19187294,3923,47
19190196,32,154
19196032,17,155
19196761,3370,51
19196911,20593,1
19208286,19,36
19208386,17,36
19209198,22,36
19209422,10,98
19210003,21,36
19210050,11,98
19210107,8,98
19210172,7,98
19210281,8,98
19210318,7,98
19210384,8,98
19210397,168,36
19210511,8,98
19210566,8,98
19210714,270,98
19211038,110,36
19211048,90,98
19211138,187,36
19211160,193,98
19211478,474,36
19212195,11,98
19212347,147,36
19212407,8,98
19213170,117,36
19213416,5756,36
19213442,10,98
19213622,8,98
19215463,4333,70
19217602,13918,1
19226139,146,36
19226302,51,36
19226821,570,36
19227505,599,36
19228557,511,36
19230072,294,36
19230996,2243,36
19231545,510,1
19232326,22961,1
19233037,6921,62
19233239,414,36
19234029,883,36
19234937,22569,36
19240162,3065,62
19260533,8075,1
19261732,8626,36
19266516,172,146
19268073,187,146
19268839,4690,1
19269103,160,146
19269279,95,146
19270470,27,148
19270562,23,148
19270622,2904,51
19270639,191,98
19270765,2760,36
19271047,28,148
19271240,213,98
19271611,28,148
19271754,23,148
19271811,178,98
19272149,27,148
19272251,23,148
19272517,29,148
19272632,31,148
19272759,9686,40
19272782,34,148
19272968,31,148
19273087,25,148
19273177,30,148
19273293,28,148
19274088,15,98
19275650,289,153
19275751,4936,154
19276084,24,168
19276739,410,15
19276977,7641,40
19279913,53,162
19280695,35,148
19282432,73,155
19282517,77,155
19282621,48,155
19282673,84,155
19282908,6195,26
19283253,6098,162
19283340,24,164
19283664,32,54
19284091,30,54
19284373,40,54
19284567,3704,47
19285029,1258,96
19285438,5068,51
19285904,3293,62
19285988,3478,61
19286005,10746,61
19286013,9,98
19286204,85,38
19286238,4422,38
19286533,4350,70
19287366,259,10
19287727,139,10
19287818,377,47
19288306,214,76
19288336,3762,154
19288507,29,150
19288527,44,1
19288623,27,150
19288678,55,1
19288730,42,150
19289153,52,1
19289392,6942,62
19289463,7236,61
19289518,51,1
19289632,68,155
19289705,56,155
19289765,73,155
19289844,50,155
19289899,344,155
19290068,53,1
19290212,57,1
19290247,224,155
19290442,48,10
19290477,477,155
19290513,3697,51
19290565,478,10
19290613,72,150
19290722,63,1
19290745,28,148
19290886,6859,70
19290895,33,148
19290959,256,155
19290974,33,148
19291065,38,148
19291179,33,1
19291317,53,164
19291348,354,15
19291380,47,10
19291502,35,10
19291507,30,164
19291526,30,1
19291655,28,148
19291763,215,36
19291876,1619,10
19291922,148,1
19291965,32,148
19292091,51,155
19292205,35,155
19292227,2594,40
19292548,168,164
19292563,2290,96
19292581,314,76
19292589,79,148
19292911,36,148
19293014,26,148
19293273,831,26
19293431,2088,155
19293515,42,164
19293543,27,148
19293657,26,148
19293819,149,1
19294109,26,148
19294176,23,148
19294220,4448,51
19294270,23,148
19294282,1887,26
19294349,23,148
19294415,22,148
19294525,910,24
19294581,44,148
19294880,23,148
19295076,24,148
19295173,23,148
19295265,24,148
19295646,4248,40
19296437,4447,96
19296661,3926,61
19296701,607,168
19296827,3442,62
19296932,1173,15
19296941,1167,15
19297109,234,156
19297115,37,148
19297474,100,168
19297748,5051,70
19297859,3644,30
19298646,65,1
19298676,6021,51
19299826,906,134
19300340,758,162
19300522,3879,61
19301555,4474,96
19301560,31,150
19301627,103,150
19302187,2078,134
19302239,56,150
19302467,25,148
19302566,68,150
19302602,29,148
19302629,220,1
19302645,61,150
19302801,7036,70
19302812,27,148
19302842,83,155
19302885,102,150
19302961,23,148
19303113,401,36
19303178,30,150
19303232,45,150
19303520,44,150
19303547,957,36
19304028,47,150
19304133,35,150
19304232,3086,62
19304300,3581,134
19304336,3624,61
19304472,193,1
19304705,4010,51
19304718,61,51
19305224,511,36
19305755,4699,36
19306659,356,38
19307428,3074,62
19307455,54,38
19307897,4330,61
19308722,3504,51
19309841,27,70
19309952,4087,47
19316104,5033,13
19317054,4019,36
19318636,597,1
19320354,82,1
19321470,9383,70
19322753,3416,51
19325660,2260,96
19328552,592,96
19329592,1150,96
19330853,6772,70
19331939,18732,36
19331945,1143,96
19337627,6847,70
19344477,6879,70
19350924,9680,110
19351358,5031,70
19353535,29,155
19353663,82,15
19355120,5715,47
19355286,26,148
19355367,29,148
19356081,404,47
19356393,571,70
19356529,37,47
19356712,373,47
19356958,14,51
19356976,12,51
19356995,12,51
19357008,37,51
19357011,12,51
19357574,3119,47
19357800,5089,30
19358403,60,40
19359161,293,154
19360775,4981,47
19366810,15,54
19367308,14,54
19368482,3375,51
19368758,7063,156
19369416,74,15
19371191,2765,134
19371657,3684,38
19371745,155,40
19371864,12453,51
19371877,27,51
19372198,59,40
19372413,7012,70
19372697,53,1
19373102,154,1
19373645,4227,47
19373703,155,1
19374028,221,15
19374320,151,1
19374825,9565,15
19374842,70,15
19375178,9006,13
19375263,10561,61
19376200,8189,6
19376445,8007,57
19377810,28,148
19377873,5237,1
19378191,13,54
19378650,16,54
19381512,58,15
19382332,130,155
19384699,67,155
19384703,168,47
19384770,48,155
19384822,57,155
19384883,308,155
19384914,521,47
19385048,61,15
19385195,276,155
19385300,76,15
19385334,251,32
19385346,6625,51
19385438,1418,40
19385444,7034,162
19385475,816,155
19385487,1594,47
19385629,134,134
19385922,5793,134
19386295,311,155
19386305,63,15
19386488,2900,70
19386551,7104,13
19386975,10,40
19387052,62,40
19387738,2079,10
19388157,711,32
19388527,7908,40
19388978,64,40
19389378,20694,38
19389389,4243,70
19389444,424,38
19389719,109,38
19389844,8833,1
19390561,197,38
19391414,393,5
19391981,6678,51
19391994,22,51
19392013,164,5
19393634,4198,70
19394184,7154,13
19394369,2497,162
19397835,15174,70
19398011,169,21
19398267,206,21
19398668,5646,51
19398779,357,21
19400473,390,21
19401230,184,21
19401341,4681,13
19401591,586,21
19402591,204,21
19404613,318,21
19405791,20,21
19405803,69,21
19405983,16,21
19406124,15,21
19406222,15,21
19406325,17,21
19406415,16,21
19406533,13,21
19406617,13,21
19407301,10795,61
19410916,217,40
19415515,10859,13
19416521,9952,70
19418109,10586,61
19426375,6066,13
19428916,10711,61
19436335,7558,70
19438537,184,57
19439454,195,40
19439685,10536,61
19439690,856,1
19439725,141,40
19439933,137,43
19439983,169,40
19440086,50,43
19440141,55,43
19440178,127,40
19440199,35,43
19441903,5823,1
19442396,11308,13
19442826,9043,57
19443612,1187,5
19443864,60,70
19445588,5986,51
19445850,206,40
19446350,1092,40
19446929,2423,6
19446966,14,98
19447075,9,98
19447304,13,98
19447314,2555,134
19447481,16,98
19447705,21,98
19447791,542,1
19448320,4575,40
19448471,9346,1
19448967,4113,15
19449196,16,15
19450256,7085,40
19450283,39,96
19450311,221,21
19450347,27,96
19450642,320,21
19450715,35,96
19451033,31,21
19451151,128,30
19451400,44,30
19451483,429,134
19451535,150,30
19451614,8360,51
19451768,1168,30
19451860,27,54
19451926,216,134
19452150,562,134
19452424,13,54
19452806,254,154
19452885,1232,134
19452968,55,168
19453039,219,40
19453131,8714,154
19453220,249,168
19453257,75,30
19453353,3595,30
19453427,44,13
19453583,1335,40
19453585,44,13
19454216,119,134
19454263,149,88
19454277,2723,132
19454665,27693,38
19454672,14,54
19455066,11,88
19455445,9,88
19455776,13,54
19456095,3735,26
19457564,8474,1
19458216,14,54
19458822,5856,1
19459358,9,88
19459755,13,54
19460819,94,88
19460878,38,40
19460943,2089,40
19461392,579,88
19461595,6137,57
19462342,558,165
19462504,398,30
19462876,10218,38
19463024,1654,30
19463401,10,88
19463567,338,10
19464824,1600,30
19465397,696,10
19465980,1467,70
19466727,7243,162
19467421,5156,51
19467508,4706,70
19467681,1233,30
19468023,3,96
19468068,3,96
19468122,3,96
19468179,2,165
19468211,21,21
19468219,2,96
19468319,4,165
19468362,18,21
19468455,17,21
19468532,19,21
19468559,4097,165
19468710,39,96
19468731,97,43
19468788,6628,57
19468832,67,43
19468902,74,43
19468979,48,43
19469050,13,21
19469191,17,21
19470133,10,21
19470175,363,146
19470199,3349,21
19470396,11322,1
19470481,9,88
19470486,4225,165
19470595,10341,154
19470697,388,146
19471226,1619,40
19471261,476,146
19471372,22818,1
19471451,130,88
19471742,19,54
19472215,4527,70
19472243,17,98
19472252,19,54
19472342,79,98
19472586,9395,51
19473403,13,98
19474013,12,54
19474029,574,146
19474040,79,146
19474652,5067,30
19474814,13,54
19475002,174,146
19475436,209,146
19475717,97,146
19475729,61,146
19475900,567,57
19476052,11,54
19476182,662,146
19476552,5711,57
19476745,6984,70
19476853,110,146
19477560,14,54
19478104,185,146
19478304,11,54
19479256,98,168
19481991,3362,51
19483480,616,15
19483742,7020,70
19485361,3995,51
19486113,675,21
19490766,7064,70
19493699,10750,61
19497834,7027,70
19502638,13,54
19502813,10,54
19503599,14,54
19504865,4767,70
19509634,6970,70
19511537,15861,61
19516607,10626,70
19526334,100,43
19527412,47,43
19527467,20,43
19527513,746,43
19527604,848,40
19527612,28,94
19527648,57,94
19527705,44,94
19529314,7115,154
19530954,20,96
19531298,7601,51
19532964,12290,1
19533723,11684,1
19534043,17,169
19534050,291,96
19534332,6,169
19534356,80,96
19535237,155,96
19535411,3604,9
19535442,17,96
19535580,14,10
19535818,267,96
19536129,341,96
19536492,7,169
19536509,86,96
19536678,15,54
19536792,54,15
19537042,295,15
19538180,499,15
19538235,7112,13
19538774,456,15
19538906,6503,51
19539425,6102,15
19539846,10076,38
19540086,402,15
19541826,10498,61
19542411,6374,154
19543221,14,169
19543822,12,54
19544245,3079,146
19545995,6820,1
19546022,58,15
19546121,11490,1
19547324,8,169
19547415,3665,22
19548240,4217,9
19549445,1464,146
19549568,451,153
19549686,1061,165
19549949,447,165
19549968,382,153
19550436,498,146
19550875,15,54
19550920,685,146
19551087,13,54
19551284,832,22
19551417,302,153
19551539,500,146
19552065,357,51
19552101,192,15
19552185,315,146
19552208,21,15
19552582,445,15
19552817,39,146
19552912,4054,9
19553467,572,153
19554131,4813,162
19554170,218,134
19554367,449,15
19554420,369,134
19554753,150,10
19554820,711,134
19555067,436,165
19555131,70,43
19555204,61,43
19555254,4692,1
19555270,50,43
19555324,49,43
19555377,75,43
19555943,632,15
19556090,34,155
19556114,1179,62
19556218,2122,165
19556743,13864,70
19557191,769,134
19557375,5296,62
19557684,541,153
19557744,837,146
19557800,64,146
19558281,299,134
19558514,193,153
19558544,950,146
19558699,142,134
19558841,11831,1
19558854,350,134
19558939,1211,162
19559151,2180,146
19559181,1737,62
19560738,1170,162
19560876,175,153
19560921,14,54
19561083,3828,1
19561297,35,10
19561349,27,10
19561469,28,10
19561582,397,15
19561618,1050,146
19561642,16,10
19561752,19,10
19561812,18,10
19562051,19,10
19562067,189,169
19562098,499,15
19562111,10392,38
19562118,20,10
19562151,23,10
19562300,15,54
19562786,8,169
19562863,6,169
19563089,200,24
19563297,173,153
19563362,12,10
19563416,11,10
19563522,91,10
19563646,3738,61
19563677,39,10
19564081,5003,38
19564104,1085,32
19564174,20,10
19564200,31,10
19564380,28,10
19564586,13,54
19564937,905,146
19565063,26446,146
19565269,13,54
19565689,15,54
19566020,12,54
19566291,11,54
19566693,178,54
19566990,483,15
19567261,3866,61
19567478,32,62
19567633,732,62
19568596,441,62
19570610,12158,70
19571067,4040,61
19573874,722,15
19575106,4242,61
19575243,59,61
19575455,547,15
19576003,774,15
19579349,3615,61
19580079,10503,61
19582043,3623,51
19582969,3524,61
19585151,244,70
19585600,1528,70
19586553,3506,61
19586628,76,61
19587129,6870,70
19590003,3337,61
19590585,10694,61
19591706,67,54
19592236,68,54
19592661,68,54
19592983,67,54
19593460,69,54
19593967,77,54
19594004,6876,70
19594298,124,54
19600883,6917,70
19601337,10513,61
19607804,6830,70
19611794,10830,61
19612731,76,43
19612883,50,43
19612937,53,43
19612993,51,43
19613047,312,43
19613364,261,43
19613600,418,36
19613628,281,43
19613913,293,43
19614031,3996,36
19614637,4617,70
19616423,3325,51
19617273,4135,57
19617931,999,30
19619170,224,30
19619492,27,169
19619756,5909,51
19620148,9,169
19620214,33,169
19620288,40,169
19620540,27,169
19620960,7035,154
19620970,32,169
19621105,3936,169
19621123,32,169
19621557,32,148
19621710,32,169
19622179,213,165
19622801,16,12
19622854,11,12
19622870,331,12
19622883,317,12
19622894,824,146
19622974,61,10
19623016,64,146
19623230,13,12
19623238,27,10
19623249,8,12
19623262,11,12
19623277,1687,12
19623290,1628,12
19623673,391,146
19623727,24,148
19623888,343,146
19623901,1211,10
19623920,21,148
19624074,15477,146
19624498,316,146
19624860,10500,146
19625147,25,12
19625189,44,12
19625243,146,12
19625259,132,12
19625406,16,12
19625464,9,12
19625489,1493,12
19625502,513,12
19625681,4618,51
19626140,30,148
19626220,27,148
19626257,1180,32
19626505,29,148
19626769,22,148
19627216,28,12
19627257,536,12
19627886,489,134
19627901,638,32
19627975,27,148
19628160,822,153
19628166,41,95
19628215,32,148
19628224,955,95
19628336,28,148
19628508,26,148
19628780,20,148
19629331,3140,95
19629494,1803,38
19630314,5131,51
19630822,6431,70
19631539,25,148
19631723,38,148
19631772,322,36
19631885,48,148
19631962,1105,38
19632144,6461,9
19632249,251,36
19632748,47,148
19632965,75,148
19633087,477,36
19633449,58,148
19633552,12253,36
19634437,82,10
19634659,19,10
19634692,32,10
19635190,2854,26
19635460,6042,51
19635692,49,10
19635866,11899,61
19636208,38,10
19636627,25,10
19636773,32,10
19636841,33,10
19636956,1033,165
19637027,34,10
19637238,48,10
19637253,4752,70
19637400,35,10
19637683,35,10
19637858,35,10
19637999,34,10
19638163,56,10
19638307,34,10
19638387,3936,95
19638396,3782,95
19638407,2160,38
19638980,57,10
19639290,1991,96
19639488,5002,30
19640189,67,10
19640745,1650,15
19641293,666,62
19641336,3045,96
19641524,7483,51
19641531,107,43
19641646,79,43
19641706,508,153
19641730,80,43
19641805,492,165
19641914,48,43
19641917,27,43
19641961,32,43
19642042,4621,70
19642314,145,15
19642352,7138,9
19642485,1303,95
19642553,1372,15
19642597,298,165
19643188,37,148
19643403,354,165
19644323,2547,24
19644544,309,165
19644869,1901,26
19644897,1543,15
19646663,4224,70
19647012,52,61
19647742,4340,61
19648177,2328,38
19649015,4711,51
19649258,2349,96
19649701,215,153
19650899,19235,70
19650937,853,38
19651344,80,153
19652056,4015,61
19652140,519,26
19652313,4316,38
19652417,787,10
19653381,493,15
19653736,3387,51
19656040,3366,61
19657133,6644,51
19657611,4612,162
19659193,255,113
19659599,85,61
19660227,94,61
19660696,92,61
19660966,3403,61
19662031,101,113
19664348,3467,61
19664370,104,113
19665549,1503,13
19665569,4471,70
19665647,1047,10
19667050,4586,13
19667547,10601,61
19667810,3529,61
19670134,8743,70
19671307,3973,61
19671637,7095,13
19673979,884,62
19675293,3434,61
19675996,4461,70
19678726,3517,61
19678882,32,70
19679204,10819,61
19679496,34,70
19680020,36,70
19680233,20,70
19681549,7220,13
19682243,3586,61
19685839,3798,61
19688772,7151,13
19689634,3498,61
19690023,10594,61
19693129,3464,61
19695927,5007,13
19696603,3530,61
19697920,6285,9
19699131,116,43
19699290,59,43
19699353,62,43
19699418,62,43
19700123,3521,61
19700630,10808,61
19700937,7041,13
19703655,3542,61
19707194,3561,61
19707982,7180,13
19710756,3546,61
19711432,10540,61
19711839,3405,51
19714311,3595,61
19715165,7202,13
19715257,3361,51
19717458,6201,162
19717578,2745,146
19717612,1015,146
19717908,3809,61
19718628,3360,51
19719568,1013,10
19720470,331,146
19720788,6151,146
19721706,3492,61
19721994,11049,61
19721997,3354,51
19722372,14673,13
19725203,3486,61
19725369,3349,51
19726656,668,10
19726909,5399,146
19727931,70,43
19728005,68,43
19728077,68,43
19728709,3636,61
19728726,3350,51
19729729,1666,70
19731395,5325,70
19732087,4213,51
19732273,5993,146
19732329,3624,61
19734036,10604,61
19734436,1295,9
19735405,14656,38
19735874,256,70
19735961,3464,61
19736005,30,61
19736312,6492,51
19736367,6234,9
19736725,5110,70
19737049,11393,13
19738239,5798,146
19740180,3482,61
19740864,525,113
19741837,4751,70
19741854,305,113
19743901,691,10
19744020,5371,146
19744060,166,113
19744558,559,10
19744647,10848,61
19744866,65,10
19745000,1320,10
19745106,88,61
19745380,3526,61
19745393,22,61
19746019,256,113
19746589,6779,70
19747127,188,113
19748898,3510,61
19749113,7373,13
19749365,4660,146
19752242,8861,162
19752396,3544,61
19753992,5766,146
19755501,10589,61
19755934,3608,61
19756407,2210,70
19759344,35,13
19759542,3528,61
19759688,32,13
19759747,6318,146
19759917,37,13
19761084,22,13
19761116,4887,162
19763070,3442,61
19763521,4545,70
19766032,4461,146
19766536,3524,61
19768068,7098,70
19770040,3512,61
19770478,4511,146
19773531,3708,61
19774956,4400,146
19775198,7042,70
19777205,3491,61
19779328,4629,146
19780689,3480,61
19782245,15214,70
19783923,4439,146
19784142,3527,61
19785532,103,43
19785676,60,43
19785740,67,43
19787650,3485,61
19788356,5472,146
19791101,3566,61
19792157,105,113
19793809,7401,146
19794633,3731,61
19795016,242,113
19795368,42,113
19796322,5914,162
19797462,12675,70
19798339,12156,61
19801187,18188,146
19802177,390,162
19802252,15254,162
19803671,10848,61
19803944,19554,9
19806996,22,51
19808085,326,113
19809660,17493,162
19810092,294,113
19810140,9176,70
19810488,12191,61
19811178,37,113
19814331,92,43
19814731,117,61
19814879,10822,61
19817788,33,70
19818648,22,70
19819352,16083,146
19822665,12722,61
19823037,52,70
19824185,2117,70
19825699,10509,61
19826105,345,113
19826889,333,113
19829039,645,113
19830258,711,113
19833020,250,113
19835387,37147,61
19835895,36707,146
19836049,3839,1
19836185,36366,61
19874755,13434,9
19876411,20,12
19876438,204,12
19876658,331,12
19876682,11,12
19876698,283,12
19877103,4670,5
19877771,10076,30
19878681,28,51
19878756,124,43
19878890,135,43
19879037,68,43
19879112,553,43
19879312,496,15
19879669,806,43
19880097,678,30
19880229,1882,15
19880417,38,9
19880485,1003,43
19881639,4971,61
19881722,591,43
19882071,3357,51
19882635,6348,162
19883036,1329,15
19884420,1912,26
19884886,211,153
19884918,564,15
19885376,32,15
19885440,6733,51
19885832,23,96
19885990,513,15
19886038,39,96
19886397,1818,61
19886555,2383,26
19887035,482,15
19887576,4439,61
19887876,36,96
19887900,800,15
19887917,106,153
19887941,35,153
19888223,175929,61
19888340,25,15
19888405,28954,30
19888424,22,96
19888737,66,30
19889141,175012,9
19889279,43,56
19889314,23,96
19889443,476,56
19889618,19,96
19889652,3992,162
19889692,33,162
19889734,21,96
19889832,22,96
19889923,39,96
19890036,21,56
19890121,19,56
19890699,128,96
19890839,48,96
19891051,103,96
19891210,201,96
19891296,274,38
19891427,49,96
19891572,50,96
19891661,24,56
19891817,18,56
19891867,18,56
19891913,19,56
19891976,488,15
19892026,124,56
19892182,171970,51
19892631,763,56
19892686,171297,61
19892731,170380,38
19893038,377,15
19893063,171088,5
19893405,38,15
19893611,170280,162
19893799,303,10
19893917,705,15
19893945,34,15
19894198,313,22
19894255,27,10
19894391,169668,10
19894598,28,15
19894668,169483,56
19953505,5509,70
19955180,3517,9
19956584,3032,61
19958331,104,43
19958358,7601,51
19958375,9282,1
19958453,41,56
19958474,64,43
19958532,38,56
19958541,63,43
19958547,1455,15
19958560,43,56
19958593,56,56
19958608,47,43
19958656,1078,15
19958665,442,43
19958762,134,56
19959011,6736,70
19959024,99,56
19959111,272,43
19959229,122,56
19959388,160,43
19959589,4048,61
19959981,126,56
19960164,1450,15
19960171,125,56
19961107,321,76
19961801,9940,15
19963007,781,5
19963167,43,43
19963230,1888,43
19963630,5185,61
19963891,9516,76
19964552,353,153
19964719,728,76
19964912,3172,22
19965533,18,98
19965689,224,98
19965750,6871,70
19965965,7997,51
19965990,321,98
19966029,25864,30
19966145,516,5
19966405,330,76
19966457,12,98
19966495,283,98
19966513,13,15
19966860,2293,30
19966998,1196,15
19967028,15,98
19967315,13,98
19967733,857,5
19968164,56,155
19968218,435,98
19968324,1487,76
19968535,212,153
19968658,833,15
19968744,10298,5
19968796,22,54
19968804,119,98
19968810,8041,61
19968940,150,98
19969079,88,54
19969086,856,70
19969226,508,30
19969234,25,15
19969547,12114,154
19969584,9,98
19969781,1084,15
19969866,152,98
19969901,469,61
19970079,15,98
19970096,4224,70
19970215,21,98
19970238,16,98
19970420,1312,76
19970693,100,61
19970797,468,153
19971176,287,20
19971211,102,61
19971269,403,30
19971508,87,54
19971574,12292,9
19971888,155,76
19972470,771,76
19972541,357,30
19972611,20,98
19972624,13017,70
19972892,15,98
19972913,14,54
19972949,195,98
19972967,87,54
19972974,260,30
19972988,43,96
19973073,125,153
19973230,7,98
19973375,710,96
19973416,11,98
19973590,631,61
19973657,10,98
19973861,10,98
19973973,13337,51
19974152,67,96
19974327,527,96
19974436,14502,61
19974826,1270,95
19975226,291,96
19975601,29,96
19975622,1034,38
19975801,263,96
19976061,9802,15
19976230,238,96
19976481,256,96
19976616,139,153
19976738,392,96
19977178,7291,38
19977732,90,61
19978061,56,61
19978477,2769,1
19979022,106,153
19979290,3397,146
19979745,60,61
19979884,1268,95
19980067,113,153
19980954,358,165
19981448,36,10
19981802,1066,146
19982035,2061,95
19982435,1633,1
19982649,503,165
19982749,7562,146
19983129,33,10
19984080,17,23
19984163,19,23
19984207,20,23
19984248,51,10
19984257,374,1
19984269,348,23
19984380,229,165
19984459,457,76
19984535,5881,10
19984616,29,96
19984748,26,96
19984778,108,95
19984855,438,23
19984863,76,23
19984916,3054,95
19984963,716,76
19985196,970,96
19985224,90,23
19985285,4203,61
19985484,1039,38
19985643,10204,70
19985714,475,23
19986028,9951,5
19986145,45,23
19986196,9876,15
19986205,378,23
19986210,761,23
19986241,588,96
19986284,272,165
19986513,2094,22
19987022,982,23
19987134,100,43
19987231,63,153
19987240,106,43
19987349,52,43
19987407,64,43
19987415,517,96
19987478,683,43
19987574,5284,165
19987666,7375,51
19988167,466,43
19988217,641,96
19988449,79,165
19988636,459,43
19988643,174,95
19988649,88,165
19988728,111,22
19988810,252,165
19988868,87,95
19989013,1105,95
19989055,147,96
19989070,1410,61
19989100,324,43
19989213,577,96
19989313,42,165
19989527,22552,5
19989542,751,38
19989613,2124,22
19989790,370,96
19989882,117,62
19990003,4212,165
19990248,434,15
19990264,919,96
19990300,85,62
19990687,76,62
19991028,131,62
19991127,266,54
19991370,1268,96
19991501,61,62
19991547,379,95
19991914,12,98
19992030,300,153
19992049,52,62
19992176,10,169
19992898,4025,22
19993149,926,96
19993328,989,32
19993549,14,169
19993558,5498,1
19994472,6282,146
19994480,215,32
19994679,189,96
19994886,195,96
19994935,456,32
19994954,4117,54
19995049,5841,51
19995098,434,96
19995787,375,96
19995851,7183,70
19996174,414,96
19996185,1272,38
19996655,378,96
19996888,2436,22
19997026,615,96
19997266,238,38
19997655,1418,61
19997719,4735,61
19997867,3925,169
19997880,13,169
19997920,1800,96
19998077,8,169
19998152,11,169
19998646,11,169
19998759,9,169
19998919,7,169
19999047,8,169
20000128,575,96
20000161,10526,61
20000722,4589,146
20000896,3490,51
20001120,646,96
20001622,33,70
20001991,1114,96
20002156,34,70
20002437,4693,61
20003283,33,56
20005226,6981,96
20005307,4320,146
20007122,5912,61
20009606,4377,146
20010938,191,70
20012314,10763,61
20012861,22616,1
20013038,4257,61
20013950,4363,146
20014106,11613,15
20014555,114,62
20015050,229,62
20015670,7040,62
20017299,6089,61
20018286,4267,146
20022523,6154,146
20023375,3522,61
20026867,3535,61
20028644,6150,146
20030371,3727,61
20034083,3590,61
20034794,4238,146
20060667,122,153
20064256,4147,51
20064263,7206,96
20064281,66,94
20064343,62,94
20064343,218,94
20064343,445,94
20064343,466,94
20064343,466,94
20064343,1515,94
20064343,2508,94
20064344,61,94
20064344,274,94
20064344,485,94
20064344,1454,94
20064344,3987,94
20064345,120,94
20064345,333,94
20064345,442,94
20064345,484,94
20064345,1609,94
20064345,5520,94
20064346,59,94
20064402,101,94
20064402,406,94
20064402,706,94
20064402,706,94
20064402,1755,94
20064402,5480,94
20064403,158,94
20064403,215,94
20064403,275,94
20064403,704,94
20064403,729,94
20064403,2254,94
20064403,2508,94
20064403,5495,94
20064404,214,94
20064404,728,94
20064404,768,94
20064404,5525,94
20064465,37,94
20064465,37,94
20064465,95,94
20064499,118,94
20064501,116,94
20064502,115,94
20064559,118,94
20064560,155,94
20064560,156,94
20064616,60,94
20064616,61,94
20064616,61,94
20064616,114,94
20064616,149,94
20064616,171,94
20064675,40,94
20064675,40,94
20064676,89,94
20064676,153,94
20064676,431,94
20064714,50,94
20064714,50,94
20064714,51,94
20064714,393,94
20064714,396,94
20064729,58,94
20064730,379,94
20064763,45,94
20064763,45,94
20064763,343,94
20064764,342,94
20064785,324,94
20064786,42,94
20064786,320,94
20064786,386,94
20064806,303,94
20064806,384,94
20064807,297,94
20064807,325,94
20064807,402,94
20064828,283,94
20064828,283,94
20064850,260,94
20064850,303,94
20064851,257,94
20064851,259,94
20065101,31,94
20065101,52,94
20065101,167,94
20065101,265,94
20065102,29,94
20065102,249,94
20065102,249,94
20065103,68,94
20065103,187,94
20065103,557,94
20065104,125,94
20065104,145,94
20065130,80,94
20065130,140,94
20065130,259,94
20065130,300,94
20065131,629,94
20065131,688,94
20065152,97,94
20065152,302,94
20065171,156,94
20065171,340,94
20065190,284,94
20065190,706,94
20065209,80,94
20065209,302,94
20065229,181,94
20065249,161,94
20065267,83,94
20065268,97,94
20065268,185,94
20065289,184,94
20065326,167,94
20065346,107,94
20065349,349,94
20065349,372,94
20065365,239,94
20065389,104,94
20065389,271,94
20065410,170,94
20065430,150,94
20065430,291,94
20065450,109,94
20065452,308,94
20065473,168,94
20065473,168,94
20065473,247,94
20065492,111,94
20065493,148,94
20065509,36,10
20065510,328,94
20065511,327,94
20065542,21,10
20065580,160,94
20065580,179,94
20065581,12625,154
20065603,195,94
20065622,117,94
20065640,178,94
20065660,158,94
20065660,177,94
20065660,567,94
20065680,216,94
20065698,399,94
20065719,214,94
20065719,235,94
20065720,437,94
20065739,176,94
20065758,281,94
20065759,194,94
20065759,633,94
20065798,1560,94
20065817,196,94
20065817,197,94
20065818,195,94
20065818,589,94
20065837,389,94
20065837,389,94
20065858,180,94
20065858,1573,94
20065895,202,94
20065914,618,94
20065915,182,94
20065952,273,94
20065952,274,94
20065953,204,94
20065953,2443,94
20066012,292,94
20066013,143,94
20066038,265,94
20066096,355,94
20066096,415,94
20066096,416,94
20066156,147,94
20066156,376,94
20066156,2596,94
20066211,106,5
20066213,444,94
20066214,518,94
20066216,574,94
20066224,307,94
20066225,432,94
20066297,359,94
20066299,368,94
20066390,520,94
20066406,631,94
20066449,402,94
20066510,464,94
20066510,527,94
20066530,444,94
20066531,505,94
20066531,690,94
20066649,439,94
20066650,386,94
20066653,568,94
20066653,3075,94
20066730,490,94
20066788,570,94
20066847,2965,94
20066848,372,94
20066908,733,94
20066908,3021,94
20066972,620,94
20066972,621,94
20067029,289,94
20067032,560,94
20067033,722,94
20067034,846,94
20067084,557,94
20067151,10249,15
20067214,487,94
20067214,541,94
20067217,796,94
20067217,1065,94
20067353,892,94
20067353,2202,94
20067424,1809,94
20067575,707,94
20067579,665,94
20067579,752,94
20067631,613,94
20067697,947,94
20067750,646,94
20067751,817,94
20067877,998,94
20068009,865,94
20068058,8,169
20068240,703,94
20068240,704,94
20068276,653,94
20068279,983,94
20068324,1522,94
20068328,763,94
20068392,1473,94
20068564,668,94
20068640,802,94
20068745,1136,94
20068865,773,94
20068865,981,94
20068940,733,94
20069087,663,94
20069162,9684,110
20069227,584,94
20069230,581,94
20069282,647,94
20069440,488,94
20069552,294,94
20069667,231,94
20069726,171,94
20069845,52,94
20069911,10,26
20070000,22,153
20070045,9844,15
20070256,6977,22
20070381,25423,26
20071134,198,8
20071457,2455,38
20074502,1688,32
20074550,1246,24
20074776,7093,5
20074815,6524,146
20075191,16376,61
20075210,3594,146
20075250,25054,61
20075344,295,153
20075377,1258,24
20075752,6733,51
20076036,13699,62
20076072,138,8
20076190,9,8
20076221,229,40
20076230,2946,32
20076495,3418,40
20076646,1312,95
20076975,160,44
20077303,2897,38
20077366,228,44
20077410,2770,22
20077510,90,51
20077884,415,44
20078083,660,30
20078332,345,51
20078502,3919,96
20078704,69,51
20078824,151,30
20079246,110,44
20079269,1007,95
20079311,444,30
20079774,131,32
20079937,226,44
20079955,7589,40
20080030,382,96
20080253,333,153
20080299,9791,15
20080429,437,30
20080441,709,96
20080523,1337,32
20080610,75,44
20081018,130,44
20081266,306,44
20081274,310,30
20081451,14692,38
20081511,314,96
20081518,7297,146
20081726,92,44
20081734,283,22
20081860,469,96
20081972,7628,5
20082014,31,70
20082139,3904,70
20082154,4191,38
20082162,1096,32
20082168,196,44
20082494,1810,96
20082506,5570,51
20082739,4038,54
20082803,503,95
20082932,452,32
20083066,196,44
20083384,134,44
20083663,12497,47
20083863,499,134
20084135,422,38
20084517,560,134
20085115,519,134
20088748,5134,146
20091568,6441,61
20092137,8,169
20092249,8,169
20092436,5652,62
20092509,6,169
20092583,7,169
20092686,6,169
20092752,6,169
20092861,7,169
20092987,6,169
20093816,6434,146
20097949,3509,61
20098026,60,61
20098093,26,70
20098482,5555,70
20100157,3965,1
20100186,7557,146
20100821,1101,62
20101005,104,51
20101462,4789,61
20102115,1231,62
20103649,1199,62
20104014,5851,70
20105612,5607,62
20106248,6022,61
20106324,60,61
20107680,6972,146
20109862,6143,70
20111408,5735,62
20112271,5834,61
20114587,6633,146
20116003,6198,70
20116868,8492,61
20118168,3453,61
20119106,9821,15
20121156,6666,146
20121562,3635,61
20122196,6348,70
20125197,3428,61
20127757,6799,146
20128539,6305,70
20128625,3376,61
20128893,9952,15
20129751,48,40
20131132,89,43
20131984,3549,61
20132002,32,56
20132051,84,56
20132118,53,56
20132185,16,56
20132263,101,56
20133137,155,30
20133597,391,30
20133709,39,56
20133735,33,56
20133758,57,56
20134267,228,30
20134493,6970,146
20134577,28,56
20134583,82,56
20134796,54,56
20134840,6479,70
20134888,31,56
20135375,28,56
20135380,80,56
20135390,31,56
20135494,3515,61
20135545,15,5
20135624,10677,5
20135972,51,56
20136232,11305,51
20136292,23,56
20136668,2774,158
20136980,599,30
20137509,9,169
20137682,533,15
20137797,6,169
20137875,20,56
20137907,9289,15
20138144,12991,154
20138368,866,1
20138663,2949,22
20138716,9783,15
20138946,7190,61
20139019,49,56
20139104,80,56
20139155,118,56
20139173,34,56
20139209,12516,61
20139444,54,56
20139530,82,56
20139551,52,56
20139791,74,56
20139896,50,56
20139958,75,56
20140006,44,56
20140010,1408,158
20140128,46,56
20140170,70,56
20140191,44,56
20140384,76,56
20140418,105,56
20140478,45,56
20140567,153,56
20140735,747,56
20140984,67,56
20141221,107,56
20141255,11722,9
20141313,14355,70
20141679,183,56
20141763,28,56
20141849,57,56
20141972,152,169
20141992,173,56
20142033,53,56
20142119,107,56
20142171,62,146
20142364,9,169
20142504,460,38
20142581,96,84
20142631,104,56
20142855,108,56
20143339,9,56
20143394,87,56
20143577,92,56
20143683,380,1
20143849,109,56
20144033,105,56
20144059,34,56
20144064,2658,146
20144249,119,56
20144586,7141,146
20144909,85,56
20144929,106,56
20144948,31,56
20145233,31,56
20145730,1678,96
20145793,19,169
20146333,15296,5
20146766,78,1
20146847,5034,22
20146870,15,169
20146917,2182,38
20146988,109,38
20147424,10615,96
20147544,2536,51
20148095,1627,70
20148734,68,15
20149059,344,44
20149072,11341,61
20149479,100,10
20149645,442,19
20149891,9575,127
20150237,12504,51
20150351,9109,127
20151996,342,153
20152075,106,146
20152228,18713,146
20152313,87,169
20152347,11119,61
20152442,14093,22
20152561,376,169
20152576,21,170
20153850,272,169
20154430,3017,13
20155669,17486,70
20156407,2739,24
20160316,30,94
20160791,13587,62
20161006,152,70
20161094,25598,30
20161109,13810,61
20161116,882,10
20161128,18,170
20161227,22,170
20161409,7888,9
20161610,285,70
20161707,9023,96
20161813,8159,5
20161840,12286,38
20162092,1174,70
20162135,983,47
20162301,9865,15
20162322,838,96
20162327,9849,15
20162808,238,10
20162960,430,151
20163072,2537,75
20163132,9543,47
20163651,151,61
20163871,6237,61
20163891,702,70
20164323,119,32
20164569,1006,95
20164964,320,10
20165136,2158,32
20165630,212,70
20165829,404,10
20165899,1054,96
20165965,405,70
20166031,371,153
20166494,9,10
20166659,10,10
20167093,537,24
20167103,10305,70
20167406,24,10
20167597,252,10
20167815,1013,32
20167867,636,10
20168168,541,13
20168175,12,169
20168339,18,169
20168402,2888,38
20168846,125,32
20168994,858,32
20169215,409,75
20169568,22632,1
20169708,8,169
20170119,7,169
20170229,788,13
20170335,5194,61
20170768,7,169
20170920,6955,146
20171158,6,169
20171298,5,169
20171634,5,169
20171936,5,169
20171959,916,134
20172091,7,169
20172189,9976,15
20172226,7,169
20172370,6,169
20172937,6,169
20173120,4,169
20173147,6228,70
20173394,2136,134
20173547,76,171
20174054,2636,171
20175372,62,61
20175441,4276,61
20176733,16,171
20176895,490,171
20177809,7085,146
20179375,6118,70
20179657,5637,61
20181079,173,134
20181262,3680,134
20182041,9835,15
20183717,3556,51
20184830,10759,146
20185116,2272,134
20185230,3981,61
20185492,11768,70
20185588,40,13
20185750,1240,13
20186995,695,13
20187257,9,170
20187672,5491,13
20187915,9,170
20189149,4993,61
20190565,460,96
20190604,555,96
20190862,7169,70
20191094,2116,96
20191172,6521,96
20194137,4940,61
20194790,1967,96
20195526,9237,146
20197262,9680,70
20198034,7231,70
20198346,542,96
20198694,2425,96
20198906,1317,96
20199011,6157,61
20200244,3580,96
20201134,1876,96
20203028,613,96
20203656,715,96
20203863,489,96
20204375,10530,96
20204694,9185,146
20205102,3941,61
20205267,7186,70
20206941,9407,70
20208981,3995,61
20212454,7145,70
20212905,3979,61
20212979,59,61
20213817,7282,146
20216286,83,56
20216335,229,56
20216340,6326,70
20216546,70,56
20216848,4091,61
20216890,128,56
20216967,204,56
20217035,70,56
20217138,129,56
20217393,67,56
20217530,83,43
20217620,9836,15
20217648,61,56
20217661,39,56
20217699,82,43
20217785,50,43
20217838,88,43
20217929,782,43
20218021,9626,110
20219601,7210,70
20220451,3483,30
20220849,282,22
20220876,8685,61
20221031,10007,146
20221157,11261,51
20221413,4909,22
20221922,6,169
20222029,6,169
20222107,2201,158
20222333,7339,5
20222354,7,169
20222494,1700,169
20222682,12774,70
20222736,552,30
20223354,6247,134
20223870,408,30
20223996,9892,9
20224009,21,170
20224314,7,169
20224444,718,30
20224939,49,13
20224998,14519,13
20225275,10,170
20225441,225,44
20226029,8545,154
20226076,363,44
20226678,190,30
20226815,7932,70
20226993,124,44
20227455,10007,15
20227608,647,44
20227682,214,30
20227915,5,170
20227994,28,38
20228255,2295,30
20228439,7,170
20228673,140,44
20229011,144,20
20229089,5138,26
20229139,236,61
20229604,50,15
20229656,1409,15
20229661,2806,96
20229666,1217,75
20229965,60,15
20230335,2051,96
20231038,212,134
20231834,1994,30
20232410,236,96
20232430,13574,51
20232508,9327,96
20232942,995,96
20233078,3823,15
20233481,237,170
20233784,5072,61
20233825,5586,5
20233895,438,5
20234344,380,146
20234398,2386,96
20234719,211,134
20234820,6,169
20234958,8,169
20235046,16315,134
20235067,12,169
20235151,2707,26
20235323,332,169
20235449,8752,70
20235694,13,169
20235719,213,169
20236200,223,61
20236391,227,44
20236470,13700,9
20236689,3366,146
20236827,8207,96
20236874,3995,15
20238499,13,169
20238780,7104,30
20238839,13,169
20238992,12,169
20240433,149,5
20240771,2338,22
20240777,9974,15
20240909,76,5
20241194,9600,146
20241246,12606,5
20242859,247,10
20242862,61,10
20243161,61,10
20243161,3926,10
20243222,235,10
20243480,127,44
20243969,8622,61
20244037,76,61
20244051,209,44
20244164,202,61
20244186,10773,70
20245391,13,169
20245992,1117,96
20246044,16712,30
20246331,137,43
20246472,117,43
20246592,93,43
20246689,96,43
20246792,114,43
20247189,3907,96
20247277,73,95
20247632,29,155
20247786,23419,38
20247824,10496,51
20247978,295,61
20248122,184,95
20248340,366,153
20248363,134,95
20248509,17211,70
20248552,5333,26
20248767,143,95
20248781,46,156
20249186,196,95
20249454,2913,95
20249468,23,112
20249841,24,112
20250041,43,156
20250777,12577,146
20251356,9511,9
20251419,47,156
20252526,8140,61
20253047,11785,154
20253882,157,61
20254042,478,26
20254182,222,61
20254515,758,141
20254977,8631,70
20255040,39,95
20255279,1009,158
20255305,487,95
20255804,43,95
20255838,1192,38
20256052,9494,95
20256275,3364,61
20256745,14028,5
20258328,5139,51
20260676,6040,61
20263353,21331,146
20263609,16172,70
20265726,5545,70
20266741,16682,61
20267261,19801,15
20268702,13,170
20271240,484,56
20271291,542,56
20272079,440,56
20272139,578,56
20273463,7885,9
20274447,3368,70
20283001,13320,70
20283356,10661,61
20284619,8250,146
20284685,62,146
20292744,6043,146
20293956,3441,61
20296327,541,70
20297335,3479,61
20298725,5206,146
20300751,3683,61
20303869,4294,146
20303932,65,43
20304059,61,43
20304124,49,43
20304176,59,43
20304312,3517,61
20306312,168,154
20306547,2731,154
20307767,3434,61
20308100,4313,146
20311057,3433,22
20311138,3624,61
20312009,9523,154
20312349,4514,146
20313467,14,112
20313564,8,112
20313647,38,56
20313657,9,112
20313738,31,56
20313843,131,56
20313961,371,56
20314031,37,56
20314377,31,56
20314409,34,56
20314477,4298,22
20314491,433,56
20314613,465,56
20314699,3884,61
20315205,37,56
20315462,29,56
20315600,162,56
20315836,8,112
20315958,41,56
20315993,339,13
20316064,209,56
20316354,33,56
20316483,433,56
20316606,102,56
20316619,296,13
20316752,235,56
20316819,5147,146
20316887,194,13
20316920,10549,9
20316968,36,56
20316981,12511,5
20317088,224,56
20317205,432,56
20317442,383,1
20317464,667,56
20317497,1218,56
20317658,36,56
20317742,402,1
20317924,251,13
20318234,136,1
20318340,492,1
20318409,1765,1
20318542,3543,61
20318748,9467,22
20318790,64,56
20319035,34,56
20319301,61,56
20319448,63,56
20319991,417,70
20320562,132,56
20320658,228,56
20320864,432,56
20320894,136,56
20321092,7784,70
20321807,67,56
20321902,5080,146
20322021,4183,61
20322479,11826,154
20322612,130,56
20322662,105,56
20322858,64,56
20323270,228,56
20323358,500,56
20323466,259,56
20323841,132,56
20323848,145,56
20324023,62,56
20324256,892,56
20324301,909,56
20325250,144,56
20325296,129,56
20325338,65,56
20325947,3034,56
20326038,807,56
20326141,4794,61
20326918,4334,146
20327643,62,70
20328543,62,70
20330333,148,70
20330490,66,70
20330908,3732,61
20330940,3837,22
20331069,8865,9
20331207,4649,146
20332721,105,61
20332730,116,43
20332849,65,43
20332917,47,43
20333414,113,61
20333539,9657,61
20334580,3737,61
20334778,3793,22
20335459,11595,1
20336066,30,156
20336141,25,156
20338318,3622,61
20338392,60,61
20338571,3016,22
20340879,441,38
20341587,2570,22
20341942,3547,61
20343133,9699,61
20343269,60,61
20344094,4250,22
20345491,3492,61
20346728,22534,5
20347251,3495,15
20347580,538,146
20348046,3764,146
20348281,3422,22
20348981,3454,61
20349057,59,61
20349575,55,30
20352438,3572,61
20352512,59,61
20352865,9580,61
20352896,135,56
20352920,80,56
20352982,64,56
20353332,131,56
20353353,63,56
20353432,65,56
20353508,5522,1
20353518,69,56
20353803,1542,56
20355156,4464,146
20356013,3447,61
20359460,3568,61
20359533,24,61
20359556,4293,146
20362425,9810,61
20363029,3755,61
20363103,61,61
20363786,4321,146
20366784,3766,61
20366859,61,61
20368042,4348,146
20370553,3503,61
20372237,10112,61
20372323,4285,146
20374057,3532,61
20376542,4445,146
20377591,3808,61
20380970,4282,146
20380989,50,146
20381397,3646,61
20382349,10399,61
20385046,3573,61
20385190,4301,146
20388621,4196,61
20389428,4597,146
20390331,93,43
20390565,75,43
20390642,72,43
20392122,8934,154
20392788,9922,61
20392812,3548,61
20392880,59,61
20393753,4354,22
20393959,4377,146
20394720,65,56
20394771,255,56
20395210,584,56
20395712,257,56
20396029,64,56
20396114,1820,56
20396179,10381,5
20396300,3844,61
20396657,63,56
20396778,65,56
20396882,304,56
20397451,63,56
20397576,1786,56
20397661,60,56
20398108,1828,22
20398270,4733,146
20400144,3879,61
20400219,59,61
20402799,6829,61
20402941,4460,146
20403485,13742,1
20403548,7738,1
20404035,3500,61
20404149,2035,22
20406429,4857,22
20407337,4822,146
20407525,1982,61
20409691,200,61
20409711,97,61
20409777,391,61
20409945,3788,61
20410243,11094,61
20411274,4003,22
20411775,8351,154
20412034,4347,146
20413450,1723,32
20413672,4410,61
20415226,8284,22
20416371,4901,146
20416724,11435,36
20416910,15548,5
20417937,12033,9
20418084,3562,61
20419131,98,43
20419233,69,43
20419306,51,43
20421160,4949,146
20421275,10787,61
20421649,3537,61
20423514,5435,22
20423974,146,54
20425185,3752,61
20425299,112,54
20426044,6019,146
20426578,4205,38
20426601,1795,70
20426609,28730,38
20427207,167,54
20428183,142,54
20428394,7121,70
20428685,158,54
20428933,3812,61
20429020,5892,22
20429496,141,54
20429935,207,54
20429960,5563,154
20430055,1180,95
20430297,34,54
20430542,37,54
20431059,39,54
20431663,456,40
20431674,37,95
20431812,1243,95
20432119,9157,61
20432809,3691,61
20434652,3191,95
20434851,4004,22
20435522,2730,70
20436502,4350,61
20436885,1146,146
20437117,27,95
20437151,66,95
20437297,139,95
20439225,63,95
20439780,22423,5
20440797,427,61
20443890,64,56
20443993,60,56
20446795,21,54
20447008,17,54
20447374,21,54
20447495,84,54
20447661,84,54
20448056,89,54
20448539,88,54
20449249,89,54
20449944,87,54
20450406,87,54
20450886,87,54
20451163,84,54
20452431,7760,1
20453226,11343,36
20458993,2902,70
20463114,4332,70
20467446,5481,70
20476504,7196,154
20476731,99,43
20477073,57,43
20477132,38,43
20477173,48,43
20477223,500,43
20477726,277,43
20478006,274,43
20478283,305,43
20479376,8724,9
20480746,4820,22
20481110,9942,5
20482576,2327,146
20483458,4610,146
20484488,2879,1
20485171,1609,32
20485297,6632,70
20486699,73,56
20487504,131,36
20487683,61,56
20487719,1295,1
20488060,21,112
20488502,6591,154
20488628,22,112
20488770,8115,22
20489026,63,56
20489629,73,1
20489688,23,112
20489693,61,56
20489877,7382,1
20490390,22,112
20490640,8758,9
20490643,79,112
20491016,21,112
20491777,20,112
20491931,6679,70
20492861,29,56
20493512,21,112
20494612,1528,32
20494692,13,112
20495224,31,112
20495407,33,56
20495809,3759,61
20497012,105,70
20497145,4235,61
20497249,805,13
20498037,672,1
20498155,83,56
20498478,11916,5
20498483,57,56
20498612,6935,70
20498668,98,70
20498687,32,56
20498726,35,56
20498852,189,13
20499145,66,56
20499960,2215,61
20501072,47,70
20501427,4117,61
20501573,35,112
20502195,91,61
20502587,152,13
20502746,1585,13
20502804,26,112
20503257,90,112
20503284,15205,154
20503488,5263,22
20503538,18,112
20503765,3518,61
20504105,26,54
20504242,1166,54
20504374,783,134
20505072,7148,146
20505156,9643,9
20505271,177,112
20505436,2220,134
20505530,83,43
20505549,483,70
20505599,6687,61
20508763,39,70
20508774,3826,22
20508890,83,43
20508975,38,43
20509017,54,43
20509073,344,43
20509420,368,43
20509467,1779,70
20509740,3794,61
20509790,331,43
20510124,249,43
20510940,14484,70
20511013,22618,5
20511066,15414,1
20512172,4376,146
20512332,10653,61
20513467,3740,61
20513536,60,61
20514160,2601,22
20516482,4200,146
20516760,2621,22
20517202,3771,61
20519317,4396,22
20520675,5318,146
20520912,3896,61
20522808,6301,9
20523653,3103,22
20524810,3487,61
20524883,60,61
20525424,11099,70
20525929,5565,146
20526629,6976,1
20528356,3530,61
20530435,12503,22
20530596,11372,61
20530731,59,61
20531139,6384,9
20531431,6617,146
20531828,4004,61
20533589,14665,38
20535834,4037,61
20536522,8130,70
20537984,4258,146
20539872,3882,61
20541968,11274,61
20542104,59,61
20542178,4394,146
20543755,3492,61
20543830,58,61
20543888,60,70
20546504,4291,146
20547248,3611,61
20547322,59,61
20550792,4300,146
20550863,3446,61
20553244,11291,61
20554307,3450,61
20555088,4263,146
20557694,3439,61
20559288,4338,146
20560170,59,56
20560297,36,56
20560578,30,56
20560619,31,56
20560758,35,56
20560876,40,56
20561071,3576,61
20561135,60,61
20561595,9616,110
20563131,151,43
20563356,63,43
20563423,49,43
20563475,56,43
20563535,420,43
20563620,4661,146
20563958,328,43
20564289,348,43
20564639,4167,61
20564644,407,43
20565597,108,15
20565688,10170,15
20565722,9212,15
20565735,73,56
20565858,114,56
20566229,2683,22
20566543,65,56
20567781,9,169
20568093,8,169
20568222,4602,146
20568283,11445,5
20568613,58,30
20568777,1646,158
20568799,3578,61
20568851,2886,22
20569285,4162,11
20569673,114,5
20570364,403,44
20570443,506,10
20570679,1031,158
20570704,15,169
20570840,169,44
20570857,9,169
20571018,63,40
20571114,8,169
20571157,320,10
20571252,9,169
20571329,118,5
20571738,4005,22
20572055,12,169
20572312,3889,61
20572380,58,61
20572649,7797,40
20572760,5633,146
20572926,15304,154
20573626,9,169
20573710,21595,38
20573731,6,169
20573928,753,30
20574203,1762,10
20574585,5702,26
20574944,1345,54
20575239,28,30
20575350,1235,26
20575366,1042,146
20575604,1394,11
20575733,4404,22
20575850,482,43
20576064,919,30
20576084,441,38
20576174,5782,61
20576414,600,10
20576694,15,146
20576732,146,54
20576747,84,146
20576834,25367,146
20576859,7878,26
20576972,365,169
20577417,34,30
20577439,15,169
20577760,10,169
20578104,288,10
20578123,141,134
20578157,2268,165
20578216,15,169
20578476,29,169
20578612,437,10
20578623,3881,134
20578747,55,165
20578763,899,30
20578844,549,38
20578890,44,169
20578932,513,165
20579255,10,169
20579384,669,10
20579482,403,13
20579488,132,5
20579718,15,169
20580102,261,10
20580139,9136,13
20580212,15,169
20580290,5041,22
20580403,10,169
20580587,10427,9
20580713,158,169
20580915,11880,5
20580930,1452,169
20581158,34,10
20581177,131,44
20581368,10,169
20581412,97,44
20581485,58,10
20581643,62,44
20581955,214,43
20581972,4997,61
20582146,119,44
20582429,13,169
20582439,83,44
20582564,6435,169
20582851,682,26
20583388,56,10
20583451,13,169
20583610,55,10
20583654,3381,26
20583772,258,10
20583824,613,169
20583923,145,38
20584185,47,38
20584450,9,169
20584481,1192,169
20584608,7788,95
20584635,60,10
20585172,534,10
20585271,243,22
20585453,26,44
20585551,14524,30
20585580,360,44
20585621,698,30
20586079,122,10
20586250,1686,26
20586580,4403,22
20586639,144,30
20586928,652,30
20586938,5094,61
20586990,427,15
20587182,54,10
20587375,52,10
20587414,181,44
20587902,240,44
20587944,9,10
20588103,888,10
20588738,1153,30
20588800,307,44
20589141,776,15
20590242,2641,15
20590376,48,50
20590376,79,50
20590450,25,26
20590575,11990,26
20590586,12,169
20590673,66,50
20590921,15,169
20590929,409,44
20590975,2417,40
20591029,1596,40
20591094,174,38
20591175,470,50
20591485,83,50
20591491,16,169
20591799,296,44
20591931,112,43
20592023,8244,61
20592045,21,61
20592049,106,43
20592147,11,169
20592150,86,50
20592164,69,43
20592238,274,43
20592296,4025,22
20592398,25,15
20592518,649,43
20592630,70,50
20592763,1692,30
20592853,4183,22
20592864,402,158
20593154,988,15
20593173,451,43
20593209,11327,9
20593215,46,146
20593229,22502,40
20593282,3070,146
20593382,1163,158
20593541,344,50
20593630,739,43
20593885,60,50
20594374,726,43
20594410,13,169
20594518,98,50
20594690,14,169
20594696,1605,158
20594798,432,119
20594799,71,50
20594799,71,50
20594993,392,119
20595060,13649,1
20595278,195,169
20595449,66,50
20595514,415,169
20595741,177,50
20595742,175,50
20595995,16,169
20596387,1364,30
20596400,289,44
20596574,873,169
20596668,81,50
20596899,409,44
20596906,3166,146
20596931,2766,11
20597096,4529,22
20597450,3981,44
20597460,118,44
20597563,387,158
20597747,3485,7
20597786,38,169
20597992,21,169
20598039,54,50
20598083,8591,13
20598128,62,50
20598222,20,50
20598241,42,169
20598276,545,44
20598345,48,50
20598346,1488,30
20598587,21,50
20598587,64,50
20598604,41,169
20598667,5180,169
20598668,172,50
20598680,143,50
20598778,878,158
20599002,166,66
20599013,257,50
20599013,317,50
20599196,177,66
20599435,223,50
20599454,170,50
20599748,40,50
20599748,148,50
20599894,177,50
20599949,63,50
20600069,132,50
20600070,131,50
20600202,4742,61
20600209,142,50
20600268,24,50
20600280,723,146
20600411,63,50
20600412,122,50
20600531,60,50
20600532,120,50
20600652,60,50
20600652,121,50
20600773,59,50
20600773,136,50
20600896,113,50
20601006,6384,146
20601023,154,50
20601082,35,50
20601177,123,50
20601177,123,50
20601356,68,50
20601434,264,50
20601441,186,50
20601563,6999,22
20601697,62,50
20601697,121,50
20601818,62,50
20601818,119,50
20601937,130,50
20602066,135,50
20602117,63,50
20602259,52,50
20602262,61,50
20602365,4168,7
20602368,71,50
20602368,158,50
20602526,88,50
20602614,56,50
20602614,167,50
20602780,22,50
20602781,140,50
20602921,60,50
20602921,111,50
20603032,58,50
20603032,119,50
20603150,62,50
20603150,183,50
20603332,58,50
20603332,120,50
20603451,60,50
20603452,89,50
20603541,181,50
20603721,23,50
20603721,127,50
20603773,557,146
20603844,67,50
20603847,126,50
20603971,59,50
20603973,117,50
20604089,61,50
20604089,121,50
20604210,106,50
20604210,139,50
20604336,15631,146
20604349,117,50
20604527,44,50
20604527,121,50
20604647,60,50
20604648,119,50
20604767,59,50
20604767,112,50
20604877,8089,61
20604886,240,50
20604945,62,50
20605125,55,50
20605126,166,50
20605291,64,50
20605292,239,50
20605530,55,50
20605531,138,50
20605668,123,50
20605669,182,50
20605851,240,50
20605910,63,50
20606090,60,50
20606090,182,50
20606272,62,50
20606272,164,50
20606435,92,50
20606436,193,50
20606629,79,50
20606629,200,50
20606671,15200,13
20606829,60,50
20606829,122,50
20606950,119,50
20606950,179,50
20607128,241,50
20607188,62,50
20607669,74,169
20607759,47,169
20607837,13911,15
20607943,1513,169
20608565,2526,22
20609611,302,169
20609811,1080,171
20609923,50,169
20610090,233,169
20610343,356,169
20611176,44,169
20611381,105,169
20611912,308,44
20612164,775,15
20612299,52,169
20612376,14659,169
20612552,3984,44
20612558,284,44
20612911,8353,61
20612968,666,15
20613761,12869,7
20614193,22696,7
20615037,213,50
20615083,89,50
20615249,119,50
20615249,180,50
20615429,226,50
20615487,105,50
20615655,176,50
20615655,176,50
20615893,118,50
20615893,178,50
20616071,122,50
20616071,215,50
20616286,118,50
20616286,178,50
20616463,136,50
20616463,195,50
20616657,120,50
20616658,179,50
20616837,197,50
20616899,75,50
20617034,183,50
20617034,184,50
20617274,121,50
20617274,182,50
20617455,120,50
20617455,163,50
20617616,10574,61
20617618,196,50
20617622,132,50
20617754,60,61
20617814,179,50
20617874,119,50
20618054,121,50
20618054,180,50
20618234,119,50
20618234,181,50
20618414,121,50
20618414,179,50
20618593,241,50
20618654,121,50
20618834,121,50
20618834,155,50
20618986,8993,9
20618989,154,50
20618989,201,50
20619189,179,50
20619189,241,50
20619429,118,50
20619429,179,50
20619608,180,50
20619608,239,50
20619847,122,50
20619847,183,50
20620029,182,50
20620029,183,50
20620211,237,50
20620268,120,50
20620448,120,50
20620448,182,50
20620629,119,50
20620629,151,50
20620841,61,50
20620841,122,50
20620963,108,50
20620963,168,50
20621131,132,50
20621131,132,50
20621298,8568,61
20621299,160,50
20621299,220,50
20621399,503,70
20621519,120,50
20621519,181,50
20621700,110,50
20621700,170,50
20621869,124,50
20621869,183,50
20622052,121,50
20622052,182,50
20622234,178,50
20622293,59,50
20622473,119,50
20622473,179,50
20622652,120,50
20622652,181,50
20622833,120,50
20622833,180,50
20623013,120,50
20623013,179,50
20623192,121,50
20623192,146,50
20623399,120,50
20623399,180,50
20623579,120,50
20623579,182,50
20623760,119,50
20623760,179,50
20623939,121,50
20623939,179,50
20624118,121,50
20624118,180,50
20624298,181,50
20624359,119,50
20624478,221,50
20624538,63,50
20624698,118,50
20624698,178,50
20624876,121,50
20624876,180,50
20625056,120,50
20625056,181,50
20625237,120,50
20625237,180,50
20625416,120,50
20625416,182,50
20625598,118,50
20625598,178,50
20625776,123,50
20625776,181,50
20625957,120,50
20625957,180,50
20626137,119,50
20626137,180,50
20626317,119,50
20626317,182,50
20626498,118,50
20626499,178,50
20626676,122,50
20626676,182,50
20626857,120,50
20626857,180,50
20627036,123,50
20627036,183,50
20627219,120,50
20627219,181,50
20627400,119,50
20627400,178,50
20627578,122,50
20627578,181,50
20627759,120,50
20627759,179,50
20627938,120,50
20627938,180,50
20628118,139,50
20628118,140,50
20628193,10804,61
20628268,180,50
20628330,59,61
20628330,59,50
20628448,182,50
20628509,60,50
20628630,118,50
20628630,178,50
20628808,144,50
20628808,204,50
20629011,119,50
20629011,180,50
20629190,135,50
20629190,195,50
20629385,119,50
20629385,181,50
20629565,119,50
20629565,120,50
20629744,60,50
20629744,148,50
20629827,8675,61
20629892,132,50
20629892,192,50
20630084,121,50
20630084,179,50
20630263,120,50
20630263,181,50
20630444,119,50
20630444,180,50
20630623,121,50
20630624,195,50
20630819,119,50
20630819,180,50
20630998,240,50
20631058,120,50
20631238,121,50
20631238,182,50
20631419,120,50
20631419,180,50
20631599,121,50
20631599,180,50
20631779,119,50
20631779,179,50
20631958,181,50
20632020,119,50
20632199,121,50
20632199,180,50
20632378,121,50
20632379,179,50
20632558,120,50
20632558,181,50
20632739,120,50
20632739,181,50
20632920,118,50
20632920,179,50
20633099,121,50
20633099,179,50
20633278,121,50
20633278,182,50
20633460,181,50
20633521,119,50
20633640,180,50
20633699,61,50
20633879,120,50
20633879,180,50
20634059,120,50
20634059,180,50
20634239,120,50
20634239,181,50
20634420,119,50
20634420,181,50
20634600,121,50
20634600,180,50
20634780,119,50
20634780,180,50
20634960,120,50
20634960,180,50
20635140,119,50
20635140,181,50
20635321,119,50
20635321,179,50
20635499,121,50
20635499,180,50
20635679,120,50
20635679,181,50
20635859,121,50
20635860,180,50
20636100,121,50
20636100,180,50
20636279,121,50
20636280,180,50
20636459,62,50
20636460,120,50
20636639,120,50
20636639,181,50
20636820,127,50
20636820,187,50
20637007,122,50
20637007,181,50
20637187,121,50
20637188,180,50
20637368,119,50
20637368,180,50
20637548,120,50
20637548,181,50
20637729,118,50
20637729,179,50
20637908,120,50
20637908,179,50
20638087,121,50
20638087,180,50
20638267,120,50
20638267,121,50
20638447,59,50
20638447,122,50
20638505,8837,61
20638568,132,50
20638568,192,50
20638760,120,50
20638760,121,50
20638942,61,50
20638942,121,50
20638999,16520,61
20639063,181,50
20639122,121,50
20639302,121,50
20639302,180,50
20639482,121,50
20639482,181,50
20639663,120,50
20639663,181,50
20639843,120,50
20639843,180,50
20640023,121,50
20640023,180,50
20640203,119,50
20640203,180,50
20640382,121,50
20640383,180,50
20640562,120,50
20640563,181,50
20640744,118,50
20640744,179,50
20640923,121,50
20640923,180,50
20641103,119,50
20641103,180,50
20641283,120,50
20641283,179,50
20641462,120,50
20641462,181,50
20641643,120,50
20641643,180,50
20641823,121,50
20641823,180,50
20642003,120,50
20642003,180,50
20642183,119,50
20642183,180,50
20642362,182,50
20642422,60,50
20642544,179,50
20642602,120,50
20642783,120,50
20642783,121,50
20642903,180,50
20643000,83,50
20643143,120,50
20643144,179,50
20643322,122,50
20643322,181,50
20643502,120,50
20643502,180,50
20643682,122,50
20643682,181,50
20643862,121,50
20643863,181,50
20644043,119,50
20644043,179,50
20644222,122,50
20644222,180,50
20644402,120,50
20644402,181,50
20644583,119,50
20644583,179,50
20644762,120,50
20644762,181,50
20644943,119,50
20644943,179,50
20645122,121,50
20645122,181,50
20645303,119,50
20645303,179,50
20645482,120,50
20645482,181,50
20645662,121,50
20645662,182,50
20645844,118,50
20645844,179,50
20646022,91,50
20646022,151,50
20646173,239,50
20646233,119,50
20646412,121,50
20646412,181,50
20646593,120,50
20646593,181,50
20646774,119,50
20646774,178,50
20646952,121,50
20646952,181,50
20647133,119,50
20647133,180,50
20647312,96,50
20647313,154,50
20647339,6173,61
20647467,120,50
20647467,180,50
20647647,121,50
20647647,180,50
20647827,120,50
20647827,204,50
20648030,89,50
20648030,150,50
20648047,899,32
20648179,182,50
20648179,241,50
20648419,120,50
20648419,241,50
20648660,119,50
20648660,258,50
20648918,91,50
20648918,150,50
20649067,181,50
20649127,121,50
20649248,179,50
20649309,118,50
20649488,105,50
20649488,133,50
20649532,120,43
20649620,120,50
20649620,197,50
20649745,71,43
20649816,133,50
20649816,206,50
20649818,69,43
20649890,58,43
20649950,1005,43
20650021,121,50
20650021,181,50
20650201,120,50
20650202,179,50
20650381,122,50
20650381,182,50
20650563,58,50
20650563,118,50
20650681,60,50
20650681,120,50
20650801,61,50
20650801,121,50
20650921,36,50
20650922,95,50
20651016,61,50
20651017,120,50
20651136,61,50
20651137,120,50
20651257,60,50
20651257,120,50
20651377,60,50
20651377,86,50
20651462,74,50
20651463,101,50
20651501,32,43
20651619,28,84
20652055,2174,22
20652433,16434,30
20652828,1646,158
20653283,3958,20
20653447,3721,61
20653892,472,30
20654165,200,22
20654857,21,169
20654868,934,158
20654982,351,169
20655139,79,44
20655273,888,44
20655355,592,169
20655366,2607,22
20655437,79,50
20655516,60,50
20655664,48,50
20655711,11428,1
20655807,11,15
20656269,412,15
20656337,8931,15
20656409,5591,11
20656504,121,50
20656732,3862,169
20656774,10708,7
20656873,153,50
20656874,96,50
20657081,3619,61
20657282,1173,158
20657949,4007,22
20658100,479,44
20658529,2139,158
20658684,154,44
20658766,4475,9
20658796,3189,146
20658884,4613,32
20659074,79,44
20659190,87,146
20659493,205,44
20660015,673,44
20660673,12,169
20660705,5810,61
20660794,9,169
20661042,57,44
20661804,5522,146
20661851,57,44
20661870,9,169
20661922,437,22
20662122,213,44
20662415,16,169
20662605,591,44
20663035,3295,22
20663305,67,44
20663500,172,50
20663500,226,50
20663584,86,44
20664009,74,44
20664080,114,50
20664082,112,50
20664227,140,44
20664234,117,50
20664237,113,50
20664378,136,50
20664406,105,44
20664408,105,50
20664512,6816,13
20664555,89,50
20664618,25,50
20664706,58,50
20664707,57,50
20664808,59,50
20664808,59,50
20665196,116,44
20665308,22492,5
20665940,17,169
20666408,29,169
20666436,710,22
20666462,4112,61
20666516,16239,154
20666889,34,169
20667322,7917,146
20667373,5358,22
20667688,1507,22
20668372,61,50
20668451,136,149
20668523,65,50
20668523,66,50
20668641,119,149
20668644,101,50
20668652,60,50
20668763,20,149
20668800,16,149
20668898,52,50
20668917,5464,149
20668926,844,149
20668927,22,149
20669010,82,50
20669092,162,50
20669371,7193,9
20669738,3388,7
20669945,102,50
20670519,4510,11
20670532,7870,61
20670878,118,50
20671056,61,50
20671117,35,50
20671152,117,50
20671269,36,50
20671305,53,50
20671324,3353,13
20671405,59,50
20671464,66,50
20671530,56,50
20671586,108,50
20671693,114,50
20671823,97,50
20671937,113,50
20672050,114,50
20672163,116,50
20672279,112,50
20672407,114,50
20672521,114,50
20672634,132,50
20672705,5294,22
20672766,95,50
20672877,114,50
20672991,136,50
20673003,76,44
20673019,64,56
20673127,91,50
20673137,330,10
20673217,114,50
20673272,34,56
20673279,1082,131
20673347,97,50
20673393,659,1
20673461,113,50
20673574,114,50
20673688,114,50
20673707,330,10
20673801,114,50
20673915,114,50
20674039,103,50
20674159,113,50
20674204,292,10
20674210,124,3
20674288,106,50
20674387,131,56
20674417,97,50
20674514,115,50
20674572,440,56
20674634,101,56
20674636,105,50
20674660,358,3
20674681,6155,13
20674757,114,50
20674861,22,169
20674881,103,50
20674995,102,50
20675113,98,50
20675205,7260,146
20675243,95,50
20675338,111,50
20675465,97,50
20675579,113,50
20675692,114,50
20675806,113,50
20675919,114,50
20676033,118,50
20676151,70,50
20676238,84,50
20676321,321,50
20676511,57,10
20676641,58,50
20676699,74,50
20676773,1632,50
20678116,1075,158
20678144,2109,22
20678315,7518,131
20678330,76,43
20678410,70,43
20678483,40,43
20678526,48,43
20678578,153,43
20678963,11499,7
20678988,225,56
20679036,33,110
20679554,662,22
20679727,2288,171
20680057,507,158
20680061,55,10
20680527,246,10
20680626,1538,158
20680832,1134,13
20680953,412,10
20681010,12,22
20681042,2412,22
20681046,5085,61
20681622,305,10
20681958,4521,13
20682009,49,10
20682226,576,158
20682421,725,10
20682956,276,158
20683629,87,50
20683646,2017,11
20683716,60,50
20683776,60,50
20683836,78,50
20683841,2814,22
20683913,60,50
20683973,31,50
20683991,561,24
20683992,71,50
20684062,60,50
20684122,61,50
20684183,74,50
20684184,120,30
20684256,110,50
20684366,59,50
20684425,60,50
20684485,60,50
20684545,84,50
20684625,173,66
20684629,73,50
20684702,100,50
20684818,122,50
20684940,59,50
20684999,59,50
20685058,60,50
20685164,89,50
20685252,55,50
20685307,61,50
20685368,109,50
20685404,73,66
20685477,82,50
20685558,59,50
20685617,107,50
20685724,61,50
20685785,60,50
20685812,91,66
20685906,59,50
20685965,59,50
20686024,35,50
20686052,79,66
20686079,4317,61
20686080,113,50
20686193,62,50
20686255,58,50
20686313,64,50
20686377,56,50
20686433,83,50
20686464,61,13
20686510,24,171
20686516,52,50
20686564,1459,171
20686567,88,50
20686591,3098,22
20686655,42,50
20686757,61,50
20686818,61,50
20686879,59,50
20686938,59,50
20686997,60,50
20687057,61,50
20687118,60,50
20687178,63,50
20687241,56,50
20687297,61,50
20687358,59,50
20687417,61,50
20687478,60,50
20687538,80,50
20687618,42,50
20687695,2471,7
20687697,57,50
20687754,85,50
20687761,76,66
20687839,62,50
20687901,60,50
20687961,59,50
20688020,111,50
20688131,59,50
20688190,61,50
20688251,59,50
20688310,61,50
20688370,39,50
20688409,62,50
20688471,100,50
20688571,59,50
20688630,50,50
20688680,61,50
20688801,60,50
20688861,63,50
20688924,56,50
20688980,60,50
20689101,60,50
20689161,31,50
20689199,153,171
20689200,140,50
20689340,37,50
20689376,95,171
20689386,82,50
20689468,109,50
20689484,148,171
20689577,77,50
20689652,81,171
20689653,139,50
20689674,2138,22
20689689,20558,38
20689791,58,50
20689849,60,50
20689909,50,50
20689930,405,171
20689959,120,50
20690079,121,50
20690200,136,50
20690335,52,50
20690386,8388,61
20690387,132,50
20690519,114,50
20690528,115,171
20690633,63,50
20690696,103,50
20690799,85,50
20690800,25,171
20690944,60,50
20691004,144,50
20691148,102,50
20691250,120,50
20691370,166,50
20691411,4850,171
20691536,120,50
20691715,157,50
20691746,2842,22
20691872,142,50
20692014,181,50
20692195,147,50
20692342,181,50
20692522,121,50
20692702,117,50
20692733,188,1
20692819,174,50
20692992,162,50
20693153,164,50
20693317,173,50
20693490,153,50
20693703,181,50
20693884,120,50
20694003,180,50
20694183,183,50
20694365,106,50
20694471,190,50
20694528,2300,22
20694660,175,50
20694835,120,50
20695014,153,50
20695167,182,50
20695349,121,50
20695470,165,50
20695659,134,50
20695793,197,50
20695990,119,50
20696109,120,50
20696229,138,50
20696367,121,50
20696488,66,50
20696554,56,50
20696610,58,50
20696667,60,50
20696727,61,50
20696788,62,50
20696850,118,50
20696967,121,50
20697088,112,50
20697200,120,50
20697320,119,50
20697439,121,50
20697560,119,50
20697679,121,50
20697800,60,50
20697923,57,50
20697980,59,50
20698039,60,50
20698099,62,50
20698220,60,50
20698279,62,50
20698341,59,50
20698399,62,50
20698461,58,50
20698519,60,50
20698639,60,50
20698699,63,50
20698762,74,50
20698764,5376,61
20698836,120,50
20698956,59,50
20699040,121,50
20699161,120,50
20699281,121,50
20699402,80,50
20699481,121,50
20699602,122,50
20699724,120,50
20699844,119,50
20699963,119,50
20700082,121,50
20700203,120,50
20700323,59,50
20700443,60,50
20700503,120,50
20700623,119,50
20700742,120,50
20700862,120,50
20700982,78,50
20701103,121,50
20701224,119,50
20701343,60,50
20701403,121,50
20701523,120,50
20701643,120,50
20701762,120,50
20701882,121,50
20702003,122,50
20702125,118,50
20702243,120,50
20702363,61,50
20702424,119,50
20702543,60,50
20702603,59,50
20702662,62,50
20702723,60,50
20702783,119,50
20702902,121,50
20704082,3539,61
20707557,3553,61
20711046,3439,61
20712209,22523,7
20712556,8018,7
20714422,3434,61
20714487,60,61
20717792,3452,61
20721182,3638,61
20724757,3445,61
20728138,3423,61
20731500,3359,61
20734857,3720,61
20735931,142,43
20736142,127,43
20736275,69,43
20736391,53,43
20736458,311,43
20736773,227,43
20737004,342,43
20737351,253,43
20738069,90,30
20738230,2183,22
20738292,410,30
20738513,3818,61
20738848,419,30
20739604,14692,5
20739646,16329,30
20739753,414,158
20739796,185,30
20740361,3287,22
20740414,2353,158
20740774,11323,1
20741226,8,169
20741437,19,169
20741685,665,169
20741896,4265,165
20741925,1168,22
20742104,50,11
20742266,5316,61
20742411,227,169
20743022,15087,154
20743073,29,148
20743137,2212,11
20743217,74,5
20743300,741,158
20743379,98,148
20743487,445,161
20743587,2200,22
20743966,686,169
20744107,198,156
20744142,164,148
20745161,214,156
20745264,1845,131
20745785,3182,22
20746445,15530,38
20746459,1736,11
20746987,206,156
20747106,839,8
20747516,6286,61
20747928,132,66
20747933,4101,80
20748128,453,94
20748580,228,8
20748896,226,158
20748903,2349,22
20749080,3648,5
20749152,502,158
20749251,200,8
20749314,5916,15
20749551,1332,95
20749788,11712,7
20750044,242,66
20750075,273,8
20751056,7865,51
20751294,3889,22
20752860,94,1
20752914,17,70
20753067,7543,70
20753103,11377,1
20753221,380,22
20753794,4095,61
20753938,1669,9
20754387,11484,5
20754718,63,119
20754767,620,56
20754907,3175,51
20755002,10,112
20755014,190,119
20755138,5469,22
20755538,28,112
20755590,262,112
20755675,51,119
20755987,49,119
20756521,3146,119
20756625,80,112
20757740,30,112
20757879,11155,61
20758630,1063,9
20759053,9315,51
20759677,2207,9
20759871,212,119
20760445,483,148
20760471,222,148
20760795,6117,22
20760948,7816,5
20761879,64,70
20762060,643,148
20762171,20,76
20762507,386,32
20762534,8018,9
20762572,1315,22
20762807,1931,11
20762884,18,169
20762969,29,30
20763047,1931,134
20763145,31,169
20763184,1234,30
20763260,31,169
20763362,156,76
20763497,19,169
20763579,1926,76
20764731,106,43
20764841,76,43
20764869,10113,148
20764925,78,43
20765006,106,43
20765116,414,43
20765532,262,43
20765799,429,43
20766232,524,43
20766394,11370,1
20768378,4486,51
20769021,13553,61
20770432,1753,10
20771134,14134,5
20771953,1963,141
20772881,3347,51
20773170,864,5
20773496,1638,32
20773940,10,169
20776242,3347,51
20779598,5598,51
20781960,957,32
20782566,11012,61
20782656,2125,80
20782919,852,141
20783251,4422,9
20783904,29,171
20783955,1586,70
20784248,28,171
20785154,3802,22
20785764,1232,1
20788419,30,22
20789023,30,22
20789241,21,22
20789489,21615,22
20789804,3906,22
20789904,2537,7
20790377,5857,9
20793510,6699,61
20797120,2433,70
20797380,6141,9
20799565,1333,70
20800221,3479,61
20803427,19,70
20803696,3468,61
20807160,3541,61
20810637,3446,61
20814019,3428,61
20817385,3670,61
20819041,163,84
20820991,3871,61
20822336,91,43
20822511,52,43
20822565,49,43
20822616,51,43
20822671,456,43
20823110,1607,26
20823129,245,43
20823376,358,43
20823737,321,43
20824478,8059,7
20824571,6042,22
20824818,4576,61
20824876,9571,26
20825578,919,30
20825619,8138,5
20825656,11283,1
20826527,903,32
20826903,3957,5
20827571,16600,30
20827999,9771,51
20828470,9298,9
20829368,7065,61
20830586,281,22
20830644,249,146
20830900,6896,146
20830952,2811,5
20831424,6401,22
20831467,3454,22
20831734,3296,80
20831745,188,172
20832275,3618,70
20832539,1312,141
20832626,8195,134
20833404,118,66
20833784,3989,5
20833851,580,10
20833874,135,66
20834256,36,172
20834393,82,44
20834651,314,172
20835078,72,44
20835086,86,172
20835363,128,44
20835549,429,44
20835567,127,66
20835838,1961,80
20835923,4903,146
20836393,55,172
20836400,1368,61
20836492,55,44
20836497,101,172
20836720,71,44
20837026,479,66
20837086,61,44
20837176,97,3
20837331,27,172
20837601,168,84
20838999,3555,80
20840477,3435,169
20840937,2096,32
20842286,18421,61
20842974,203,148
20842979,592,50
20842988,502,50
20843196,3415,51
20843276,242,44
20843656,940,44
20843907,7164,8
20843930,175,172
20844372,207,172
20844753,245,44
20844999,6824,80
20845053,9655,110
20845149,286,172
20845264,972,169
20845693,196,84
20846629,4662,51
20846704,1497,22
20847615,6526,169
20847710,7,173
20847890,325,169
20847916,12,173
20847989,844,22
20848003,12,173
20848177,216,66
20848213,10,173
20848455,8,173
20848545,8,173
20848568,558,32
20848797,26,173
20848857,207,66
20849135,28,66
20849168,42,150
20849233,536,66
20849246,305,172
20849298,19114,5
20849599,47,150
20849828,1887,26
20849850,26,150
20850019,197,66
20850277,25,150
20850485,30,150
20850540,264,172
20850550,224,169
20850726,1124,134
20850814,49,150
20850863,757,169
20851066,318,66
20851130,64,43
20851200,150,150
20851246,1171,44
20851434,118,43
20851560,125,43
20851690,631,56
20851723,170,43
20851818,815,56
20851884,898,134
20851915,407,43
20851922,111,150
20852028,2035,22
20852062,140,150
20852325,111,43
20852366,819,56
20852373,7939,80
20852447,663,169
20852946,383,56
20852974,19,150
20853138,55,150
20853203,191,169
20853213,69,61
20853249,140,56
20853419,271,56
20853487,932,43
20853622,193,56
20854225,3254,61
20854241,95,169
20854346,2302,56
20854428,3044,169
20854820,168,66
20855073,3386,56
20855307,246,56
20855361,20179,146
20855841,69,150
20856283,23,150
20856526,52,150
20856725,610,56
20856791,24,150
20856889,53,150
20857172,53,150
20857179,129,56
20857267,27,150
20857644,329,169
20857726,17,150
20857917,265,56
20857963,126,56
20858073,61,169
20858211,13,150
20858464,4051,169
20858691,15,150
20858752,460,146
20859028,14,150
20859519,18,150
20859619,3951,150
20859685,9,150
20859898,3501,1
20860109,19,150
20860156,878,173
20860406,15,150
20860693,3641,61
20860958,18,150
20861204,13,150
20861474,17,150
20861718,14,150
20861742,402,173
20861991,17,150
20862030,14,162
20862267,13,150
20862444,213,162
20863310,1177,162
20863355,1743,22
20863406,1119,162
20863630,19,150
20864106,14,150
20864336,5304,61
20864465,14,150
20864673,16,150
20864870,18,150
20865248,16,150
20865383,17248,26
20865406,18,150
20865603,23,150
20865616,19,150
20866279,78,150
20866384,31,150
20866606,34,150
20866680,94,150
20866909,35,150
20866969,31,150
20867146,33,150
20867620,264,150
20867745,44,150
20867825,95,150
20869027,76,150
20869358,43,150
20869480,38,150
20869544,73,150
20869634,11751,61
20869652,2878,1
20869718,109,150
20870129,80,150
20870153,7683,80
20870246,64,150
20870349,118,150
20870843,118,150
20871148,92,150
20871298,100,150
20871331,3399,51
20872510,3942,22
20875514,13244,146
20876452,4066,22
20880517,4090,22
20881365,9535,61
20882166,1351,30
20884600,4024,22
20888613,3987,22
20890905,9529,61
20892620,4054,22
20896661,4033,22
20900414,8815,61
20900707,3989,22
20904696,4028,22
20908732,95,43
20908743,4073,22
20908846,85,43
20908933,71,43
20909008,276,43
20909226,8784,61
20912151,3353,51
20912804,4083,22
20915511,3339,51
20916885,7865,22
20917576,11378,1
20917984,8927,61
20918862,3532,51
20919156,59706,154
20923954,94,40
20924322,13326,61
20924650,59653,40
20924738,8233,22
20926883,11767,61
20932982,9353,22
20937534,91,43
20937633,108,43
20937743,122,43
20938628,14939,61
20942336,8848,22
20951178,60436,22
20953486,23,22
20953540,58088,61
20953573,58131,22
20953576,21,61
21011811,3525,51
21011899,16902,61
21015398,694,100
21016986,26397,40
21017362,596,100
21017950,1229,40
21018806,15408,154
21018879,1437,40
21019264,898,100
21019379,66,40
21019727,63,40
21019888,21,40
21020233,1131,40
21020722,1951,100
21022107,3014,40
21022472,227,150
21022608,411,40
21022646,11387,1
21022677,27,40
21022721,1676,150
21022846,48,40
21023013,345,40
21023437,1708,100
21023931,81,43
21024037,169,43
21024213,181,43
21024896,64,150
21025159,113,40
21025287,93,40
21025402,66,40
21025482,49,40
21025569,50,40
21025618,89,40
21025707,56,40
21025762,87,40
21025867,66,40
21025951,115,40
21026094,63,40
21026323,686,40
21027206,24559,40
21028781,15508,61
21038803,2318,22
21044265,13449,61
21046534,472,22
21047025,6973,22
21048805,15278,1
21057696,13751,61
21071449,9910,61
21079937,9743,110
21081336,3404,61
21081532,72,43
21081829,86,84
21081936,151,84
21083028,3801,5
21083213,18046,30
21083454,6538,26
21083600,13,30
21083703,14411,30
21083817,124,84
21084705,8566,61
21085007,5223,22
21086369,4858,40
21086617,287,44
21086713,64,169
21086978,189,44
21087293,13934,5
21087462,443,44
21087635,238,169
21087779,11362,131
21088215,25,22
21088228,285,44
21088332,3966,22
21089683,126,169
21089692,1291,146
21090141,134,169
21090201,5149,22
21090497,1857,100
21090895,12939,146
21091145,4777,26
21091209,226,66
21091357,5167,51
21091718,423,169
21091737,538,40
21092097,1749,61
21092132,8734,38
21092602,44,170
21092846,160,66
21092883,3033,100
21092893,2530,22
21092991,1001,172
21093054,7036,70
21093276,43,169
21093564,45,169
21093768,1157,61
21093933,59,170
21094250,66,172
21094406,28,172
21094730,849,172
21095048,494,43
21095122,5812,32
21095313,5158,22
21095654,299,172
21096040,830,40
21096185,286,172
21096402,723,162
21096485,38,172
21096537,6304,51
21096739,492,100
21096906,6905,22
21097290,46,172
21097732,1648,26
21097750,27,172
21098199,219,17
21098481,3830,162
21098808,137,172
21099279,1281,61
21099367,16115,61
21099574,741,51
21100463,4959,22
21100601,437,84
21100793,2043,61
21101474,19526,5
21101944,50,172
21102306,3201,162
21102875,3428,51
21103031,57,169
21103417,698,30
21103984,201,1
21104700,234,169
21105196,137,84
21105423,4759,22
21105507,196,169
21105852,10370,1
21105908,214,169
21106314,3428,51
21106373,78,169
21106463,32,150
21106575,84,150
21106670,154,172
21106849,132,150
21106903,167,172
21106939,92,169
21107124,3458,26
21107220,84,150
21107338,80,150
21107700,947,100
21107718,135,150
21107962,186,150
21108048,127,172
21108232,2221,26
21108258,65,172
21108287,179,150
21108517,46,150
21108663,102,172
21109189,41,173
21109759,6486,51
21109789,613,40
21109799,68,169
21110017,27,169
21110064,925,100
21110192,4890,22
21110332,86,43
21110423,59,43
21110471,578,40
21110485,93,43
21110497,16,172
21110589,4705,26
21110596,139,43
21110739,441,43
21111040,24,172
21111185,407,43
21111211,360,146
21111311,4453,146
21111599,272,43
21111673,265,36
21111683,8070,141
21112038,15,172
21112116,17,172
21112239,10,172
21112266,7,172
21112332,97,172
21112808,143,172
21112959,307,95
21113299,856,162
21113322,1636,95
21113751,100,172
21113984,46,169
21114047,3947,66
21114063,185,66
21114093,180,169
21114209,289,146
21114331,141,169
21114544,3967,146
21114634,51,169
21114731,3854,95
21114741,117,172
21114895,139,172
21115063,629,162
21115428,39,169
21115456,14770,61
21115567,80,169
21115645,156,44
21115675,53,172
21115707,83,169
21115951,42495,5
21116199,8366,40
21116226,8344,40
21116255,6185,51
21116267,55,51
21116550,5445,22
21117341,6723,22
21119101,88,169
21119291,79,169
21119380,16164,1
21120419,8788,141
21122449,6742,51
21122467,80,51
21127491,5586,22
21130178,14354,61
21144527,24852,61
21150978,18357,30
21169939,3821,5
21170329,17253,30
21170338,2859,131
21170433,414,30
21171071,6951,30
21171378,5027,5
21171404,32,172
21171569,34,172
21171840,27,169
21171923,29,169
21172153,29,169
21172222,3936,146
21172477,34,169
21173195,7395,40
21173204,7469,40
21173230,29,169
21173761,17,169
21173814,16,169
21173842,15,169
21173872,25,169
21174441,16,169
21174535,17,169
21175130,538,32
21175722,18,169
21175758,16,169
21175801,16,169
21175849,16,169
21176102,81,66
21176127,142,5
21176154,3951,146
21176203,10688,146
21176227,21,169
21176264,17,169
21176320,18,169
21176352,73,66
21176362,40,169
21176440,17,169
21176484,399,162
21176518,146,5
21176764,3171,5
21176929,233,43
21177068,54,66
21177149,17,169
21177551,213,32
21178636,18,169
21178666,17,169
21178876,69,169
21178910,16,169
21178946,1565,26
21178984,79,169
21179071,9,98
21179519,83,169
21179556,212,169
21179711,22,171
21179805,77,169
21179956,79,169
21180162,38,171
21180202,946,158
21180362,4306,61
21180391,5141,61
21180429,21,171
21180552,3456,51
21181599,143,128
21181652,241,162
21181867,175,158
21182260,92,148
21182311,541,158
21182534,40,8
21182676,101,8
21182790,83,128
21182796,876,8
21182957,788,128
21183102,26,148
21183114,270,162
21183276,26,171
21183370,539,38
21183459,21,148
21183525,11,8
21183639,10,8
21183667,3055,40
21183710,267,158
21183731,20,8
21183772,13,8
21183807,11,8
21183830,19,148
21183835,7,8
21183919,17,148
21183926,7,8
21183956,6,8
21184012,11,8
21184018,3386,51
21184093,313,128
21184201,1224,38
21184228,231,162
21184301,26,8
21184337,15,8
21184343,29,171
21184368,9,8
21184386,23,8
21184687,31,171
21184733,3335,171
21184747,251,128
21185149,154,128
21185462,1020,162
21185620,12208,38
21187069,552,158
21187412,3782,51
21187879,2446,40
21187884,7279,22
21188561,37,148
21188871,21,148
21188968,30,148
21189185,18284,26
21190338,1737,40
21190394,122,36
21191201,4164,51
21191212,63,51
21191865,3536,5
21192556,18,40
21192653,7932,40
21193660,16,124
21193751,9,124
21194421,59,44
21194503,63,43
21194614,72,44
21194973,14,98
21195260,214,44
21195380,5305,51
21195600,311,158
21196204,604,158
21196551,1040,30
21196684,12,98
21196732,89,43
21196833,76,43
21196915,107,43
21196929,264,44
21197028,69,43
21197101,434,43
21197223,9630,110
21197542,250,43
21197797,611,43
21198411,257,43
21198564,8783,141
21199385,2283,5
21200698,7490,51
21200747,241,38
21200961,66,43
21201278,7,98
21202093,6,98
21202239,5,98
21202474,4,98
21202675,5,98
21202959,103,100
21202999,12,169
21203047,7770,5
21203086,5,98
21203204,107,100
21203222,6,169
21203345,45,153
21203358,133,100
21203490,4,98
21203613,120,169
21203621,3912,170
21203689,1744,61
21203773,130,169
21204103,14,169
21204162,500,158
21204238,4278,153
21204375,14,169
21204436,11107,40
21204640,12,98
21204929,8,98
21205191,8,98
21205319,14135,7
21205612,12,98
21205825,9,98
21206011,201,38
21206060,8,98
21208197,5798,51
21209176,109,170
21209347,4653,170
21212578,41,22
21213035,7228,22
21213931,739,9
21214006,3597,51
21214527,7066,40
21214900,10,9
21215072,1358,9
21216834,186,80
21216869,4262,9
21217435,984,80
21218590,1004,22
21219695,1601,80
21220978,860,22
21221341,3854,80
21221660,4948,9
21222027,483,22
21222278,6525,40
21224700,136,170
21225185,202,170
21225480,157,170
21225815,213,170
21227157,3012,9
21230266,2304,80
21236707,1530,30
21241570,246,9
21241838,256,9
21242577,3012,9
21254331,83,43
21254493,55,43
21254550,39,43
21254592,55,43
21254649,778,43
21255122,1750,7
21255430,593,43
21255650,9870,1
21255668,2782,5
21255857,906,5
21256021,6539,40
21256039,334,43
21256377,308,43
21256802,15,40
21257529,430,7
21257610,214,43
21257704,16547,30
21257797,18,40
21257995,3420,51
21258204,132,30
21258251,48,83
21258483,7195,5
21258486,422,30
21258661,239,83
21258863,8514,22
21258998,3498,30
21259554,617,83
21259654,649,83
21259731,12143,7
21261180,81,12
21261216,57,12
21261283,21,12
21261427,7853,51
21261723,439,5
21262045,534,83
21262118,14485,7
21262956,11,12
21262978,6,12
21263046,42,24
21263228,449,11
21263295,583,40
21263631,591,5
21263694,9422,9
21263785,27207,26
21263930,15,40
21264398,3731,61
21264470,105,61
21264630,154,169
21264813,6492,165
21265256,11,169
21265408,102,153
21265500,10614,38
21265948,1488,11
21266004,11036,5
21267525,12,40
21267538,28,40
21267997,323,22
21268065,14,98
21268113,3797,61
21268130,7721,22
21268294,12,98
21269078,179,153
21269301,8167,51
21270731,110,153
21271263,11,83
21271736,4077,83
21271791,12,8
21271903,5638,61
21272355,7,8
21272361,15,40
21272491,11,40
21272601,9,40
21272616,9,98
21272698,7807,40
21272775,7,98
21272785,7378,40
21272800,542,40
21272888,11329,1
21273302,6,98
21274130,4242,9
21274368,10,98
21274663,143,100
21274784,12,98
21275121,1508,162
21275476,768,11
21275933,338,100
21276342,76,80
21276994,141,100
21277030,20,171
21277129,11,98
21277287,9,98
21277378,4260,80
21277484,4853,61
21277768,1408,155
21277815,78,171
21278448,22,8
21278721,3011,5
21278758,8433,22
21278826,6,98
21278887,445,24
21278973,9010,141
21279010,5372,9
21279231,92,155
21279826,25,84
21279867,416,84
21280711,494,40
21281078,201,66
21281213,6,98
21281263,244,40
21281519,602,40
21281727,617,5
21281734,11,98
21281790,7305,40
21282006,14167,7
21282183,2063,22
21282204,14,98
21282324,4271,61
21282342,1255,76
21282521,11,98
21282723,133,98
21282763,636,5
21283045,14,98
21283133,105,43
21283193,75,98
21283243,95,43
21283345,55,43
21283404,61,43
21283432,1058,146
21283467,499,43
21283606,298,98
21283643,4666,128
21283676,694,83
21283969,308,43
21284245,23,40
21284281,414,43
21284306,2614,40
21284322,36,169
21284379,63,169
21284397,128,76
21284518,6708,146
21284700,277,43
21284704,41,169
21284755,37,169
21285029,50,155
21285109,5746,9
21285542,285,76
21286179,25,8
21286235,22,8
21286286,24,8
21286412,72,169
21286555,4505,61
21286597,27,169
21286824,9,169
21287003,543,10
21287131,2023,22
21287238,11,169
21287259,592,169
21287334,139,76
21287396,6269,40
21287531,1832,83
21288230,5760,146
21288387,44,153
21288500,23,169
21288579,23,169
21288799,45,169
21289130,84,10
21289224,1039,22
21289231,114,153
21289360,5050,83
21289723,392,10
21289901,1098,17
21290050,11511,1
21290149,127,76
21290697,362,10
21290993,5839,61
21291165,4906,80
21291219,845,162
21291227,1058,162
21291356,1025,146
21291750,481,17
21292296,1248,17
21292374,4994,162
21292381,4991,162
21292426,9371,146
21292526,5148,153
21293228,148,153
21294328,130,173
21294861,468,146
21295067,112,173
21296588,4935,83
21296770,3582,61
21296836,59,61
21300279,7760,61
21300537,6,7
21300942,474,40
21301456,145,22
21302002,6743,83
21302220,3007,9
21304287,2242,40
21304313,3425,40
21304764,699,22
21306706,8,40
21306860,1430,40
21307743,24093,40
21307976,6280,61
21308754,309,83
21309062,1791,83
21309077,577,17
21309641,1070,61
21309945,944,17
21310372,2470,7
21310482,22569,7
21310647,1037,61
21310850,1606,83
21310906,1452,9
21310931,291,17
21311282,599,17
21311378,6878,141
21311687,1057,61
21312214,4712,17
21312454,828,83
21312520,59,83
21312731,12,9
21312763,349,61
21312806,1134,9
21313194,425,61
21313275,249,83
21313526,1367,83
21313796,391,61
21314252,6192,61
21314325,1779,61
21314892,1248,83
21316135,786,83
21316561,35,96
21316921,3131,83
21316989,59,83
21320048,1281,83
21320378,3951,61
21324264,3543,61
21326467,7354,30
21327742,3445,61
21328792,2624,9
21331127,3464,61
21331201,61,61
21331937,602,9
21332886,548,9
21334102,551,9
21334634,3896,61
21335052,332,9
21340732,194,43
21343360,136,40
21346378,45414,110
21347779,65,98
21348621,236,153
21352094,61,1
21353359,5940,9
21353481,77,98
21355088,56,43
21355147,46,43
21355196,47,43
21355246,382,43
21355631,220,43
21355857,310,43
21356171,248,43
21356280,35,169
21356311,58,1
21356362,32,169
21356538,7742,1
21356713,30,169
21356762,27,169
21357167,522,80
21357293,46,169
21357365,44,169
21357426,45,169
21357493,44,169
21357569,41,169
21357622,43,169
21357630,2088,13
21357943,5826,7
21357994,25,169
21358030,22,169
21358293,6918,80
21358342,36,169
21358394,32,169
21358469,21,169
21358732,94,40
21358737,6506,61
21358847,198,40
21359069,4090,40
21359542,613,40
21360292,404,40
21360559,120,10
21360784,34,40
21360870,113,40
21361209,608,40
21361601,3541,9
21361681,149,10
21361910,455,40
21362145,159,171
21362445,1771,40
21362614,158,171
21362656,98,150
21362705,1538,10
21364121,269,7
21364166,150,150
21364293,12,40
21364327,169,40
21364580,35,150
21364768,5897,7
21365035,4284,10
21365206,44,150
21365240,3702,61
21366001,95,150
21366233,57,150
21366326,53,169
21366428,5983,26
21366478,113,171
21366813,2103,146
21366855,29,150
21367050,7090,9
21367291,11934,7
21367371,26,150
21367546,22,150
21367910,38,150
21367958,77,150
21368092,11189,17
21368166,501,146
21368199,72,150
21368236,13,54
21368270,11,54
21368448,41,150
21368487,23,54
21368642,19,54
21368886,55,150
21368919,4936,61
21369010,21,54
21369202,28,54
21369229,17,54
21369266,77,150
21369347,16,54
21369531,88,43
21369584,17,54
21369630,61,43
21369652,226,150
21369683,4218,80
21369695,55,43
21369754,88,43
21369777,887,1
21369846,402,43
21370069,197,150
21370254,262,43
21370478,56,150
21370520,838,43
21370654,3344,10
21370941,11297,1
21371071,3930,150
21371203,88,150
21371224,3847,40
21371235,223,7
21371362,345,43
21371449,2862,61
21371592,10719,7
21371664,125,150
21372266,77,150
21372714,2568,146
21372730,79,150
21373096,127,150
21373289,34,150
21373739,51,150
21373983,45,150
21374187,43,150
21374301,4531,10
21374323,1687,61
21374345,50,25
21374450,116,150
21374870,38,150
21374972,144,153
21375000,4329,24
21375151,69,150
21375478,52,150
21375641,55,150
21375711,63,150
21375760,776,95
21375882,74,150
21376106,31,150
21376368,3413,61
21376409,30,150
21376452,210,150
21376664,5236,61
21376939,74,150
21377097,11,146
21377588,149,146
21377669,96,150
21377706,5462,146
21378196,25,150
21378232,38,150
21378536,73,150
21378908,22,150
21378940,55,150
21379344,23,150
21379378,39,150
21379480,6725,17
21379577,60,150
21379831,17,150
21379835,7595,80
21379876,36,150
21380102,49,150
21380314,30,150
21380592,127,150
21381075,28,150
21381152,36,150
21381218,16,150
21381350,28,150
21381387,25,150
21381423,23,150
21381458,36,150
21381643,37,150
21381811,57,150
21381920,3389,61
21381988,3546,61
21382173,36,150
21382428,1518,47
21382599,3927,150
21382666,1358,7
21382857,10298,7
21384052,2946,47
21385929,3408,61
21389155,3910,80
21389318,3438,61
21391380,52,30
21391434,40,30
21391476,37,30
21391515,41,30
21392112,23156,7
21392751,3416,61
21392757,3800,141
21394230,607,9
21394328,7184,70
21396145,3457,61
21396424,5330,9
21397152,8427,80
21399073,7366,146
21399582,3351,61
21400479,94,61
21401515,7015,70
21407235,3149,9
21408532,7009,70
21415543,7092,70
21418244,11742,7
21418700,3742,7
21422637,7134,70
21423870,3746,7
21424741,151,84
21427131,112,43
21428495,3781,7
21428982,1050,40
21429773,7132,70
21430207,10772,7
21432157,1562,22
21432976,91,43
21433070,50,43
21433124,96,43
21433170,9616,110
21433734,284,44
21435990,6092,9
21436117,5206,162
21436144,32,162
21436221,6334,47
21436478,7468,40
21436907,7233,70
21438097,4802,10
21438285,4514,141
21438955,95,44
21439047,16,169
21439223,10,169
21440878,11,8
21441048,4281,61
21441254,3355,61
21441268,7202,162
21441533,171,8
21441590,26,148
21441617,23,8
21441688,20,8
21441726,24,148
21442007,111,171
21442051,684,8
21442073,22,148
21442122,5737,1
21442161,23,148
21442269,91,171
21442381,524,26
21442449,9046,7
21442526,17,148
21442603,6829,47
21442817,132,171
21442828,9090,80
21443296,94,171
21443513,514,7
21443917,1418,83
21443945,65,8
21444142,1239,70
21444336,73,8
21444413,103,8
21445300,4071,61
21445332,1260,83
21445588,30,8
21445620,1609,31
21447001,11376,10
21447049,86,8
21447175,269,83
21447255,6027,61
21447316,6,172
21447338,24,172
21447502,61,172
21447516,13,171
21447611,2725,169
21447660,219,44
21447770,2475,169
21447775,30,150
21448028,2600,7
21448084,31,150
21448122,445,44
21448367,87,150
21448572,5222,41
21448594,58,150
21449048,100,150
21449149,106,171
21449284,87,150
21449471,3952,44
21449483,166,44
21449503,83,1
21449627,2468,47
21449738,1216,1
21449871,14734,70
21449897,22,150
21449938,288,44
21449956,91,150
21450089,3642,150
21450102,26,150
21450355,25,150
21450552,55,8
21450592,28,150
21450843,1296,8
21451489,32,150
21452470,1053,169
21453292,3087,7
21453373,949,173
21453526,5262,7
21453812,5982,41
21454167,8417,47
21454372,2733,95
21454434,5413,3
21454464,24,22
21454526,177,1
21454677,1092,47
21454790,72,22
21454800,169,1
21454872,522,156
21454912,5494,169
21455068,203,13
21455164,182,1
21455329,919,156
21455495,103,171
21455607,45,22
21455719,834,13
21455830,304,47
21455854,220,156
21455934,66,43
21456004,136,43
21456025,61,22
21456081,4964,61
21456145,73,43
21456205,237,40
21456222,191,43
21456296,1040,8
21456415,217,22
21456423,857,43
21456518,690,171
21456929,346,1
21456944,219,22
21457256,20,22
21457287,434,43
21457335,684,22
21457440,34,8
21457725,296,43
21457729,7226,8
21457969,337,1
21458024,446,43
21458201,698,22
21458453,95,10
21458479,3074,13
21458492,1395,171
21458587,335,1
21458637,64,43
21458728,109,10
21459407,402,10
21459603,29,150
21459626,1557,22
21460018,727,173
21460468,58872,30
21460514,267,171
21460725,48,150
21460885,43,150
21461018,37,150
21461304,4152,61
21461326,118,61
21461409,32,150
21461472,30,150
21461477,4117,61
21461541,27,150
21461719,992,171
21461832,2328,22
21462139,32,150
21462204,27,150
21462393,36,150
21462701,3188,47
21462715,20,150
21462790,24,150
21463332,83,150
21463519,5456,141
21463529,18,150
21463758,59,150
21463847,53,150
21463926,591,150
21464272,40,150
21464621,11497,70
21464794,2589,1
21465493,3712,61
21465567,61,61
21465568,24,150
21465593,187,171
21465610,22,150
21465816,1142,61
21465917,83,150
21466037,17,150
21466076,20,150
21466244,858,61
21466589,27,150
21466655,24,150
21466703,99,150
21467106,27,150
21467300,34,150
21467527,24,150
21467782,25,150
21468088,19,150
21468238,80,150
21468325,19,150
21468647,27,150
21469185,3735,61
21469207,43,150
21469734,51,150
21470478,194,150
21470675,84,30
21471192,210,150
21471264,21,150
21471339,20,150
21471425,19,150
21471536,19,150
21471732,81,150
21471976,31,150
21472096,20,150
21472323,23,150
21472362,13,150
21472471,19,150
21472515,31,150
21472588,29,150
21472641,21,150
21472831,19,150
21472872,27,150
21472901,3732,61
21472994,30,150
21473176,21,150
21473239,20,150
21473335,24,150
21473391,96,150
21473629,81,150
21473640,15916,154
21473795,30,150
21473928,25,150
21474097,32,150
21474149,32,150
21474272,26,150
21476124,7954,70
21476571,3538,61
21479249,493,80
21480087,3531,61
21480285,728,80
21481149,711,80
21482024,3927,80
21482814,59,70
21483617,3410,61
21486659,8901,70
21486988,6388,61
21487028,7127,80
21493311,3955,61
21495573,6684,70
21497202,3550,61
21500688,3452,61
21502259,6695,70
21504078,3418,61
21507434,3405,61
21508956,6783,70
21510778,3453,61
21511798,3832,7
21513531,85,43
21513678,47,43
21513730,50,43
21513782,114,43
21514168,3445,61
21515741,6798,70
21517548,3455,61
21520940,3599,61
21522541,6822,70
21522932,9,173
21523020,4147,7
21523251,698,173
21524491,3448,61
21527877,3447,61
21528249,610,9
21528254,8843,47
21528837,108,7
21529023,1077,7
21529366,6769,70
21529377,63,31
21529440,67,31
21529506,111,31
21529901,2667,9
21530087,8344,7
21530195,8488,80
21531286,3463,61
21531324,490,173
21531430,246,47
21531749,783,47
21531876,550,173
21531888,59,173
21532662,389,173
21533704,2350,9
21534532,817,47
21534686,3563,61
21535385,14366,154
21535726,1249,47
21536137,528,70
21538188,5910,61
21538498,2094,80
21539164,4385,9
21540702,2453,80
21540981,5187,80
21542331,68,43
21542401,81,43
21542485,63,43
21543239,2239,80
21544034,6320,61
21545498,2433,80
21547826,3946,80
21547955,3336,80
21550291,4032,61
21553816,3172,80
21553865,4699,80
21554259,6378,61
21556926,47,30
21556975,58,30
21557033,43,30
21557064,3458,80
21557066,74,30
21557079,42,30
21560582,5369,61
21560637,3665,80
21560766,3496,80
21561259,3042,9
21565715,599,80
21565912,5261,61
21566391,3544,80
21566431,1713,80
21567677,22760,1
21568641,3948,80
21571108,3421,61
21571341,49,9
21571390,3473,9
21572073,67,47
21572175,359,47
21572187,59,47
21572315,8704,47
21572895,404,47
21572953,14991,70
21573485,465,47
21574022,137,47
21574167,362,47
21574179,59,47
21574513,3440,61
21574721,382,47
21575119,6035,9
21575399,490,47
21576710,554,47
21577890,3480,61
21581306,3430,61
21584672,3425,61
21587944,11736,70
21588035,3393,61
21591365,3438,61
21594738,3759,61
21598433,3466,61
21599683,390,70
21599933,73,43
21600079,50,43
21600131,50,43
21601837,3540,61
21604237,14669,154
21604385,158,154
21605315,3487,61
21607766,9594,1
21608765,3570,61
21608865,11697,7
21611044,6293,70
21611903,5695,80
21612272,3478,61
21613927,2499,61
21614420,3475,13
21615359,1920,80
21616564,1913,61
21617336,406,70
21617624,897,80
21617886,6127,13
21618190,6850,80
21618518,2690,61
21618553,531,80
21619033,8646,1
21619087,1831,80
21620284,29,150
21621144,2009,61
21622242,24,150
21622313,18,150
21622707,85,150
21624001,1961,13
21624256,23,150
21625376,24,150
21625519,25,150
21625954,3586,13
21626340,22,150
21626629,7,171
21626698,6,171
21626987,18,171
21627079,15,171
21627137,91,171
21627455,95,171
21627664,4536,70
21627781,94,171
21627975,32,171
21628110,45,171
21628266,98,171
21628364,11456,1
21628385,1430,171
21628731,62,43
21628795,68,43
21628866,49,43
21629530,3467,13
21632217,4536,70
21632985,5409,13
21633536,16,171
21634272,16,171
21634687,15,171
21635105,1069,171
21636406,21423,41
21636755,4577,70
21637031,728,171
21637708,3032,80
21637844,1483,80
21638531,36,47
21638637,61,47
21638649,22,47
21638738,3801,47
21639371,1011,80
21639469,714,47
21639537,1653,146
21640440,1305,80
21640815,1231,80
21640934,451,171
21641127,1518,146
21641334,4547,70
21641774,929,80
21642098,302,80
21642534,3961,80
21642641,1661,146
21642770,2161,80
21644239,1626,146
21644511,16291,1
21645071,4509,80
21645838,1855,146
21645883,4532,70
21647304,3881,80
21647637,1789,146
21648676,678,47
21649373,1599,146
21649782,2943,80
21649809,45,47
21649987,85,47
21650072,74,47
21650084,59,47
21650184,104,47
21650198,32,47
21650417,4560,70
21650920,2718,146
21651005,2860,61
21651317,11932,13
21651951,5895,47
21653079,6087,80
21653574,2659,146
21654205,6175,61
21654583,689,47
21654979,4574,70
21655330,686,47
21656168,2458,146
21656315,367,47
21656679,753,47
21657820,3153,47
21658563,1882,146
21659554,4559,70
21660337,3731,61
21660380,2326,146
21660784,23204,7
21662643,1372,146
21663952,992,146
21664061,3699,61
21664116,4562,70
21664881,1232,146
21666049,1011,146
21666997,1003,146
21667700,4012,61
21667938,1023,146
21668680,4640,70
21668897,1014,146
21669848,1008,146
21670793,981,146
21671706,3757,61
21671710,1091,146
21672737,1027,146
21673322,4611,70
21673701,1010,146
21674648,1018,146
21675401,3858,61
21675600,1049,146
21676587,1009,146
21677532,1017,146
21677936,4695,70
21678476,1003,146
21679193,3855,61
21679259,36,61
21679416,1230,146
21680582,1011,146
21681529,1024,146
21682464,1004,146
21682633,4579,70
21682984,3650,61
21683404,1027,146
21684240,55,41
21684369,1010,146
21685128,9730,110
21685317,1011,146
21686265,1019,146
21686338,179,43
21686623,3962,61
21687214,4546,70
21687221,998,146
21687285,59,31
21687954,2264,30
21687989,24,76
21688041,1620,76
21688154,999,146
21688621,3171,47
21689073,199,22
21689088,1038,146
21689780,1777,76
21689933,7098,41
21690061,1187,146
21690219,16662,30
21690554,7838,1
21690589,3507,61
21691246,1155,146
21691762,4539,70
21691940,3948,127
21692339,1004,146
21693280,973,146
21694032,3887,61
21694219,1270,146
21694253,719,10
21694371,411,44
21694819,37,169
21695364,2840,7
21695423,1009,146
21695683,16307,154
21695698,198,44
21696300,4529,70
21696315,17112,80
21696370,2386,146
21696536,235,83
21696789,10,169
21697045,116,83
21697512,13825,13
21697905,15,169
21697909,15701,95
21697914,4803,61
21698098,3221,47
21698219,473,171
21698373,4670,13
21698400,15485,169
21698751,7243,146
21698947,1341,171
21699882,12301,80
21700084,80,83
21700562,146,169
21700665,23,171
21700713,3571,51
21700833,2352,70
21700862,431,171
21701530,135,169
21701677,926,47
21701703,256,83
21702102,146,43
21702251,48,43
21702303,78,43
21702560,9,169
21702589,14,169
21702614,5359,47
21702696,4052,61
21703203,14298,26
21703548,12,169
21703569,192,83
21703840,146,83
21704307,63,83
21704329,439,171
21704718,208,44
21704795,367,43
21705131,117,83
21705528,5650,51
21705544,51,51
21705720,21405,41
21705724,852,83
21705816,6922,70
21705994,1737,146
21706254,115,44
21706436,311,44
21706738,3557,61
21706788,16,25
21706907,12,25
21706942,3799,47
21706954,253,83
21707481,547,127
21707490,505,44
21707632,362,83
21707664,139,169
21707687,6293,146
21708032,308,83
21708379,12,171
21708996,558,83
21709643,998,44
21709960,1174,11
21709961,25,83
21710021,3916,43
21710275,7361,61
21710296,144,127
21710426,85,127
21710492,4388,83
21710592,956,127
21710824,148,44
21710997,787,10
21711187,6313,51
21711197,22,51
21711235,432,169
21711306,73,127
21711404,32,70
21711594,11,8
21711661,32,70
21711943,1316,3
21711994,22,70
21712214,3402,1
21712266,5310,80
21712913,491,127
21713035,705,169
21713177,737,7
21713207,4289,13
21713486,172,127
21713632,722,7
21713811,102,8
21713975,3604,146
21713979,3717,3
21714421,696,36
21714529,10,9
21714647,59,1
21714937,693,9
21715085,573,127
21715131,137,43
21715136,770,36
21715185,14068,7
21715270,75,43
21715349,52,43
21715405,53,43
21715462,147,43
21715602,1837,70
21715720,1980,127
21715839,54,1
21715882,25,127
21716110,92,8
21716510,2339,9
21717833,4988,51
21717896,1334,169
21718190,598,44
21718387,8682,7
21718403,3388,3
21718828,61,1
21719066,47,1
21719234,6189,70
21719435,53,1
21719576,2174,26
21719648,92,100
21720001,172,1
21720012,183,100
21720065,247,169
21720317,188,100
21720699,248,31
21720749,1320,76
21720754,1503,47
21721413,117,1
21721671,21,43
21721965,887,3
21722190,980,95
21722198,3907,47
21722255,115,1
21722616,65,146
21722702,152,80
21722923,253,3
21722927,1667,15
21722988,6305,51
21723000,1545,76
21723042,146,1
21723233,3342,61
21723270,355,100
21723381,1597,80
21723616,192,1
21723749,211,61
21723861,3097,146
21723919,104,31
21724022,4562,13
21724118,1121,31
21724517,546,100
21724537,8667,75
21724982,2096,80
21725284,7079,61
21725584,4545,70
21726218,712,36
21726894,1765,146
21727065,1672,80
21728572,8453,13
21728599,5254,146
21728788,2537,80
21729304,3420,51
21729832,583,83
21730163,4589,70
21730411,701,83
21730590,8705,47
21731110,2218,83
21732300,6423,61
21732737,4245,51
21733327,544,83
21733873,594,83
21733885,5730,146
21733889,9722,9
21734464,1910,83
21734753,4531,70
21736369,593,83
21736436,59,83
21736960,652,83
21737022,28,150
21737024,28,83
21737073,29,150
21737606,2633,83
21738659,4763,61
21739286,4504,70
21739392,59,54
21739551,3987,146
21739888,2885,54
21740240,526,83
21740559,375,80
21740612,5855,7
21740765,797,83
21740975,5032,94
21741045,5431,80
21741560,4457,83
21742431,1940,100
21742822,249,54
21743319,508,54
21743500,257,61
21743538,1738,146
21743792,4554,70
21743802,7174,61
21743841,33,150
21744471,8378,47
21745214,2463,146
21745868,1602,9
21746013,712,83
21746021,50,80
21746402,698,9
21746662,28,80
21746721,622,83
21747024,1956,80
21747342,3186,83
21747558,3674,9
21747615,3752,146
21748348,4590,70
21748981,94,80
21750523,16017,30
21750913,3373,61
21751367,1552,146
21752896,1563,146
21752940,4588,70
21754224,3424,61
21754403,1564,146
21755903,1574,146
21757407,1832,146
21757530,4588,70
21757586,3378,61
21759176,1604,146
21760716,1540,146
21760901,3374,61
21762119,4511,70
21762254,1587,146
21763777,1596,146
21764213,3401,61
21765311,1837,146
21766633,4550,70
21767085,1612,146
21767544,3425,61
21768634,1548,146
21770179,1612,146
21770915,3736,61
21771185,4548,70
21771331,9628,110
21771728,1597,146
21772731,88,43
21772770,61,51
21772850,67,43
21772920,51,43
21772974,53,43
21773004,713,36
21773030,368,43
21773322,2327,146
21773403,330,43
21773619,1070,76
21773722,7786,7
21773736,344,43
21774083,313,43
21774587,3581,61
21774666,511,30
21774819,912,47
21775291,13187,30
21775352,16021,30
21775585,2481,146
21775736,4539,70
21775770,21422,41
21776350,1435,47
21777251,274,44
21778002,2746,146
21778105,3612,61
21778550,113,1
21779008,286,1
21779373,718,1
21779640,418,15
21780248,1065,1
21780278,4527,70
21780685,5088,146
21780802,4670,71
21780946,3928,11
21781195,182,44
21781354,32,1
21781426,115,1
21781438,43,1
21781441,359,8
21781654,3601,61
21782104,296,44
21782207,97,1
21782311,1267,7
21782733,8,15
21782849,7298,7
21782969,54,1
21782979,1582,15
21782991,111,76
21783067,458,76
21783104,7130,9
21783136,966,146
21783169,253,169
21783292,155,1
21783478,197,8
21783849,55,95
21783918,829,95
21784112,721,8
21784225,214,1
21784342,428,44
21784356,4870,15
21784807,4569,70
21784850,9794,15
21784873,8033,51
21785130,1989,146
21785250,3567,61
21785365,14597,8
21785508,9,171
21785693,11,171
21786094,439,44
21787114,5039,80
21787281,192,44
21787334,157,1
21787351,6733,40
21787682,211,44
21787828,64,8
21788474,25,171
21788497,19337,15
21788561,20,171
21788615,28,171
21788627,319,44
21788636,859,169
21788643,16,40
21788733,3023,95
21788804,2150,61
21789248,247,31
21789259,108,1
21789380,4525,70
21789555,255,31
21789583,43,148
21790091,2416,5
21790187,96,1
21790202,25,148
21790320,26,148
21790321,273,31
21790353,68,1
21790418,9040,7
21790635,89,1
21790736,1085,44
21790810,35,148
21790968,10138,61
21791093,96,1
21791425,94,1
21791524,125,100
21791620,122,146
21791723,4549,146
21791745,94,1
21791813,6638,80
21791883,399,95
21791927,136,1
21792131,96,1
21792215,434,31
21792271,30,148
21792518,701,13
21792648,34,148
21792664,6752,5
21792698,387,44
21792830,70,31
21792867,10853,80
21792918,6782,51
21793049,251,31
21793209,7442,13
21793532,31,148
21793533,225,31
21793746,891,100
21793852,26,148
21793854,181,31
21793908,4513,70
21793932,19,148
21793986,18,148
21794038,177,1
21794090,59,31
21794209,200,31
21794288,30,148
21794342,171,1
21794408,17,148
21794450,196,31
21794804,23,148
21794826,645,8
21794894,226,31
21794936,23,148
21794949,169,1
21795344,60,31
21795464,242,31
21795541,358,8
21795736,101,31
21795881,28,148
21795903,249,31
21796152,117,31
21796267,4648,146
21796275,531,8
21796347,139,31
21796521,229,1
21796615,9831,15
21796862,520,47
21796866,1906,3
21796937,27,148
21797634,2327,9
21797813,672,11
21798076,692,100
21798308,40,148
21798423,4566,70
21798771,106,1
21799378,99,3
21799456,7249,5
21799544,140,8
21799637,5418,7
21799708,12004,51
21799801,102,169
21800198,281,8
21800249,8871,3
21800386,22,8
21800408,20,8
21800453,102,169
21800538,265,8
21800562,79,44
21800579,9,169
21800641,5846,13
21800744,22,8
21800906,1552,146
21800924,169,8
21800949,19,8
21801008,21,8
21801029,37,8
21801098,6872,61
21801107,100,8
21801230,203,8
21801322,184,40
21801464,39,10
21801533,100,43
21801622,283,10
21801639,69,43
21801713,53,43
21801772,75,43
21801834,151,31
21801852,460,43
21801973,83,172
21802081,490,10
21802097,53,31
21802148,26,172
21802149,20,31
21802157,358,169
21802169,24,31
21802192,73,31
21802192,3686,172
21802238,124,172
21802265,47,31
21802316,254,43
21802374,81,172
21802382,93,1
21802474,94,172
21802575,326,43
21802635,13,10
21802696,715,36
21802702,620,10
21802907,405,43
21802979,90,1
21803269,30,150
21803345,72,172
21803413,84,1
21803654,28,1
21803911,73,172
21803941,74,169
21804027,60,172
21804180,63,172
21804209,32,1
21804360,198,44
21804379,25,8
21804425,26,1
21804547,31,1
21804553,20,8
21804615,26,1
21804638,7706,9
21804727,186,1
21805026,14,8
21805196,10,8
21805262,11,8
21805434,252,8
21805471,3009,7
21805560,52,1
21805618,50,40
21805843,452,95
21806061,31,150
21806087,671,1
21806302,1722,11
21806433,467,8
21806474,5796,13
21806800,90,150
21807117,86,44
21807187,50,83
21807263,70,83
21807430,9763,15
21807581,789,8
21807904,3980,61
21807972,53,61
21808283,1140,5
21808464,71,80
21808472,371,38
21808476,23,169
21808671,744,169
21808683,906,95
21809156,644,38
21809205,865,7
21809530,1207,83
21809541,170,83
21809736,1092,169
21809758,749,95
21810091,20254,7
21810556,602,1
21810734,1734,83
21811360,50,1
21811380,886,95
21811386,11946,7
21811703,235,1
21811862,8836,61
21812262,5495,13
21812466,11622,83
21813261,118,169
21813363,7000,146
21813455,59,80
21813539,136,80
21815270,3104,47
21816948,527,36
21817752,6372,13
21820298,8396,146
21820488,227,100
21820681,7507,61
21822249,89,80
21823327,4907,9
21824120,8539,13
21824377,64,80
21825346,1158,80
21825743,3697,47
21827094,1240,100
21828124,6787,61
21828690,8266,146
21829417,133,80
21829877,1337,100
21830128,1556,9
21830333,13543,1
21831675,38,100
21832313,3123,9
21832647,8297,13
21833234,19325,15
21834848,6173,61
21836626,3128,9
21836893,8591,146
21837539,14955,7
21840938,7246,13
21840959,6384,61
21842267,3083,9
21845421,7135,146
21847279,6182,61
21848186,6274,13
21852494,7108,146
21853397,6140,61
21854463,6330,13
21858763,23,148
21858830,17,148
21858887,48,148
21859070,839,9
21859109,19,148
21859150,97,43
21859396,944,84
21859492,3572,61
21859538,5405,146
21860241,1134,9
21860354,358,84
21860790,4035,13
21861147,543,30
21861417,391,76
21861447,770,76
21861619,2356,9
21861774,6992,7
21862062,4330,30
21863000,6199,61
21863518,2326,169
21864132,386,76
21864816,6136,13
21864892,6866,146
21864944,11578,1
21865049,1630,11
21865880,26,169
21865931,480,169
21866261,789,40
21866424,153,169
21866604,4435,169
21866702,1748,9
21866751,3947,165
21867401,312,169
21867727,12,40
21868004,496,1
21868766,180,1
21869097,9358,7
21869127,2103,9
21869133,4345,61
21869215,500,1
21869614,96,80
21869926,509,1
21870458,86,80
21870733,10156,15
21870853,74,80
21870943,4999,13
21871039,636,1
21871160,70,80
21871436,375,40
21871475,5050,47
21871564,693,80
21871611,44,169
21871733,5533,146
21871773,41,169
21871790,27,99
21871838,27,169
21871842,387,99
21872135,95,84
21872257,146,148
21872267,613,1
21872402,2176,80
21872736,345,40
21872755,106,148
21872974,6,169
21873031,8351,169
21873417,7025,61
21873583,14,40
21873623,11,40
21873964,1352,9
21874275,1025,1
21874467,443,47
21875112,5670,47
21875141,6241,40
21875190,158,80
21875361,4242,80
21875479,163,44
21875721,801,44
21875835,429,1
21875932,6247,13
21875953,1241,8
21876083,3435,9
21876632,443,1
21877056,39,1
21877117,507,1
21877189,9250,1
21877770,152,44
21877774,34,169
21878084,1454,76
21878141,160,44
21878226,117,169
21878293,380,1
21878966,143,44
21879085,412,8
21879362,438,8
21879462,139,44
21879650,588,76
21880230,5000,7
21880257,3923,44
21880269,66,44
21880431,7261,61
21880443,83,44
21880444,71,61
21880605,671,9
21880670,59,44
21880818,72,44
21880974,28,148
21881005,17269,30
21881229,20,148
21881269,3765,146
21881279,20,148
21881396,61,8
21881777,837,9
21881804,64,169
21882373,1154,76
21882515,488,7
21883157,811,9
21883161,4950,8
21883334,9928,15
21883467,291,30
21883479,19,169
21884290,69,169
21884480,161,169
21884647,2257,100
21884661,79,169
21884849,73,169
21884914,21391,41
21884998,78,169
21885023,3717,146
21885116,4283,9
21885138,113,44
21885301,882,99
21885347,437,44
21885486,71,169
21885983,359,44
21886090,194,169
21886403,613,38
21886451,153,44
21886548,1032,99
21886907,269,44
21887147,32,169
21887193,21,169
21887223,20,169
21887260,17,169
21887310,16,169
21887319,47,100
21887429,16,169
21887454,512,44
21887664,28,169
21887673,7526,61
21887706,27,169
21887756,103,10
21887933,94,43
21887971,107,10
21887995,187,169
21888031,80,43
21888060,2791,76
21888115,58,43
21888178,56,43
21888204,150,169
21888238,461,43
21888264,9761,110
21888280,180,95
21888336,3088,8
21888397,134,1
21888642,5878,7
21888650,133,1
21888704,276,43
21888716,162,44
21888945,3002,1
21888983,366,43
21889032,469,1
21889043,416,44
21889178,9312,7
21889314,460,95
21889355,2398,95
21889402,274,43
21889700,195,44
21889761,275,169
21889784,17,169
21889863,155,169
21889901,1839,100
21890084,360,44
21890149,396,169
21890254,300,99
21890353,263,169
21890748,7,40
21890944,159,44
21891372,4031,9
21891762,3761,95
21891780,23,95
21891881,73,169
21891923,40,100
21891929,9,40
21891939,10,40
21891950,13,40
21891968,11,40
21892010,10,40
21892016,10,40
21892019,12,40
21892268,710,99
21892367,57,169
21892457,53,169
21892592,334,11
21892635,637,38
21892701,156,10
21893766,436,10
21893967,5756,51
21894119,402,99
21895193,3777,61
21895201,1452,169
21895235,25,10
21895372,47,44
21895521,1378,38
21895560,51,44
21895590,178,99
21895791,42,99
21896312,3530,95
21896580,6698,9
21898906,6190,61
21899127,17223,80
21899699,509,1
21899738,7557,51
21900535,1908,1
21900714,6385,7
21902614,19390,15
21905034,7440,61
21906930,2074,9
21907315,8797,51
21907614,427,99
21908310,846,99
21909413,22393,7
21909563,3019,99
21909733,3100,9
21910452,11928,7
21910753,2430,47
21912407,8288,61
21914229,3422,9
21914253,3174,99
21914477,3825,80
21916258,31,150
21916350,22335,47
21917641,54,99
21917756,929,99
21918067,275,150
21918386,264,150
21918509,151,80
21918675,21575,80
21919246,3424,9
21920635,7745,61
21922381,243,150
21922790,227,150
21923223,221,150
21923989,3428,9
21927740,3422,9
21928315,7529,61
21931993,8204,7
21932005,61,7
21932227,3429,9
21935783,5495,61
21936269,3419,9
21945531,95,43
21947108,15934,30
21947948,9322,7
21951232,9858,165
21952145,71,10
21956280,9810,15
21956567,9837,165
21956764,9846,169
21958361,21384,41
21959002,145,31
21959204,110,31
21959375,294,31
21959548,7552,47
21959669,60,31
21959729,60,31
21960575,23,31
21960993,46,31
21961053,287,31
21961340,231,31
21961370,21,51
21961752,236,31
21962196,16,174
21962286,1088,174
21962295,1767,8
21962639,506,95
21962640,216,31
21963315,5636,47
21963458,14,56
21963737,26,148
21964014,6405,5
21964122,61,31
21964273,7429,9
21964646,60,31
21964706,196,31
21964828,15,56
21965070,201,148
21965203,58,31
21965301,15,56
21965378,88,31
21965466,40,31
21965553,44,31
21965612,56,31
21965668,278,30
21965849,58,31
21966534,11,56
21966787,3794,61
21967110,2641,95
21967471,85,30
21968013,15,56
21968114,114,30
21968254,6537,30
21968683,13790,169
21969084,15,56
21969172,530,8
21969280,20,10
21969401,4977,10
21969509,165,80
21969680,2593,80
21969781,16,56
21970002,95,8
21970070,250,8
21970117,10,56
21970434,10584,5
21970577,3914,61
21970868,15,56
21970932,5735,7
21971241,736,76
21971286,90,8
21971727,84,40
21971862,68,8
21971989,682,99
21972029,107,76
21972299,1341,80
21972315,770,76
21972331,280,30
21972468,140,40
21972592,125,8
21972668,832,38
21972816,131,8
21973294,6940,174
21973524,5947,9
21974155,5023,80
21974333,93,43
21974433,75,43
21974441,7747,61
21974512,58,43
21974575,67,43
21974599,548,22
21974646,381,43
21974672,9634,110
21975030,597,43
21975263,107,97
21975336,88,8
21975390,48,97
21975395,1966,80
21975629,451,43
21976069,21,171
21976082,361,43
21976105,24,171
21976277,8,171
21976480,11,171
21976521,56,171
21976679,13969,11
21976707,4301,7
21976760,22,171
21976770,25,10
21976808,4458,171
21976821,72,43
21977050,1838,160
21977098,212,171
21977414,156,171
21977689,26,1
21977700,209,171
21977821,10,56
21978034,24,56
21978123,3168,171
21978169,21,1
21978871,29,1
21978946,1419,80
21979220,334,1
21979244,44,160
21979346,2037,80
21979391,377,38
21979491,28,56
21979845,67,160
21980174,135,150
21980255,26,1
21980302,13,22
21980342,3346,22
21980798,571,80
21980977,423,38
21980995,5582,9
21981089,646,10
21981347,332,100
21981488,6,98
21981545,11017,7
21981561,112,1
21981582,2105,80
21981601,2060,80
21981656,278,169
21981863,34,160
21982147,6022,169
21982179,4021,61
21982190,8,98
21982209,204,160
21982566,471,38
21982578,600,150
21982658,496,100
21982892,5,98
21982936,241,160
21982947,92,160
21983405,8,98
21983419,173,1
21983653,8794,47
21983718,10,171
21983777,5,98
21983815,1918,80
21983826,3020,22
21983836,1047,80
21983900,26,150
21984139,5,98
21984216,10,171
21984324,9,171
21984398,430,171
21984556,230,171
21985208,15,171
21985388,310,171
21985849,515,171
21985958,1647,80
21986138,3556,61
21986825,445,171
21987900,6795,9
21988413,554,162
21988420,551,162
21989629,4127,61
21992907,31,80
21993178,3466,95
21993693,3426,61
21995553,27,56
21996076,2349,9
21996156,15,56
21996594,47,56
21997057,3522,61
21998029,357,22
21998078,484,100
21998941,251,22
21999617,633,100
22000216,30,150
22000297,19,150
22000517,3692,61
22000714,3335,9
22000739,9024,70
22001268,1143,100
22001281,1492,22
22002434,33,150
22002813,24,150
22003033,2889,22
22003072,622,100
22004012,23,150
22004175,3439,61
22004247,21,150
22004290,25,150
22005248,5935,9
22005554,9501,7
22005767,5875,7
22005874,5710,22
22007516,25,150
22007562,3540,61
22007614,21,150
22007665,24,150
22007987,38,150
22008329,27,150
22008568,24,150
22008631,29,150
22008720,21,150
22008760,45,150
22009764,6876,70
22009976,26,150
22011039,3536,61
22011630,3716,22
22011988,3362,7
22012000,60,7
22014510,3370,61
22015338,3751,22
22015608,3499,7
22016641,6895,70
22017819,3420,61
22019097,5550,22
22019239,9866,7
22019688,940,9
22020659,6230,9
22021169,3339,61
22023539,6873,70
22024509,3394,61
22024592,4742,22
22027841,3381,61
22029332,3389,22
22029487,1735,7
22030413,7023,70
22031214,3686,61
22031896,4899,9
22031931,89,43
22032083,72,43
22032158,53,43
22032213,51,43
22032242,3914,7
22032267,332,43
22032602,391,43
22032656,4606,22
22032997,374,43
22033374,658,43
22033537,9850,15
22034188,3614,5
22034564,122,43
22034603,22,56
22034837,3438,61
22035255,16071,30
22035490,590,30
22035873,22,56
22036159,20,56
22036177,3031,30
22036200,37,169
22036461,4142,7
22036736,452,76
22037413,3182,22
22037438,7109,70
22037439,15,56
22037575,1927,7
22037822,23,56
22038249,3554,61
22038518,19,56
22038705,4368,22
22038841,4468,11
22038971,398,36
22039238,3246,95
22039546,173,76
22039693,8,98
22039916,8,98
22039955,13,56
22040692,6475,7
22040718,7,98
22041298,176,30
22041320,8,98
22041431,9,98
22041591,4,98
22041742,4087,61
22041906,4086,174
22041979,3276,22
22042219,946,30
22042267,18,56
22042410,11,169
22042913,81,56
22043398,3054,169
22044123,23002,15
22044149,3194,95
22044552,7007,70
22044693,1407,22
22044725,4696,5
22045553,263,30
22045747,102,8
22045784,17,56
22045819,3480,61
22046156,13,56
22046289,2869,22
22046380,31,8
22046553,933,7
22047376,478,36
22047411,7402,7
22047466,431,30
22047719,86,36
22047810,8,169
22048168,10,169
22048204,6291,169
22048284,212,36
22048805,988,22
22049057,3159,95
22049276,3553,61
22049342,79,61
22049886,1133,100
22050452,11905,5
22051170,3714,22
22051527,4703,22
22051545,12545,51
22051560,4699,70
22052301,726,100
22052515,8998,11
22052735,125,76
22052802,3692,61
22053055,924,76
22053122,5,98
22053340,21410,41
22053499,6,98
22053537,70,10
22053714,6954,1
22053804,714,100
22054657,1172,10
22054909,3327,95
22055251,977,7
22055270,33,30
22055336,565,30
22055523,4,100
22055572,587,100
22056216,5210,22
22056255,11,98
22056261,4384,70
22056293,159,30
22056346,5550,47
22056462,4293,7
22056477,5623,61
22056856,34,100
22057287,3455,22
22057446,9786,15
22057463,34,1
22057619,11,169
22058145,11,169
22058222,5661,165
22058269,3170,76
22058314,9,169
22058901,1742,9
22059060,188,30
22059166,16,169
22059176,1078,174
22059368,11,56
22059465,29,150
22059593,2276,47
22059611,765,100
22059962,327,1
22060082,111,56
22060159,10,169
22060542,104,56
22060649,19847,70
22060716,18,169
22060738,135,43
22060762,330,56
22060861,24,171
22060894,87,43
22060907,18,171
22060985,47,43
22061036,54,43
22061096,432,43
22061099,7740,174
22061226,4265,1
22061292,1864,7
22061436,5136,22
22061493,10,98
22061824,854,76
22061880,367,43
22062035,3858,61
22062102,60,61
22062250,265,43
22062366,4285,5
22062488,663,9
22062518,353,43
22063137,10267,38
22063177,9772,9
22063747,1969,22
22063959,24,171
22064098,11113,51
22064110,60,51
22064735,45,10
22065029,9,10
22065840,4353,61
22066633,20,171
22066901,17,171
22066947,4561,22
22067018,16,171
22067229,16,171
22067420,17,171
22067654,10,169
22067951,13543,40
22067973,4421,8
22068000,105,38
22068018,11,169
22068136,17,171
22068427,17,171
22069011,11,169
22069140,24,171
22069154,663,171
22070161,3677,61
22070330,5531,7
22071213,41,171
22071290,479,7
22071446,4414,22
22071961,14071,47
22073773,4666,61
22075227,10349,51
22075798,7142,22
22076754,2056,9
22077848,262,10
22078376,4210,61
22078441,61,61
22078683,10,10
22079351,94,10
22080519,7061,70
22080762,2058,9
22082523,3486,61
22083443,2062,9
22085885,3591,61
22087088,4529,1
22087114,1044,9
22087146,3638,47
22088993,1035,9
22089240,71,47
22089414,3531,61
22091431,16332,30
22091448,22907,15
22092026,2568,9
22092411,10066,70
22092881,3432,61
22096055,2572,9
22096251,3421,61
22099610,3389,61
22101737,3420,9
22102930,3378,61
22106249,3424,61
22107920,7150,70
22109610,3563,61
22113111,3478,61
22115071,7181,70
22116524,3536,61
22116757,11914,7
22116932,11314,7
22118332,119,43
22118536,58,43
22118597,48,43
22118647,53,43
22119996,3480,61
22122255,7251,70
22123415,3451,61
22125457,86,172
22125523,6831,22
22125754,46,172
22126803,4195,61
22127792,10429,47
22128746,10702,51
22129472,4586,1
22129507,7172,70
22130163,10706,7
22130936,3919,61
22131001,60,61
22131244,11731,7
22132292,7112,22
22134819,3609,61
22136682,7250,70
22138366,3414,61
22139341,4639,22
22140995,7521,7
22141718,3676,61
22143933,4583,70
22143972,4893,22
22145329,3685,61
22145816,32,150
22145902,48,10
22146138,11,9
22147132,95,43
22147230,60,43
22147293,47,43
22148518,7147,70
22148693,11731,7
22148822,4803,7
22148832,4783,22
22148846,18105,1
22148939,3495,61
22150259,17,9
22151977,608,9
22152374,3846,61
22152436,59,61
22152873,32,150
22152942,244,172
22153416,245,172
22153443,294,9
22153573,1333,61
22153611,7466,22
22153643,13354,7
22153739,18280,38
22153748,10889,9
22153758,20678,38
22155679,13482,70
22156157,3490,61
22159585,3499,61
22160741,1008,7
22161015,5967,22
22161956,145,7
22163018,3417,61
22166375,3489,61
22167488,46,7
22169163,10320,70
22169288,454,22
22169801,3473,61
22172551,30,150
22173218,3618,61
22173723,3261,9
22176011,9739,40
22176774,3485,61
22176838,62,61
22178091,961,9
22179476,966,9
22179483,6729,70
22180195,3481,61
22180856,48,51
22181006,647,9
22181676,961,9
22183612,3430,61
22186261,61,70
22186980,3377,61
22187845,132,7
22190292,3473,61
22190358,60,61
22191625,16276,30
22193702,3458,61
22197098,3388,61
22200465,3403,61
22201418,56,40
22201699,131,7
22202314,146,7
22202926,142,7
22203540,137,7
22203806,3579,61
22204155,131,7
22204732,106,43
22204777,136,7
22204814,39,51
22204857,23,51
22204875,55,43
22204883,12,51
22204898,11,51
22204913,15,51
22204931,13,51
22204935,51,43
22204948,12,51
22204963,11,51
22204978,12,51
22204994,11,51
22205394,133,7
22206010,130,7
22206624,139,7
22207238,146,7
22207347,3419,61
22207853,139,7
22208465,133,7
22209077,144,7
22209689,131,7
22210304,133,7
22210703,3409,61
22210915,131,7
22211525,132,7
22212140,138,7
22212750,158,7
22213361,143,7
22213971,140,7
22214058,3408,61
22214112,60,61
22214580,136,7
22215194,130,7
22215805,131,7
22216416,131,7
22217028,133,7
22217401,3529,61
22217638,131,7
22218252,132,7
22218418,3027,22
22218863,147,7
22219475,146,7
22220086,144,7
22220324,24,112
22220696,138,7
22220806,17,112
22220866,3498,61
22220966,20,112
22221032,20,112
22221127,254,56
22221309,132,7
22221926,133,7
22222536,155,7
22222766,16,56
22222918,11,56
22223064,29,56
22223147,130,7
22223553,31,56
22223759,131,7
22224328,3373,61
22224369,131,7
22224980,140,7
22225590,148,7
22226201,177,7
22226816,136,7
22227112,28,40
22227150,11365,1
22227432,9606,7
22227608,9681,70
22227699,3422,61
22227763,30,61
22227991,134,1
22228686,105,1
22230498,90,1
22230757,21,1
22231059,3545,61
22231485,102,112
22231743,32,1
22232665,264,1
22233282,39,112
22233531,61,43
22233597,55,43
22233655,51,43
22233757,50,112
22233771,101,1
22234048,23,112
22234238,22,112
22234311,23,112
22234541,3722,61
22234656,26,112
22234704,22,1
22234781,21,112
22235183,29,112
22235309,24,112
22235386,27,112
22235594,21,1
22235720,25,112
22235804,20,112
22235862,23,112
22235871,983,9
22236243,19,112
22236377,29,112
22236494,22,112
22236610,18824,38
22237289,7184,70
22237651,969,9
22238201,4793,61
22238573,5160,62
22240391,23,1
22240616,213,146
22240688,29,1
22240787,5101,146
22241283,143,1
22242135,954,1
22242930,4002,61
22243222,187,1
22243876,52,61
22243933,935,61
22244474,7213,70
22245010,697,61
22245287,319,62
22245764,4537,146
22246687,244,62
22246877,3559,61
22249386,3395,51
22250236,4428,146
22250372,3570,61
22251236,6149,22
22251690,7023,70
22253875,3588,61
22253943,78,61
22254072,1857,9
22254167,45,1
22254421,327,1
22254682,4624,146
22256760,178,1
22257160,37,1
22257311,5709,9
22257400,3541,61
22257809,21439,41
22257818,3536,22
22257865,6963,146
22258214,1501,1
22260879,3497,61
22263850,6421,9
22264314,3640,61
22264765,6553,146
22264865,4682,70
22267890,3699,61
22271252,4379,146
22271524,3498,61
22271589,61,61
22274961,3573,61
22275567,4368,146
22278470,3587,61
22279642,3232,9
22279870,6394,146
22281989,3591,61
22283470,3109,9
22285453,3507,61
22286199,4615,146
22288909,3531,61
22290752,4882,146
22291132,26,43
22291248,417,43
22291669,279,43
22291951,300,43
22291988,7523,70
22292254,266,43
22292263,92,146
22292377,3558,61
22293508,2867,5
22294132,3273,76
22294605,3847,51
22294665,16829,30
22294749,621,30
22294993,9836,15
22295258,1759,1
22295348,21432,41
22295570,7038,146
22295635,59,146
22295868,10597,30
22295875,3524,61
22296253,12,169
22296390,3976,5
22296499,254,172
22296499,9642,110
22296520,7935,5
22296844,227,172
22297007,677,1
22297470,5671,95
22298307,3266,95
22298464,10566,51
22298487,41,1
22299026,245,1
22299089,1310,76
22299333,3786,7
22299338,4220,61
22299517,7487,70
22300853,3456,5
22301665,654,61
22302374,267,61
22302596,9899,146
22302656,9219,61
22302880,31,40
22303082,3966,15
22303109,59,112
22303511,9868,47
22303559,12787,7
22303681,346,8
22303691,3604,61
22303742,28,8
22303859,46,112
22303951,71,8
22304027,245,8
22304034,145,8
22304086,59,8
22304176,36,8
22304465,326,8
22304471,275,8
22304767,8613,5
22304789,27,56
22304820,22,8
22304848,316,8
22305174,88,56
22305325,1784,22
22305451,324,8
22305469,24,8
22305493,20,8
22305510,32,8
22305545,305,8
22305754,20,8
22305794,77,8
22305855,25,8
22305869,37,8
22305930,22,8
22305941,50,8
22305973,905,1
22306337,29,8
22306343,79,8
22306459,47,8
22306570,8,40
22306654,35,169
22306730,196,8
22306736,33,8
22306914,103,8
22307007,9151,70
22307127,1734,22
22307314,7089,95
22307895,124,1
22307914,32,169
22308089,3798,61
22308395,12763,7
22308456,23,8
22308463,111,8
22308511,76,1
22308575,46,169
22308637,41,1
22308761,32,1
22308931,30,1
22309017,23,1
22309043,1348,51
22309204,2778,9
22309600,168,1
22309836,22670,15
22310080,39,150
22310402,35,51
22310458,8,51
22310485,7,51
22310540,10990,15
22310581,14,169
22310785,13622,51
22310917,10,169
22311012,93,1
22311048,213,22
22311180,37,112
22311241,44,169
22311248,24,169
22311292,20,112
22311437,5785,22
22311491,29,112
22311877,3481,61
22312471,8206,146
22312489,77,1
22313066,187,1
22313313,174,30
22313371,51,1
22313391,36,1
22313740,82,169
22314003,43,1
22314387,37,1
22314819,61,1
22314984,12991,95
22315003,80,8
22315042,931,95
22315356,5758,61
22315580,5960,9
22315695,1973,8
22315705,732,8
22315744,54,1
22315760,33,169
22315903,43,1
22315952,21,169
22316006,698,11
22316033,308,172
22316135,3100,61
22316159,4637,70
22316220,17,169
22316223,7763,5
22316864,15612,7
22317533,474,95
22317570,830,1
22318068,455,38
22318151,20,38
22318561,315,1
22318767,11,169
22318896,3575,1
22319036,8,169
22319245,11384,61
22319752,8233,80
22319932,143,43
22320079,81,43
22320164,44,43
22320214,88,43
22320307,598,43
22320509,647,100
22320602,8218,146
22321116,109,100
22321370,7019,7
22321573,72,31
22321575,3981,61
22321645,42,31
22321771,14,169
22321991,63,31
22322149,445,43
22322549,412,1
22322580,31,31
22322597,334,43
22322628,29,56
22322629,30,31
22322640,30,112
22322935,290,43
22322940,12,9
22323006,8535,9
22323074,792,1
22323142,190,31
22323163,280,169
22323331,499,56
22323427,35,172
22323692,6473,15
22323719,118,56
22323731,5217,40
22323759,134,175
22324141,58,56
22324291,24,56
22324426,6359,51
22325191,55,8
22325225,22,8
22325235,305,169
22325274,40,8
22325319,90,8
22325384,350,1
22325601,1817,22
22325652,3556,61
22325666,80,61
22325747,42,8
22326201,19183,70
22326361,89,15
22326546,422,100
22326576,226,30
22327085,141,15
22327315,168,15
22327474,202,30
22327517,280,1
22327668,466,15
22327820,4032,169
22328248,419,1
22328269,1822,7
22328365,735,169
22328374,2354,1
22328630,716,100
22328784,5258,146
22329031,1263,1
22329043,50,1
22329432,304,169
22329945,3728,61
22330158,43,100
22330211,386,169
22330630,1362,61
22331179,686,100
22331351,643,169
22331958,39,100
22332491,579,100
22333668,3545,61
22333735,59,61
22333979,6765,146
22334411,3267,51
22334691,6115,80
22334896,5313,7
22335976,6957,80
22337146,7503,61
22338889,50,100
22339861,3261,100
22340088,331,100
22340321,101,47
22340417,153,47
22340485,448,100
22340698,992,47
22340722,7199,146
22340744,29,47
22341173,43,56
22341733,40,56
22342159,37,56
22342728,42,56
22342990,46683,80
22343115,11408,80
22343179,649,47
22344459,11,100
22344647,6680,61
22344689,905,100
22344800,3394,47
22345310,774,1
22345615,6498,146
22345633,297,100
22346100,1163,1
22346614,1282,100
22346645,8377,70
22347209,8483,9
22347451,403,1
22347840,66,56
22347958,345,100
22348375,11,47
22348427,191,47
22348466,115,56
22348525,54,56
22348541,395,47
22348594,20,56
22348607,8829,146
22348632,33,47
22348786,67,56
22348968,246,47
22349167,779,100
22349507,68,47
22349617,17215,47
22351289,7035,61
22351380,16847,30
22351399,21613,15
22351558,2310,100
22357403,4373,146
22358281,6302,61
22361712,4452,146
22364519,6229,61
22366099,4314,146
22370349,4707,146
22370686,6261,61
22374858,7034,7
22374994,8083,146
22376885,6145,61
22379027,3611,30
22379152,19,15
22379230,16,15
22380330,155,30
22380508,81,15
22380517,4059,15
22380605,3061,5
22380786,3427,15
22380907,6970,51
22380927,23,51
22381406,166,30
22381471,9650,110
22381903,20,169
22381954,10220,7
22382087,173,30
22382305,18,169
22382513,156,30
22382630,180,40
22382848,74,31
22382853,357,40
22382856,554,169
22383000,286,30
22383024,6738,61
22383030,48,40
22383030,6868,146
22383219,129,40
22383279,374,8
22383421,1085,40
22383428,460,40
22383682,5724,5
22383693,61,31
22383759,76,8
22383780,19,169
22383863,26,31
22383995,177,30
22384309,476,169
22384409,6372,1
22384422,38,1
22384599,36,31
22384719,54,31
22384900,394,40
22385043,354,15
22385341,365,40
22385372,61,8
22385408,194,30
22385521,79,169
22385609,190,158
22385672,397,40
22385840,53,8
22385857,175,47
22386026,252,47
22386198,68,8
22386219,34,31
22386316,330,47
22386381,100,8
22386449,987,158
22386643,38,8
22386692,928,47
22386753,39,8
22386792,36,8
22386793,37,31
22386829,221,8
22387235,332,30
22387251,102,8
22387362,63,8
22387626,5698,7
22387752,1117,47
22387757,79,8
22387872,98,8
22387888,20029,51
22387898,794,169
22388028,130,8
22388200,320,95
22388201,53,31
22388257,110,8
22388371,32,8
22388396,84,8
22388410,70,31
22388533,1773,1
22388553,19362,95
22388567,443,30
22388585,59,31
22388585,1131,11
22388644,46,31
22388721,59,31
22388806,59,31
22388947,864,47
22389215,20,31
22389319,42,31
22389402,77,31
22389538,60,31
22389610,18307,9
22389611,64,31
22389754,6192,61
22389812,147,31
22389823,1055,47
22389834,7441,146
22390019,60,31
22390076,65,169
22390113,346,30
22390157,130,169
22390290,193,40
22390298,114,40
22390333,8,98
22390357,33,40
22390590,242,31
22390594,201,40
22390688,61,40
22390770,46,169
22390772,20,40
22390785,193,40
22390910,479,11
22390984,136,40
22391077,11,98
22391209,116,40
22391210,25,31
22391235,35,40
22391269,29,40
22391373,10,98
22391425,383,169
22391480,16,137
22391493,16424,5
22391561,581,137
22391566,1204,8
22391577,445,8
22391682,14515,38
22391735,73,8
22391828,2849,1
22391902,114,31
22392069,967,40
22392174,382,137
22392203,13830,7
22392296,15718,80
22392528,5557,47
22392673,33,31
22392730,15218,80
22392783,109,137
22393029,189,30
22393167,460,8
22393307,646,47
22393325,898,169
22393345,64,47
22393505,20,56
22394113,19,56
22394448,17,56
22394661,15,56
22394675,17,56
22394993,11,98
22395055,16,56
22395080,2641,1
22395158,1553,1
22395646,12269,7
22395785,20,56
22395839,34,156
22395941,12142,61
22396067,2774,19
22396524,904,47
22396691,1516,70
22397241,10705,146
22397281,10734,100
22397485,425,47
22397588,290,172
22397856,23,56
22397954,24,54
22397994,38,172
22398111,111,47
22398138,9876,47
22398175,224,54
22398210,234,172
22398228,9537,70
22398454,15,56
22398706,9376,137
22399043,2049,47
22400000,1702,1
22403410,24,112
22406331,85,43
22406614,30,110
22407868,20566,38
22408015,2049,172
22408265,5006,32
22410014,191,30
22410260,35,172
22410450,81,172
22410473,17,172
22410518,15,172
22410675,1341,47
22410689,1307,47
22411415,196,137
22412049,120,47
22412111,839,47
22412147,2760,19
22412176,854,47
22412666,4469,61
22414285,431,137
22414784,4308,137
22414815,30,54
22414976,627,169
22415015,1599,47
22415113,1626,54
22415127,2200,47
22416797,3549,47
22416941,866,54
22417095,3480,61
22417134,9,112
22417272,26,112
22417460,50,112
22417817,35,112
22418007,72,112
22418136,212,96
22418463,27,112
22418757,801,54
22419088,251,96
22420009,175,96
22420512,3545,61
22421192,387,15
22421229,2368,80
22421336,6666,80
22423063,7891,47
22423076,9179,47
22423698,93041,80
22423994,10261,61
22424204,376,66
22425305,6462,9
22425323,979,146
22425820,286,66
22427271,675,61
22427373,96,66
22427768,557,100
22427957,4,112
22428117,114,66
22428394,21028,41
22428425,108,66
22428669,6512,1
22428858,628,61
22428883,11931,7
22428947,9675,7
22429049,359,100
22429224,9,112
22429339,597,1
22429541,124,112
22430148,4702,61
22430322,612,100
22432245,8355,47
22432505,8968,47
22432626,7311,9
22433300,6837,95
22433420,6643,51
22434892,6808,61
22437672,16297,30
22439175,7383,7
22440851,6277,9
22441637,8340,61
22446996,3857,7
22449914,6250,61
22451227,3797,7
22455450,3740,7
22456102,6223,61
22459669,3795,7
22462261,6335,61
22463892,3923,7
22463931,103,43
22464118,59,43
22464181,59,43
22464243,50,43
22464295,804,43
22465102,293,43
22465398,738,43
22465476,153,172
22465687,210,172
22465779,9798,15
22465834,365,15
22465942,2774,7
22466241,79,84
22466385,43,43
22467116,17,172
22467194,12,172
22467268,11,172
22467340,11,172
22467547,11,172
22467642,11,172
22467706,12,172
22467734,80,172
22467815,74,172
22468120,7586,7
22468532,3842,61
22468597,61,61
22468871,371,172
22468914,36,172
22469243,9799,7
22469427,16,172
22469595,213,172
22469796,179,66
22469855,8369,30
22470146,1237,1
22470653,5342,51
22470664,61,51
22470904,257,30
22471366,73,8
22471447,261,30
22471673,890,1
22471832,2148,40
22472094,11717,40
22472368,13698,61
22472426,26,112
22472498,1019,61
22472688,27,8
22472698,306,8
22472778,193,96
22472933,56,9
22473020,54,9
22473078,15,112
22473378,65,40
22473514,42,112
22473613,570,172
22473742,61,40
22473854,1669,61
22473896,726,1
22473928,1125,1
22473935,11352,40
22474034,6850,9
22474123,9706,47
22474130,4004,47
22474277,42,112
22474324,834,172
22474627,23,8
22474639,235,8
22474777,47,8
22474827,24,1
22474878,440,96
22474924,22,8
22474954,38,112
22475181,152,172
22475359,25,112
22475364,1623,172
22475426,20,112
22475590,217,96
22475621,5236,1
22475646,10362,26
22475704,366,61
22475808,4080,7
22475931,6766,1
22475979,24,112
22476002,9278,51
22476143,43,112
22476260,512,30
22476275,43,112
22476277,21,30
22476350,2055,61
22476374,540,96
22476925,53,112
22477362,282,30
22477945,144,172
22478426,389,96
22478606,195,30
22478615,75,112
22479070,299,96
22479226,41,112
22479298,213,30
22479326,22,112
22479435,31,112
22480087,6127,7
22480248,18,112
22480372,572,96
22480399,42,112
22480503,12537,7
22480522,41,112
22480749,17,112
22480837,10291,38
22480871,49,112
22480963,27,112
22481221,550,96
22482338,11,98
22482538,268,38
22482562,8,98
22482901,159,96
22483408,46,31
22483452,5443,9
22483490,60,31
22483561,489,1
22484408,21,112
22484761,528,1
22484841,209,30
22485287,5515,51
22485302,59,51
22485519,256,30
22485642,34,112
22485879,4875,26
22486038,3855,61
22486085,32,112
22486104,256,30
22486214,45,112
22486690,332,30
22486718,3831,7
22486750,365,172
22486854,1695,40
22486934,38,112
22486992,266,1
22487126,36,112
22487209,101,172
22487257,58,112
22487272,350,96
22487322,1218,40
22487404,313,172
22487593,20,112
22487845,32,172
22488126,306,30
22488157,33,172
22488213,82,172
22488422,335,172
22488882,446,172
22489459,214,172
22489718,422,172
22489885,3752,61
22489894,5147,15
22489906,103,61
22490812,7983,51
22490941,5570,7
22490975,308,30
22491670,6192,9
22491709,5502,165
22491844,11270,1
22492125,512,96
22492395,20,137
22492485,419,30
22492516,22,137
22492732,97,43
22492764,1583,137
22492835,71,43
22492912,61,43
22492976,62,43
22493041,182,43
22493214,8628,7
22493303,9640,110
22493344,26,112
22493502,612,96
22493594,1714,40
22493596,474,31
22493602,11714,40
22493604,3892,61
22493644,1437,40
22494156,29,40
22494276,54,40
22494518,205,1
22494519,369,137
22494557,35,40
22494591,3343,171
22494658,2066,171
22494684,31,112
22494734,33,40
22494958,536,96
22495005,103,40
22495322,1450,15
22495323,414,30
22495347,172,137
22495406,7,112
22495670,254,137
22495759,2338,1
22495934,652,137
22495950,21750,15
22495994,61,31
22496134,114,172
22496159,20,30
22496358,18,30
22496578,268,31
22496732,3821,171
22496906,263,31
22496979,7015,38
22497084,3616,40
22497203,25,137
22497310,723,137
22497433,9901,61
22497671,311,95
22498070,69,95
22498184,10344,95
22498289,4689,7
22498316,55,171
22498385,693,137
22498439,2062,171
22498454,992,145
22498575,1161,66
22498802,9886,51
22499095,1284,137
22500023,42,150
22500124,390,96
22500530,22,171
22500593,6626,1
22500667,2229,40
22500818,148,171
22501026,816,171
22501148,1588,96
22501162,59,153
22501467,122,153
22501755,9,173
22501894,6795,7
22501904,16,173
22502489,28,173
22502513,449,171
22502528,3569,171
22502938,41,173
22503115,3759,7
22503160,125,153
22503470,2621,171
22504315,25,173
22504768,39,173
22505562,1785,11
22505645,34,173
22506327,23,173
22506985,46,173
22507007,30,173
22507293,6209,61
22507340,3790,7
22507700,33,173
22508698,3572,51
22511554,3874,7
22512558,21315,47
22513439,5065,61
22514743,7297,70
22515155,6987,146
22515771,6892,7
22518441,3446,61
22519065,8655,1
22519309,198,1
22520088,33,150
22520822,16522,47
22521115,1247,96
22521824,3681,61
22522043,7484,70
22522124,9510,146
22522190,1258,96
22522996,6019,7
22523011,57,7
22523607,2044,9
22523925,583,96
22524619,16366,30
22525462,3437,61
22526154,336,96
22527304,234,96
22527849,2062,9
22528235,184,96
22528835,3497,61
22529022,5343,7
22529527,7428,70
22531195,806,9
22531565,8514,146
22532268,3559,61
22534441,5634,7
22535765,3368,61
22535935,4018,1
22536957,7247,70
22539128,3474,61
22539193,61,61
22540076,6550,146
22540472,6397,7
22540990,17024,30
22541601,12,9
22541811,69,9
22542540,3512,61
22544205,7160,70
22545988,3519,61
22546564,6702,146
22547093,6924,7
22549051,18,56
22549472,3576,61
22550029,19,56
22550332,94,43
22550497,72,43
22550573,54,43
22550637,55,43
22550701,87,43
22550784,14,56
22551137,17,56
22551368,7132,70
22551382,15,56
22551729,22211,110
22552039,53,172
22552533,709,7
22552983,3780,61
22553197,9259,146
22553479,7636,7
22554017,610,30
22554354,9092,7
22554760,9069,47
22555347,9338,95
22555526,224,172
22555608,2664,30
22556737,3811,61
22556823,4846,158
22556955,153,15
22557194,179,15
22557409,13,9
22557417,93,15
22557483,101,15
22557517,38,31
22557579,6049,9
22557687,408,15
22557701,351,31
22557895,546,169
22558177,36,173
22558295,54,15
22558509,4423,70
22558735,29,173
22558775,439,169
22559217,28,173
22559356,110,10
22559387,84,66
22559484,13,15
22560100,2780,11
22560186,26,173
22560367,88,30
22560484,3544,61
22560774,20,173
22560790,22,173
22561107,348,96
22561477,22,173
22561768,4610,7
22562100,437,30
22562393,8266,146
22562619,22,173
22562681,18,56
22563250,736,30
22563297,22,56
22563424,20,56
22563431,22,171
22563438,14,56
22563479,286,10
22563808,29,15
22563859,17,56
22563927,1830,169
22563960,22,171
22564011,3950,61
22564066,23,56
22564094,12,56
22564155,35,15
22564228,28,15
22564272,27,173
22564299,5958,7
22564304,35,15
22564559,26,15
22564599,273,15
22564603,444,30
22564609,4019,47
22564960,38,173
22566051,9840,15
22566109,51,15
22566309,33,173
22566709,4280,7
22566860,263,171
22567160,5214,9
22567299,1403,171
22567320,16335,171
22567897,3508,61
22567962,32,61
22568036,1050,1
22569046,1661,171
22569100,31,173
22569737,24,173
22569766,192,30
22570323,5593,7
22570334,27,173
22570598,8130,146
22571383,3934,61
22571464,23,173
22571488,32,173
22572024,21,173
22572483,3432,1
22572779,5479,7
22572795,5130,145
22572985,22,173
22573321,1500,169
22573424,219,171
22573703,1117,171
22573730,24,173
22573828,339,30
22574826,2677,15
22574895,482,30
22575046,150,171
22575241,8414,171
22575256,645,169
22575300,4463,61
22575711,282,30
22576003,1802,11
22576166,215,1
22576346,6171,7
22576656,422,30
22576882,11,173
22576950,8406,9
22577737,21393,41
22577989,7671,70
22578280,525,169
22578478,4280,7
22578595,1905,15
22578710,7604,146
22579036,521,96
22579131,91,43
22579229,94,43
22579329,64,43
22579742,4247,61
22579924,568,169
22580178,17718,38
22580343,124,96
22580769,104,96
22581099,100,15
22581285,130,96
22581480,63,15
22581633,87,15
22581658,32,15
22581679,139,96
22581896,292,38
22581934,6281,1
22582000,141,96
22582048,411,15
22582079,22,15
22582381,166,96
22582602,309,43
22582917,166,96
22582950,185,43
22582968,6231,7
22583262,140,96
22583563,306,96
22583968,4805,61
22584129,939,171
22584256,1194,96
22584643,32,38
22584690,485,38
22585777,877,96
22585859,23,15
22585930,989,171
22586269,15012,70
22587286,3133,15
22587616,790,96
22588102,8,171
22588152,1510,11
22588553,8,171
22588641,681,96
22588756,3661,61
22588774,213,171
22589452,639,96
22589585,4369,7
22590503,779,96
22592384,3783,61
22593584,21673,15
22594402,3732,7
22596142,3798,61
22598256,11419,1
22598614,3731,7
22598948,27,80
22599406,25,80
22599687,36,80
22599746,21,80
22599909,6139,61
22600023,109,80
22600219,68201,80
22601283,11376,70
22602827,3739,7
22603898,11216,9
22606022,6167,61
22607042,3748,7
22611255,3754,7
22612167,6175,61
22615478,3757,7
22616507,30,15
22618309,6281,61
22619698,3745,7
22623942,3747,7
22624571,6226,61
22628168,3733,7
22630380,7424,70
22630774,6294,61
22632345,16853,30
22632385,3756,7
22634858,16,56
22634876,22,56
22634975,13,56
22635622,16,56
22636377,12,56
22636529,12,56
22636599,9069,7
22636731,73,43
22636808,65,43
22636877,62,43
22636943,58,43
22637004,106,43
22637045,3920,61
22637163,17,56
22637428,15,56
22637881,33,70
22637944,14193,30
22638151,18,56
22638692,22,56
22638798,377,146
22638937,35,70
22639106,663,30
22639184,19,56
22639402,12295,15
22639675,7712,146
22639758,32,70
22640213,26,56
22640408,30,56
22640494,11407,146
22640930,3559,61
22641620,3984,7
22641857,34,169
22642011,33,56
22642489,23,169
22642696,168,169
22643138,39,8
22643202,40,8
22644089,37,56
22644275,64,8
22644398,121,43
22644466,3503,61
22644827,23,8
22644886,26,8
22644994,321,10
22645187,170,56
22645246,105,56
22645656,1330,173
22645664,23,56
22645705,17,56
22646040,18,56
22646070,18,56
22646261,36,8
22646356,15,56
22646395,21,56
22646966,33,8
22647073,31,8
22647282,37,8
22647367,41,8
22647478,23,56
22647504,31,56
22647547,22,8
22647688,29,56
22647702,31,56
22647785,1105,96
22647936,3449,61
22648857,230,11
22649165,45,8
22649184,943,96
22649210,17,173
22649359,334,8
22649370,14,173
22649827,40,8
22650638,162,173
22650643,1858,96
22650830,25,8
22651162,87,8
22651382,3477,61
22651406,51,22
22651515,59,43
22651591,27,8
22651843,11861,15
22651862,4861,146
22651955,324,8
22652021,144,173
22652080,32,8
22652329,339,8
22652607,2421,38
22652673,348,8
22652891,35,8
22653224,28,8
22653426,36,8
22653551,357,95
22653637,36,8
22653866,36,8
22654177,32,8
22654629,36,8
22654839,7479,61
22655194,22077,38
22655270,28,8
22655285,32,8
22655336,21412,110
22655440,37,8
22655504,92,15
22656072,327,8
22656227,1380,8
22656437,309,8
22656566,385,30
22656704,6160,146
22657007,33,8
22657225,394,1
22657233,241,30
22657774,356,30
22657986,699,8
22658436,413,30
22658468,34,8
22658695,36,8
22658813,205,8
22659217,2719,30
22659843,34,22
22659909,611,38
22660077,1165,8
22660328,933,75
22660616,437,8
22661097,32,8
22661268,11778,38
22661558,845,22
22661805,918,38
22662182,348,30
22662238,464,8
22662287,3901,61
22662836,4669,146
22662865,119,8
22662911,193,100
22662998,442,172
22663087,600,8
22663124,130,8
22663211,47,30
22663217,167,8
22663228,781,30
22663436,252,8
22663498,303,172
22663658,29,42
22663693,389,8
22663700,383,38
22663872,114,22
22664180,848,100
22664323,524,22
22664381,179,8
22664446,350,8
22664508,347,8
22664781,9930,15
22664813,82,173
22665533,65,43
22665604,70,43
22665679,51,43
22665734,62,43
22665799,143,43
22665885,1417,100
22665998,69,173
22666113,534,22
22666162,3465,61
22666774,67,8
22666864,69,8
22667106,5352,1
22667115,364,8
22667131,2167,1
22667204,153,61
22667266,190,173
22667485,5192,146
22667507,725,100
22667583,145,8
22667817,1111,8
22668304,7590,75
22668421,227,30
22668677,312,30
22668861,88,8
22668885,20,8
22668951,703,8
22668995,491,8
22669026,216,173
22669290,84,9
22669344,728,61
22669406,10745,9
22669454,575,100
22669483,33,8
22669612,35,8
22669975,602,70
22670182,508,8
22670195,237,8
22670624,11876,7
22670954,264,100
22671138,1418,15
22671571,2010,80
22672477,6,100
22672511,9646,70
22672613,7352,146
22673893,1399,80
22675293,163,173
22675354,102569,80
22675893,9548,61
22675958,3550,61
22679443,6501,61
22679900,7987,146
22679967,79,146
22680086,22046,15
22680940,1652,15
22682593,882,15
22684977,5428,9
22685880,7557,61
22687822,4890,146
22687888,59,146
22689295,4244,15
22692647,4384,146
22693433,6380,61
22696966,4223,146
22697181,148,1
22699751,6210,61
22701153,4463,146
22705552,4844,146
22705895,6174,61
22710327,4395,146
22711878,7241,70
22712006,6195,61
22714659,4728,146
22718138,6240,61
22718595,16090,30
22719324,4503,146
22723131,82,43
22723280,63,43
22723346,61,43
22723409,91,43
22723763,5059,146
22723903,883,146
22724315,6306,61
22724551,7189,70
22724849,454,146
22725559,4659,146
22729666,4571,146
22730556,8194,61
22730739,7719,7
22731575,868,100
22731742,7135,70
22732965,307,1
22733214,6,100
22733250,5323,100
22733374,302,1
22734172,4574,146
22735133,296,1
22737741,433,1
22738330,10111,15
22738400,388,1
22738675,383,1
22738738,4541,146
22738745,8259,61
22738753,58,146
22738878,7029,70
22739111,3612,1
22741076,8,100
22741095,11061,100
22741608,687,15
22742750,3859,1
22743215,4511,146
22745909,7583,70
22746598,821,15
22746942,11208,61
22747661,5125,146
22748848,7276,15
22748870,9873,15
22750595,6771,15
22751430,7819,11
22751931,61,43
22751997,63,43
22752064,122,43
22752721,4759,146
22752788,41,146
22752828,35400,100
22754175,7071,70
22757417,5178,146
22758086,8799,61
22761256,6585,70
22762528,7523,146
22762597,59,146
22766823,10916,61
22767843,17895,70
22767860,21641,15
22769100,73,139
22769400,14983,139
22769989,7584,146
22770055,59,146
22770470,11371,1
22770506,8838,1
22772965,3938,146
22777510,5432,146
22777737,8551,61
22782880,5024,146
22785748,13112,70
22786224,4537,61
22787840,6459,146
22789311,60,15
22790696,3421,61
22791483,60,15
22793883,59,15
22794054,3450,61
22794232,4751,146
22794300,60,146
22797444,3394,61
22798862,8005,70
22798922,4994,146
22800832,3635,61
22800898,61,61
22803849,4705,146
22804404,3441,61
22805429,61,70
22805982,15998,30
22805996,60,70
22806417,60,70
22807783,3533,61
22808491,4280,146
22809531,73,43
22809666,64,43
22809732,49,43
22811254,3517,61
22812706,4384,146
22814706,3498,61
22814771,29,61
22814800,9853,15
22817026,4481,146
22818147,3478,61
22818206,60,61
22821440,4343,146
22821560,3419,61
22824917,3445,61
22825764,4296,146
22828045,9176,61
22828223,5294,9
22828300,5419,61
22829382,66,61
22830006,5646,146
22830062,58,146
22830121,781,1
22830284,2426,61
22830632,5293,15
22830945,674,1
22831596,1757,70
22833377,9300,70
22833481,19706,139
22833654,7428,61
22835586,7864,146
22835652,58,146
22835709,1866,9
22838331,61,43
22838394,60,43
22838458,65,43
22841017,6406,61
22842817,57410,70
22843384,6937,146
22843452,59,146
22843597,9235,11
22845246,949,146
22847361,7467,61
22847527,2701,1
22849557,7883,63
22850258,4372,146
22850323,81,146
22850476,102,1
22850595,25,100
22850808,139,1
22852476,106,1
22852838,21669,15
22852950,9701,1
22854565,4368,146
22854767,7191,61
22857296,4384,100
22857479,571,146
22857516,316,100
22858024,36,100
22858160,25,100
22858252,286,100
22858272,4026,146
22858288,1591,63
22859418,4480,146
22859621,483,100
22860407,32,100
22860501,526,100
22861415,281,100
22862007,9008,61
22862008,8027,61
22862296,2224,63
22862648,302,100
22863269,5408,100
22863319,8,100
22863447,2284,100
22863833,4588,146
22866902,8684,100
22868356,4309,146
22869977,6302,61
22871024,9112,61
22872601,4450,146
22876278,3459,61
22877041,4412,146
22879738,3460,61
22879812,59,61
22880082,9128,61
22881391,4459,146
22883258,3533,61
22885786,4402,146
22886732,3633,61
22886807,59,61
22889189,9082,61
22890126,4425,146
22890417,3516,61
22890465,8842,30
22893116,228,84
22893573,127,84
22893874,3458,61
22894487,5862,146
22895932,99,43
22897268,3196,61
22897333,61,61
22899737,9,172
22900540,1071,63
22900652,4,172
22900725,17,172
22900767,4,172
22900958,5,172
22901011,8,172
22901048,6,172
22901051,510,30
22901126,1502,172
22901473,24385,15
22901480,10823,146
22901569,11793,30
22901638,8553,15
22901685,687,30
22901737,5411,11
22902172,7968,1
22902780,1263,30
22902937,23,169
22903456,273,172
22903690,580,63
22903855,607,172
22904907,682,30
22905215,1189,172
22905430,988,63
22905801,1350,30
22905846,269,158
22906178,260,173
22906309,80,158
22906478,332,146
22906642,128,158
22906845,1305,146
22906977,401,173
22907327,349,30
22907686,336,158
22908000,1153,11
22908149,729,30
22908165,7699,146
22908297,375,173
22908314,594,173
22908866,2718,15
22908938,22,38
22909051,415,30
22909114,304,128
22909538,665,173
22909921,1264,128
22909947,381,30
22910107,9939,38
22910515,248,30
22910996,267,30
22911319,275,38
22911324,1078,128
22911434,279,30
22911909,272,30
22911945,5522,1
22911984,348,8
22912000,75,8
22912011,188,8
22912395,565,30
22912400,269,8
22912420,91,8
22912652,352,106
22912817,7396,58
22913028,443,106
22913051,21411,41
22913430,11417,1
22914060,68,139
22914564,100,139
22914845,150,139
22915158,196,139
22915402,5714,139
22915801,6489,146
22915876,189,63
22916738,4141,63
22916926,22,169
22917352,83,173
22917464,665,38
22917733,11878,70
22918718,298,30
22918960,5692,7
22918990,264,173
22919777,238,38
22921025,403,128
22921107,4940,61
22921487,4816,58
22921500,20419,38
22921511,346,38
22922013,118,173
22922249,346,139
22922254,5371,146
22922422,108,1
22922660,189,128
22922701,61,139
22923280,101,10
22923727,186,173
22923774,296,128
22924502,35,96
22924600,388,10
22924623,9467,63
22924652,76,1
22924731,100,43
22924763,300,173
22924819,136,139
22924836,88,43
22924929,58,43
22924991,63,43
22925058,386,43
22925227,12495,15
22925380,328,1
22925406,28,128
22925446,407,43
22925611,144,139
22925622,7236,1
22925705,130,173
22925733,309,10
22925749,6244,7
22925855,366,43
22926040,9406,61
22926047,1235,131
22926188,82,139
22926228,617,43
22926356,541,96
22926415,71,139
22926525,62,128
22926584,13514,15
22926617,63,139
22926631,37,128
22926868,245,139
22927032,1436,66
22927058,4667,7
22927283,341,128
22927583,4723,146
22927781,1158,11
22929312,713,139
22929670,76,128
22930087,983,139
22930980,72,173
22931171,554,128
22931334,8,173
22931351,8,173
22931379,268,10
22931712,10,173
22931782,8,173
22931961,7154,70
22931996,98,11
22932118,186,11
22932284,6866,146
22932530,6454,7
22932838,1762,26
22933289,17,169
22933654,19,169
22934246,148,173
22934406,461,169
22934739,176,128
22934870,86,173
22934878,11148,63
22935383,7315,61
22936339,82,173
22936410,74,173
22939086,4774,146
22939151,28,146
22939169,49,7
22939694,144,7
22940356,7072,70
22942652,3411,61
22942712,58,61
22943795,4264,146
22946050,3461,61
22946123,60,61
22947241,1476,1
22947259,13145,1
22947430,1446,70
22947446,7934,1
22947995,7328,146
22948322,9059,61
22949510,3516,61
22951768,8063,7
22952963,3620,61
22955286,6108,146
22956520,3457,61
22959914,3470,61
22961329,4369,146
22963319,3424,61
22965632,3815,146
22966725,3419,61
22970096,3393,61
22970143,107,7
22970359,128,7
22970789,49,7
22970968,130,7
22971432,46,7
22972065,55,7
22972239,196,7
22972726,273,7
22973397,257,7
22973488,134,7
22973529,3459,61
22974009,254,7
22974096,130,7
22974622,258,7
22974705,132,7
22975235,259,7
22975318,141,7
22975848,74,7
22975928,169,7
22976464,258,7
22976537,139,7
22976937,3477,61
22977077,257,7
22977145,135,7
22977691,63,7
22977754,131,7
22978303,61,7
22978364,129,7
22978862,9089,61
22978920,52,7
22978974,128,7
22979533,258,7
22979584,147,7
22980145,47,7
22980193,133,7
22980411,3773,61
22980757,50,7
22980806,133,7
22981386,46,7
22981424,139,7
22982012,258,7
22982039,144,7
22982448,148,43
22982621,76,43
22982625,288,7
22982648,314,7
22982700,52,43
22982754,58,43
22982815,253,43
22983070,235,43
22983237,66,7
22983308,342,43
22983621,15836,30
22983653,702,43
22983830,4063,15
22983850,1993,7
22983945,11386,1
22983981,9839,15
22984148,3752,61
22984252,1127,172
22984338,2918,1
22984497,2265,131
22984578,5835,7
22985750,21408,41
22986272,107,7
22986885,264,7
22987077,4610,15
22987903,5528,61
22988722,5748,165
22988732,385,30
22990671,11262,15
22991706,1093,66
22992365,920,7
22992656,37,31
22992691,73,173
22992701,127,31
22992857,85,31
22993003,59,31
22993122,53,31
22993240,64,173
22993367,5504,61
22993432,239,31
22993719,175,7
22993749,56,31
22994047,124,31
22994281,76,132
22994310,6246,15
22994366,3346,132
22994824,578,30
22994956,663,31
22995242,1152,146
22995811,876,30
22995814,23,31
22995814,23,31
22995837,22,31
22995837,22,31
22995914,266,38
22996167,63,31
22996229,9207,146
22996246,7073,70
22996292,659,38
22996370,945,31
22996924,1887,7
22997320,394,38
22997379,1429,146
22997721,170,172
22997973,470,38
22998106,252,31
22998249,2023,132
22998418,3238,31
22998848,3807,61
22998865,47,8
22998918,14757,146
22998924,88,7
22998966,45,8
22999116,2127,7
22999750,17,172
23000282,906,132
23000903,3922,22
23001319,8997,7
23001674,635,38
23002638,3841,61
23003319,909,38
23003337,162,8
23003349,7248,70
23003426,28,8
23003671,1577,8
23003680,538,8
23004217,7555,132
23004667,229,66
23005160,638,30
23005373,6395,71
23005425,6235,15
23005816,2328,30
23006415,4935,61
23009159,7658,1
23009614,10195,58
23010764,13715,70
23010842,302,19
23010848,116,128
23010852,779,7
23010948,76,8
23011131,205,43
23011287,5540,61
23011354,96,43
23011456,400,30
23011461,66,43
23011530,54,43
23011589,497,43
23011678,3653,15
23011845,2408,15
23012073,4413,19
23012415,53,31
23012514,50,31
23012564,110,31
23012674,79,31
23013012,772,127
23013265,160,30
23013554,112,128
23013578,201,30
23013781,68,31
23013886,128,30
23013978,151,71
23014100,187,30
23014374,23,31
23014478,40,31
23014579,40,31
23014612,650,172
23014619,70,31
23014689,89,31
23014778,67,31
23014788,971,158
23014876,67,31
23014943,60,31
23015123,42,31
23015201,30,31
23015201,69,15
23015229,1507,128
23015358,3839,7
23015580,57,31
23015735,68,31
23015803,59,31
23015880,59,31
23016061,28,31
23016100,62,31
23016281,59,31
23016666,422,100
23016737,53,31
23016790,34,31
23016799,816,8
23016804,529,8
23016815,389,8
23016818,4623,61
23016828,229,8
23016888,53,31
23016941,71,31
23017012,57,31
23017090,42,31
23017192,62,31
23017253,57,31
23017286,8036,1
23017358,1558,100
23017359,73,31
23017432,77,31
23017689,63,1
23018649,82,100
23018803,1491,128
23018992,1998,128
23020115,40,100
23020479,414,66
23020678,205,173
23021426,3521,61
23021845,16,176
23022019,55,176
23022766,192,173
23024882,3653,61
23025325,14,173
23025748,14,176
23025883,193,173
23025894,10,176
23026598,11131,70
23028266,13,176
23028322,19,9
23028407,5806,9
23028473,3419,61
23028678,11,176
23029079,597,8
23029114,449,8
23029392,13,176
23029494,70,8
23029637,110,8
23030708,12,176
23031894,3442,61
23032405,56,100
23032542,364,100
23033114,1230,8
23033121,551,8
23033349,11434,1
23033738,45,100
23034225,260,100
23035336,7579,61
23035411,37,61
23035868,24,7
23035875,207,100
23035926,3824,7
23036105,2033,100
23036263,1984,100
23036960,9113,61
23038444,8451,100
23038722,40985,100
23038880,5523,70
23039423,65,8
23040601,847,8
23041510,15943,30
23041884,60,8
23042292,562,8
23042947,7694,61
23046972,432,8
23047403,278,8
23047677,402,8
23050577,6287,61
23053295,6991,70
23056800,6304,61
23058301,16034,30
23058761,382,8
23059158,1206,8
23060387,562,8
23060922,847,8
23063039,6207,61
23063516,2675,7
23066078,564,8
23067170,2869,7
23068732,81,43
23068817,55,43
23068822,5248,15
23068876,61,43
23068940,87,43
23069029,316,43
23069235,7979,61
23069349,236,43
23069587,344,43
23069934,654,43
23070069,1575,7
23070081,70,7
23070081,1786,146
23070169,515,30
23070398,1060,172
23070806,6138,30
23071135,223,146
23071373,6411,146
23071460,61,146
23071678,2154,7
23072711,277,30
23073185,173,30
23073515,25,92
23073562,3177,6
23073770,38,92
23073926,2478,7
23074165,3082,128
23074273,3236,15
23074937,21,92
23074961,1220,172
23075074,787,30
23075144,14,92
23075760,20,92
23075868,25,92
23076028,23,92
23076518,3673,7
23076531,59,7
23076976,600,66
23077760,253,15
23077766,5191,146
23077892,650,1
23078647,263,15
23078791,23,92
23078918,89,128
23079112,360,1
23079265,56,128
23079432,952,9
23079454,86,15
23079644,2876,15
23079699,533,6
23079733,3434,1
23079831,1912,173
23079866,692,26
23079990,123,128
23080130,256,128
23080178,10759,26
23080623,765,7
23080721,673,128
23080725,516,30
23080979,2797,7
23081028,369,38
23082327,1591,38
23082404,1012,128
23082933,4947,146
23083473,7739,58
23084570,339,15
23084762,779,128
23084798,554,173
23084907,429,38
23084950,359,172
23085456,141,15
23085465,99,172
23085670,215,15
23085775,5079,7
23085934,427,15
23086187,221,128
23086246,264,1
23086350,626,38
23086376,63,15
23086440,959,15
23086855,505,173
23087147,164,15
23087152,483,66
23087190,201,128
23087559,1475,15
23087849,5063,146
23087881,99,66
23088741,201,15
23088776,579,173
23089282,21768,15
23089292,10761,15
23089370,131,15
23089810,330,38
23089856,414,1
23090212,443,172
23090366,332,173
23090494,623,38
23090552,420,75
23091226,6603,58
23091678,1450,8
23091685,405,8
23091823,147,128
23091924,36,8
23092411,32,8
23092654,488,158
23092695,185,128
23092832,34,8
23092880,4732,146
23093016,2887,7
23093414,288,158
23093610,219,128
23093907,77,8
23094085,111,8
23094289,180,8
23094476,568,8
23094485,284,8
23095475,18509,38
23095990,615,7
23096571,1423,8
23096607,128,8
23096687,501,128
23096760,121,66
23096789,2152,7
23097502,310,66
23097532,115,43
23097601,5754,146
23097659,64,43
23097708,6480,15
23097727,50,43
23097782,61,43
23097843,7503,58
23097850,365,43
23097854,44,8
23098088,1918,7
23098218,359,43
23098285,468,66
23098308,79,8
23098439,1418,8
23098454,620,8
23098580,249,43
23098834,295,43
23098916,3944,26
23099466,186,66
23099520,3205,7
23100024,21,92
23100088,30,8
23100129,6015,26
23100450,823,8
23100479,1723,7
23100682,10660,1
23101032,35,8
23101097,20,92
23101224,33,8
23101272,492,8
23101935,21,92
23102300,137,30
23102359,1815,173
23102821,383,7
23102832,331,7
23102859,600,26
23102907,27,7
23103324,4741,146
23103642,5966,7
23105616,3254,58
23105645,33,58
23106930,33,8
23106975,453,8
23107439,243,8
23107490,184,173
23108043,4479,146
23109906,16103,7
23110540,178,173
23111091,147,173
23111827,46,173
23112495,4443,146
23116905,4261,146
23121051,8984,61
23121133,4335,146
23123435,21428,41
23125443,4428,146
23126340,16114,7
23128016,15807,30
23129868,4369,146
23134207,4346,146
23138526,4428,146
23142790,6979,7
23142953,4431,146
23143539,20,92
23146291,56,92
23147359,5559,146
23159680,9,7
23164670,60,31
23165411,113,31
23165524,1438,31
23165583,1378,31
23165653,250,31
23165902,1059,31
23166312,120,31
23166432,124,31
23166555,153,31
23166708,166,31
23166873,140,31
23167166,84,31
23167286,1245,8
23167287,104,31
23167293,548,8
23167311,718,172
23167368,2219,7
23167407,144,31
23167418,1096,38
23167550,88,31
23167637,33,8
23167669,8237,146
23167670,114,31
23167820,126,31
23167968,131,31
23168063,569,172
23168109,101,31
23168235,61,173
23168237,115,31
23168385,114,31
23168695,634,172
23168792,98,31
23168899,979,38
23168928,91,31
23169054,96,31
23169066,896,8
23169080,20217,15
23169167,117,31
23169296,33,92
23169329,92,31
23169419,5220,7
23169459,98,31
23169463,134,30
23169589,114,31
23169609,144,173
23169736,97,31
23169866,81,31
23169980,96,31
23170025,9,92
23170046,647,172
23170130,6,92
23170175,81,31
23170272,84,31
23170389,78,31
23170391,188,173
23170462,5,92
23170500,80,31
23170614,80,31
23170727,81,31
23170842,83,31
23170930,349,19
23170941,95,31
23171005,308,19
23171068,75,31
23171140,80,162
23171180,73,31
23171300,2947,19
23171445,9,92
23171518,3,92
23171739,4118,177
23173344,478,26
23173484,458,127
23174088,267,173
23174239,411,38
23174254,8050,58
23174399,370,30
23174585,169,8
23174810,365,7
23175004,4574,19
23175168,159,8
23175173,113,8
23175300,8439,15
23175305,52,8
23175320,8482,22
23175407,4332,146
23175651,8034,7
23175969,1208,8
23175976,439,8
23176894,7,92
23177314,9,92
23177357,146,172
23177548,130,66
23177887,18,92
23178164,35,123
23178343,61,162
23178363,18,92
23178492,313,66
23178659,10,92
23178855,46,92
23179100,7,92
23179312,5,92
23179514,18,92
23179740,4250,146
23179746,6,92
23180105,20,92
23180439,3470,38
23180508,48,92
23181656,7908,58
23182271,8,92
23183931,57,43
23183991,440,162
23184219,505,30
23184250,69,43
23184293,1733,96
23184322,46,43
23184371,51,43
23184425,276,43
23184620,37,7
23184680,1015,7
23184705,285,43
23184707,37,8
23184873,33,8
23184881,4725,177
23184948,136,30
23184994,263,43
23185046,22,8
23185252,190,66
23185262,336,43
23185470,3906,172
23185509,32,8
23185676,10103,15
23185757,403,30
23185758,20,8
23185789,863,8
23186214,1128,7
23186436,2105,96
23186877,620,162
23186947,2738,19
23187204,1030,95
23187365,2303,7
23187424,1669,26
23188558,4499,96
23189010,121,156
23189064,740,162
23189115,900,95
23189601,1136,26
23189658,118,156
23189664,249,177
23189880,375,30
23189916,2010,7
23190371,146,95
23190950,7,92
23191025,5657,1
23191177,7322,146
23191378,176,66
23191401,30,92
23191407,3839,162
23191592,11,54
23191876,9,92
23191889,10,54
23191896,1196,173
23191940,5429,7
23192094,4411,58
23192400,93,66
23192743,11,173
23193071,11,173
23193386,9,173
23193391,96,173
23193612,58,173
23193655,5,173
23194055,50,173
23194166,464,173
23195479,190,173
23196166,33,8
23196393,33,8
23196460,32,8
23196519,3986,58
23196629,469,8
23197042,10615,1
23197118,396,8
23197317,33,8
23197537,170,8
23197550,33,173
23197558,606,22
23197570,21,173
23197821,285,173
23198479,6901,146
23198550,6292,22
23198584,35,8
23198778,1592,7
23200203,770,8
23200222,560,8
23200294,4118,96
23200398,7188,7
23200702,32,8
23200923,319,8
23201684,10084,15
23202646,175,8
23202788,578,8
23205349,6489,146
23205595,3285,15
23207921,21,92
23208025,6849,7
23208278,22,92
23208759,11,92
23209079,5,92
23209493,9030,61
23209865,6,92
23210091,4,92
23210426,7,92
23211807,5312,146
23214166,17213,30
23215253,13952,7
23217090,4208,146
23218344,6,176
23218871,11,176
23220351,14,176
23220485,10,176
23221278,4154,146
23221486,28,176
23221576,21,176
23222301,6,176
23222363,25,176
23222768,6,176
23222812,7,176
23222889,3,176
23223377,7,176
23223916,25,176
23224450,25,176
23224689,30,176
23224881,27,176
23225512,34,176
23225587,3,176
23225646,31,176
23226078,11,176
23226823,7,176
23226923,5,176
23227292,8,176
23227424,3652,176
23227517,5,176
23227649,6,176
23227927,7,176
23228490,13,176
23228653,31,176
23228703,28,176
23228753,31,176
23228808,31,176
23229327,12245,7
23229480,15,176
23229588,155,176
23229864,66,176
23229980,64,176
23237108,86,176
23237430,100,176
23238046,74,176
23238634,54,176
23240953,481,84
23241095,6,176
23241531,64,43
23241615,52,43
23241670,42,43
23241715,54,43
23241771,690,43
23241797,7074,7
23242168,44,176
23242463,254,43
23242719,289,43
23243011,278,43
23243378,45,176
23243872,9,92
23244307,47,176
23244656,2214,15
23244690,10191,15
23245341,54,176
23246677,84,176
23247260,7,92
23247451,79,176
23247501,1895,177
23248096,6,92
23248166,164,173
23248184,123,95
23248444,79,95
23248711,198,173
23248865,1228,8
23248879,63,8
23248936,296,95
23249012,53,92
23249064,3911,7
23249207,161,173
23249215,193,173
23249409,20,8
23249430,3434,177
23249499,185,173
23249793,6,64
23249885,218,173
23249993,158,1
23250274,1697,95
23250308,481,8
23250317,478,8
23250734,33,92
23251183,31,8
23251257,2306,1
23251267,469,8
23251273,370,8
23251345,179,176
23251515,1743,38
23251644,180,8
23251818,162,8
23251934,95,176
23252141,141,15
23252441,278,15
23252449,270,8
23252606,35,8
23252702,410,8
23252805,219,173
23252839,509,15
23253039,199,176
23253111,12,92
23253587,1211,95
23253661,14,7
23253705,6410,7
23253895,155,15
23254191,2040,15
23254268,913,38
23254764,5280,8
23254781,1790,8
23255200,2454,162
23255530,4584,177
23255924,4074,1
23256053,271,15
23256239,7,15
23256475,21,8
23256491,3752,15
23257135,18021,15
23258161,3203,146
23258202,6373,146
23258618,7658,58
23259952,17,176
23260734,33,8
23260805,10,7
23260907,1451,7
23261033,191,43
23261507,118,54
23261810,451,30
23261905,103,54
23261922,221,1
23262082,616,38
23262199,539,15
23262250,2383,15
23262345,84,8
23262348,12760,8
23262370,201,54
23262444,69,8
23262522,68,8
23262599,18938,38
23262637,2199,7
23262801,221,54
23263182,3987,1
23263349,223,54
23263441,20361,38
23263594,125,54
23263882,202,54
23264033,6119,177
23264393,155,54
23264493,410,30
23264660,2915,15
23264698,3670,15
23265718,69,128
23265974,5384,19
23266101,1484,7
23266237,693,128
23266623,109,127
23266655,91,172
23266945,8516,146
23267127,128,54
23267144,9771,70
23267199,16,15
23267284,975,44
23267417,111,92
23267452,372,127
23267472,147,54
23267513,625,15
23267637,703,128
23267836,64,92
23267857,240,7
23268124,2280,7
23268267,6702,58
23268600,1033,44
23268630,24,30
23268877,198,54
23268889,5023,64
23268898,3239,162
23269297,201,54
23269522,8943,30
23269996,352,30
23270038,83,172
23270061,221,173
23270127,48,172
23270188,34,172
23270324,2739,177
23270331,90,43
23270605,18,172
23270660,2716,7
23270725,332,44
23270901,245,30
23271529,154,43
23272038,194,43
23272127,23072,100
23272132,409,30
23272372,955,15
23272439,2359,128
23272633,5068,100
23272881,718,30
23272907,42,162
23273033,339,162
23273483,1617,7
23273889,811,30
23273926,2865,64
23274453,8624,11
23274492,421,162
23274493,22,8
23274507,25,162
23274640,365,158
23275065,4405,19
23275088,2827,8
23275095,1976,8
23275113,2066,8
23275126,2654,58
23275135,1912,7
23275210,67,128
23275288,810,162
23275437,8618,146
23276418,521,162
23276941,6935,70
23277176,661,127
23277630,188,128
23277923,6478,8
23277946,2080,127
23278188,44,100
23278277,4910,58
23278895,12353,8
23279968,1836,7
23280097,33,8
23280219,15,173
23280334,9,173
23280345,31,8
23280379,3987,100
23280455,13,173
23280631,11,173
23280735,11,173
23280872,12,173
23280961,12442,8
23281183,13,173
23281488,14,173
23281987,1715,7
23282202,14,173
23282938,10319,15
23284001,1770,7
23284033,6612,146
23286021,1860,7
23287221,305,176
23287922,6969,70
23288036,1821,7
23290050,1736,7
23290616,7881,146
23291937,32,100
23292063,2331,7
23292598,2694,100
23293095,34,8
23293310,2758,8
23293325,2654,8
23293751,9026,61
23294478,2610,7
23294479,32,8
23294894,6996,70
23294995,3472,1
23296002,6139,8
23296017,48,100
23296623,1814,100
23297290,1725,7
23298473,6440,146
23298520,31,100
23299262,47,176
23299305,1803,7
23299537,1214,100
23299718,84,176
23300627,39,176
23300851,52,100
23300918,22,176
23301129,1484,100
23301283,17,176
23301322,1811,7
23301489,26,176
23301890,7170,70
23301977,33,8
23302179,27,176
23302192,5774,8
23302686,101,100
23302812,45,100
23303159,1898,100
23303339,1621,7
23303431,26,176
23303918,22,176
23303964,32,176
23304909,7809,146
23305193,50,100
23305409,1842,7
23305493,25,176
23307076,330,176
23307448,9920,100
23307506,3031,7
23307957,5974,8
23309048,7043,70
23310564,754,30
23310670,422,176
23310734,2987,7
23312199,133,176
23312686,7681,146
23313701,23,8
23313948,6013,8
23313959,2955,7
23313983,34,176
23315109,40,176
23316115,81,176
23316128,7108,70
23316819,407,176
23317634,1745,7
23319688,1641,7
23319938,6237,8
23320368,7914,146
23321712,2461,7
23321728,9053,61
23321729,33,7
23322971,6036,8
23322991,2516,8
23323235,6170,70
23323543,59,176
23323598,37,176
23323932,28,176
23324202,47,8
23324510,39,8
23324547,2196,7
23325503,32,176
23326029,36,176
23326634,50,176
23326984,1529,7
23327057,1284,176
23327218,42,176
23327351,55,176
23327930,71,43
23328032,73,43
23328109,74,43
23328186,57,43
23328612,1055,7
23329832,134,7
23330252,144,7
23330668,137,7
23331083,135,7
23331500,135,7
23331927,141,7
23332218,4773,8
23332359,134,7
23332782,137,7
23333204,138,7
23333616,135,7
23334028,135,7
23334439,134,7
23334851,134,7
23336126,210,173
23336705,86,7
23336784,9684,15
23336822,9821,15
23336999,5857,8
23337293,90,7
23337401,279,173
23337513,84,7
23337746,681,7
23341693,44,173
23342803,281,173
23342861,1348,8
23344014,357,173
23345427,965,7
23346509,10214,15
23347105,4956,58
23347533,186,8
23347662,57,8
23347785,6063,15
23348048,83,8
23348054,561,8
23348059,56,8
23348109,184,8
23349160,9941,8
23349164,3619,8
23349166,13006,8
23352075,4952,58
23353882,598,7
23354535,7842,7
23356332,10341,15
23356730,75,43
23356809,58,43
23356869,65,43
23357258,4406,58
23359839,19593,38
23362454,99,7
23362599,977,7
23363567,22666,70
23363724,3760,7
23367750,3758,7
23369777,926,8
23371775,3773,7
23376118,3763,100
23378318,9568,146
23378836,5288,146
23378873,33,8
23378904,33,8
23379451,556,8
23379462,72,8
23379512,610,8
23379554,20686,15
23380111,3978,8
23380115,168,8
23380118,310,8
23380185,9045,61
23380714,494,8
23380738,32,8
23381660,47,8
23381681,269,8
23381781,32,8
23382010,398,8
23382600,166,8
23382768,104,8
23382994,118,8
23383468,32,8
23384130,579,8
23384138,280,8
23386243,11287,70
23387862,6874,146
23389230,9058,61
23391312,5637,7
23394710,6851,146
23397344,6516,7
23398285,9046,61
23398311,61,30
23398336,10658,15
23401541,6538,146
23404217,6381,7
23408065,6934,146
23408679,10440,15
23408775,51,15
23410718,6285,7
23414331,64,43
23414424,69,43
23414496,43,43
23414970,6543,146
23417223,5335,7
23418174,7507,70
23419338,10464,15
23421489,4908,146
23422843,5319,7
23425859,8,173
23426359,5302,146
23426853,7,173
23427615,273,8
23428159,47,8
23428245,97,8
23428265,33,8
23428350,93,8
23428470,314,7
23428780,1489,8
23428879,6299,7
23429097,10,173
23429270,10,173
23429369,32,8
23430244,12204,8
23430249,2047,8
23430733,530,78
23430965,4347,58
23431338,1250,78
23431652,5789,146
23432302,12236,8
23432728,913,78
23433862,4250,78
23434586,137,23
23434702,5312,23
23435245,33,70
23435308,7576,7
23435348,4631,58
23435489,36,70
23435734,31,70
23435748,38,70
23436786,34,70
23437291,10335,15
23437439,5933,146
23438751,3438,146
23440039,10,23
23440113,7,23
23440138,8,23
23440182,13557,23
23440215,4584,58
23442877,9571,70
23442939,6270,7
23443131,77,43
23443212,70,43
23443285,53,43
23443354,6846,146
23444814,4017,58
23448881,2334,58
23449362,6365,7
23450174,6785,146
23450551,22,38
23452457,7198,70
23455785,654,7
23456529,3626,61
23456602,7981,7
23456936,8349,146
23457540,10029,61
23457561,34,38
23459652,7489,70
23459881,31,8
23459908,2807,8
23459960,20505,15
23460146,9498,61
23461679,8566,15
23462690,7615,8
23464636,6269,7
23465262,7011,146
23466416,1499,1
23467147,7439,70
23469614,4000,61
23470275,1148,8
23471068,6307,7
23472239,6848,146
23473590,3641,61
23474588,7351,70
23474751,33,8
23474864,33,8
23475715,12966,8
23477201,3459,61
23477500,6451,7
23479052,6481,146
23480686,3378,61
23480706,21,61
23480710,10858,15
23483090,7319,70
23484067,3549,61
23484349,6540,7
23485513,6709,146
23487590,3456,61
23490412,7351,70
23491025,3453,61
23491203,6443,7
23492194,6833,146
23494466,3392,61
23497766,16831,70
23497832,3737,61
23498041,8104,7
23498998,8416,146
23500732,24,43
23500794,321,43
23501117,732,43
23501441,9924,61
23501548,3747,61
23501851,4499,15
23501858,149,43
23502011,76,43
23502013,29,43
23502042,47,43
23502107,65,43
23502172,34,43
23502983,32,8
23503250,2784,8
23503290,10132,15
23505303,3504,61
23505994,5993,8
23506040,681,177
23506482,4122,7
23506747,2778,177
23506889,7768,64
23507379,6328,146
23508772,4027,61
23509209,736,30
23509285,13,7
23509558,120,137
23509719,38,137
23509795,54,137
23509886,816,137
23510507,376,172
23510513,233,128
23510644,3863,7
23511080,165,30
23511537,173,128
23511985,2266,8
23512307,1488,128
23512316,863,44
23512782,4063,61
23513090,111,38
23513260,3770,177
23513373,333,172
23513379,2098,38
23513542,52,78
23513691,4714,146
23513708,52,146
23513770,294,78
23514152,289,8
23514159,361,44
23514235,191,78
23514400,5444,30
23514547,301,78
23514598,8220,70
23514658,6256,8
23514685,955,7
23514741,256,44
23514850,998,128
23515023,135,78
23515201,4247,8
23515471,127,44
23515476,556,30
23515624,6640,26
23515900,109,7
23516032,52,44
23516092,94,44
23516334,1125,80
23516640,36,8
23516765,150,44
23516839,4756,61
23516845,12217,8
23516938,584,30
23517132,53,173
23517206,359,173
23517513,1570,7
23517598,669,78
23518200,1315,128
23518381,4655,146
23518669,831,78
23519125,752,177
23519196,367,173
23519528,1708,7
23519707,253,78
23519821,458,30
23520114,322,78
23520664,50,30
23520890,83,80
23520900,384,78
23521134,167,30
23521466,753,78
23521563,5894,61
23521951,207,178
23521957,359,173
23522104,1417,80
23522278,442,30
23522348,4900,7
23522364,4883,58
23522566,471,78
23523014,2164,146
23523120,860,8
23523169,333,78
23523267,396,30
23523589,154,80
23523618,609,78
23524261,233,173
23524503,347,78
23524560,81,44
23524591,21,83
23524778,270,178
23525077,709,8
23525147,209,178
23525157,20,83
23525203,2046,26
23525235,2137,78
23525268,475,173
23525311,62,30
23525626,19,83
23527041,8515,58
23527318,1808,7
23527398,3760,96
23527538,10585,15
23527663,23,8
23527672,266,30
23527748,6167,26
23528069,142,30
23528119,127,95
23528209,12190,8
23528354,16,8
23528365,1499,8
23528487,5009,128
23528746,597,169
23528850,85,95
23529190,78,95
23529288,16,169
23529301,92,95
23529414,244,10
23529527,23,169
23529533,87,43
23529602,457,30
23529625,71,43
23529674,190,173
23529686,81,83
23529704,76,43
23529708,211,95
23529783,51,43
23529817,1154,177
23529841,471,43
23529863,1615,8
23530002,16,169
23530037,558,78
23530064,21,8
23530152,2913,7
23530244,247,10
23530430,230,95
23530558,88,80
23530604,45,83
23530726,2035,95
23530763,250,30
23531209,191,10
23531416,198,78
23531466,309,43
23531472,13,8
23531478,940,8
23531711,1123,80
23531779,582,43
23531787,266,78
23531857,10,83
23531869,456,10
23532142,284,78
23532197,4159,177
23532362,25,8
23532364,380,43
23532447,1332,8
23532820,218,10
23532875,110,78
23533503,13,83
23533537,3783,80
23533684,1129,95
23533729,912,8
23534207,13,83
23534692,13,83
23534907,493,23
23535046,9,83
23535348,1287,95
23535543,107,8
23535650,308,173
23535786,470,173
23535828,59,8
23535839,170,8
23535873,17,83
23536044,179,8
23536204,43,8
23536263,85,8
23536355,2143,8
23536365,1216,8
23536593,3971,58
23537343,8,83
23537597,171,23
23538278,142,10
23538789,41,169
23539363,148,10
23540479,477,173
23540570,186,10
23540575,14,83
23540687,3522,61
23541291,15,173
23541551,8,83
23541714,282,173
23542497,10,83
23542652,136,173
23543279,137,173
23543845,136,173
23544150,3574,61
23544652,292,78
23545123,676,78
23546096,133,78
23547726,5560,61
23548253,1125,95
23548409,102710,80
23551609,60,80
23551670,940,146
23551860,1749,146
23553093,1453,146
23553319,12959,61
23553372,11443,70
23553630,5300,146
23554385,3053,61
23555249,2881,8
23555388,70,96
23555460,3112,96
23555520,346,96
23556326,294,54
23556782,42,54
23556964,47,80
23557389,293,54
23557753,92,80
23557964,121,8
23558099,12290,8
23558117,7542,8
23558526,476,80
23558624,4473,96
23558670,2931,54
23563233,539,54
23564103,1958,96
23564201,197,54
23564365,127,54
23564805,239,54
23564815,6448,70
23565288,95,54
23565515,162,54
23565626,2002,8
23565839,170,54
23566242,10137,61
23566427,93,54
23566631,316,54
23567442,1307,8
23567701,32,8
23568664,12326,8
23568683,6344,8
23571266,7379,70
23575030,1550,8
23576275,61,8
23576345,8480,61
23576908,59,8
23579703,21,8
23579732,1404,8
23579932,62,8
23580529,59,8
23581043,12343,8
23581071,6166,8
23582406,483,146
23582911,4119,146
23584758,8372,61
23586965,4332,146
23587132,66,43
23587259,60,43
23587299,1755,8
23587322,58,43
23587388,52,43
23587444,239,43
23587685,264,43
23587952,435,43
23588391,281,43
23591232,1622,146
23591698,1861,62
23591721,92,154
23592032,15287,154
23592096,1841,8
23592855,4059,146
23593084,3555,61
23593131,564,79
23593854,12362,8
23593871,5954,8
23595550,200,173
23596378,447,173
23596574,4829,61
23596694,56,62
23596717,272,173
23596752,60,173
23596848,4586,146
23596939,2194,62
23597262,353,173
23598691,537,173
23599687,479,173
23599770,2033,8
23599833,35,79
23600471,935,61
23600684,9517,38
23600858,10450,38
23600867,10426,38
23601060,372,62
23601140,322,173
23601209,12856,58
23601385,3602,61
23601406,5619,146
23601477,31,146
23601507,6342,62
23602013,2974,177
23602266,48,79
23602550,70,79
23602827,312,79
23604934,4419,61
23605369,402,10
23606399,433,10
23606897,1254,173
23607056,4365,146
23607285,341,10
23607907,47,62
23607932,328,10
23608222,22,62
23608430,63,62
23609035,9457,62
23609291,3631,61
23609381,9569,70
23611779,1503,8
23612045,30,8
23612638,6001,146
23612858,3838,61
23613204,12417,8
23613219,6860,8
23615931,88,43
23616022,64,43
23616088,101,43
23616193,70,43
23616267,698,43
23616505,6284,58
23616631,3890,61
23616967,246,43
23617216,797,43
23618015,381,43
23618578,7688,146
23620140,1579,8
23620502,7549,61
23620677,44,173
23621258,71,62
23621483,42,173
23621879,6940,70
23623269,1226,173
23624175,1607,8
23624974,59,8
23625285,1117,54
23625702,12574,8
23625718,6042,8
23626220,3820,146
23627984,3650,61
23628053,59,61
23629974,3944,146
23630401,6978,70
23631566,7362,61
23631761,3419,8
23635637,6095,7
23636157,13103,62
23636566,2293,8
23638767,12498,8
23638808,7638,8
23638865,12771,61
23639865,8918,146
23642082,7266,7
23642126,2137,80
23644463,1457,80
23646077,205,80
23646409,198,80
23646435,1364,8
23646628,131,80
23646785,5463,80
23647809,9647,70
23648717,7658,146
23648786,59,8
23649170,2346,8
23649520,2081,7
23651142,12510,8
23651162,951,8
23651346,14,19
23651626,9387,61
23651696,58,61
23651958,678,7
23652582,651,8
23652595,29807,80
23652775,6352,7
23652850,56,8
23653219,6317,8
23656315,4832,146
23659101,7186,70
23659220,6618,7
23659474,2267,8
23660949,6260,61
23661082,6414,146
23666069,7772,7
23666312,7174,70
23667205,6316,61
23667432,7762,146
23671149,60,8
23671533,2842,8
23673515,10056,61
23673531,80,43
23673673,106,43
23673781,59,43
23673863,54,43
23673922,262,43
23674187,348,43
23674275,12554,8
23674307,6816,8
23674537,810,43
23674985,3216,30
23675130,5364,146
23675350,390,43
23675758,7071,70
23676189,75,30
23676819,485,30
23677704,16146,30
23677792,64,62
23677861,419,30
23678900,205,30
23679198,98,44
23679284,3771,7
23680230,87,44
23680450,8063,146
23680602,7978,95
23681128,638,8
23681345,20,137
23681354,107,44
23681421,153,169
23681570,375,137
23681961,92,44
23682627,173,44
23682830,15864,70
23682986,4507,165
23683044,583,1
23683107,15,62
23683218,1902,62
23683308,4096,7
23683384,85,44
23683505,4652,61
23683828,807,78
23684012,552,80
23684077,3022,8
23684396,615,177
23684577,277,169
23684615,7493,80
23684786,428,30
23684807,172,66
23684946,56,98
23684955,10171,38
23684983,24,173
23685030,16,137
23685087,4553,165
23685119,949,137
23685192,2040,78
23685941,417,98
23686372,384,169
23686379,955,137
23686620,1579,61
23687018,11875,8
23687036,4980,8
23687195,9101,38
23687539,872,78
23687755,5989,7
23688084,856,30
23688133,6520,61
23688504,5477,146
23688509,25,10
23688539,464,78
23688580,110,169
23688597,7154,165
23688656,1071,1
23688661,7553,58
23688704,20,10
23688753,97,95
23688854,202,66
23688894,35,10
23689055,14,10
23689229,23,10
23689497,157,78
23689577,318,44
23689590,47,10
23689693,731,19
23689751,709,95
23689759,6468,62
23689806,1894,78
23690676,5596,95
23691263,4493,165
23691558,1536,172
23692043,248,8
23692047,218,8
23692301,213,80
23692529,2135,80
23692757,14,10
23692972,22,10
23693113,11,10
23693373,10,10
23693666,215,172
23693728,280,177
23693795,180,7
23693923,925,171
23693978,8428,146
23694046,4191,177
23694352,938,7
23694613,12470,61
23694704,7294,80
23695080,246,172
23695182,10,23
23695225,13,10
23695263,20,173
23695340,89,23
23695405,8052,7
23695425,3461,23
23695490,10,10
23695745,12,10
23695846,9,10
23695881,7,10
23695940,2286,10
23696334,146,62
23696370,573,98
23696574,6808,8
23696606,2748,8
23696686,10341,15
23696969,210,173
23697511,216,178
23697535,13581,36
23697615,607,165
23697731,60,8
23697866,6188,62
23697982,535,98
23698351,1496,9
23698425,10,9
23698453,3936,165
23698464,302,178
23698523,30,9
23698552,1298,10
23698886,35548,23
23698957,4139,165
23699035,129,95
23699321,150,95
23699335,11288,70
23699376,20481,38
23699384,465,8
23699400,7054,8
23699583,484,95
23699687,832,44
23700014,625,178
23700143,1459,137
23700160,1659,177
23700185,4173,64
23701103,4003,44
23701195,665,44
23701569,455,98
23701598,39,21
23701706,549,172
23701712,391,172
23701828,174,21
23702073,1022,137
23702205,4050,21
23702331,89,43
23702383,5720,146
23702778,862,95
23702822,352,21
23702996,593,66
23703267,8904,174
23703275,16,169
23703436,751,21
23703446,23,169
23703636,7798,7
23703732,5356,58
23703846,25,171
23703989,113,169
23704022,1024,171
23704149,27,171
23704154,128,66
23704324,598,173
23704351,14,98
23704486,223,21
23704580,127,169
23705110,85,169
23705130,3692,15
23705294,71,10
23705450,15,10
23705776,42,171
23705781,116,9
23705876,7738,80
23705927,329,173
23705933,209,9
23706341,4710,9
23706348,42,171
23706358,685,95
23706372,20,171
23706628,49,171
23706711,227,66
23706984,57,173
23707051,9819,61
23707084,228,78
23707377,46,171
23707409,15,78
23707446,405,78
23707636,58,173
23707981,7174,146
23708129,619,78
23708136,86,173
23708757,222,66
23708899,821,78
23708926,263,172
23709163,5989,95
23709271,212,172
23709306,159,66
23709833,210,78
23710004,1276,171
23710231,166,66
23710341,808,78
23710452,111,173
23710613,427,173
23711133,2337,80
23711241,476,78
23711451,3743,7
23711697,352,173
23712142,355,173
23712291,284,78
23712439,517,174
23712630,550,173
23712942,508,78
23713331,9085,174
23713501,418,78
23713511,9674,80
23713534,351,171
23713603,9,173
23713716,6,173
23713854,7,173
23714014,1058,171
23714037,5,173
23714039,22,171
23714151,13,173
23714282,11,173
23714417,11,173
23714592,11,173
23714804,11,173
23715060,17,173
23715118,6648,146
23715195,12,173
23715285,6784,7
23715889,874,171
23715899,415,173
23716034,231,173
23716811,8188,61
23716883,59,61
23721704,4532,146
23723421,21745,15
23724348,88,62
23724544,8723,61
23724996,10830,61
23725616,37143,80
23725642,485,62
23725672,2688,9
23725814,11761,62
23726173,5864,146
23729989,5280,9
23731974,5748,146
23735761,9129,61
23735874,6941,70
23737572,9174,62
23737657,4270,146
23741861,4423,146
23742840,91,9
23743934,10536,15
23744039,10,9
23744190,11326,9
23744892,9117,61
23746217,4384,146
23746745,8459,62
23750539,4345,146
23753947,6503,61
23754818,4181,146
23755205,6726,62
23758431,2759,36
23758959,22227,110
23758982,3759,146
23759932,100,43
23761229,415,95
23761626,157,62
23761651,6907,61
23762146,469,95
23764964,16185,30
23764968,4010,98
23767076,89,21
23772135,7444,9
23772196,182,171
23772227,10818,15
23772304,1185,177
23772563,10193,38
23772668,50,169
23772739,1473,64
23772755,31,169
23772848,495,98
23773059,633,44
23773127,567,127
23773350,1973,128
23773503,350,173
23773525,414,171
23773748,3894,127
23773784,1231,174
23774001,45,127
23774045,605,44
23774111,272,98
23774341,8181,36
23774459,440,76
23774666,2907,38
23774800,8303,7
23774870,267,44
23775319,200,171
23775384,242,98
23775710,3943,174
23775955,440,78
23775972,173,66
23776285,133,178
23776426,8202,80
23776718,156,66
23776774,135,178
23776929,3951,128
23776997,444,178
23777471,686,171
23777507,7285,134
23777510,72,171
23777796,120,169
23777830,205,66
23777841,96,15
23778020,168,15
23778242,101,146
23778498,410,15
23778950,7903,62
23779031,408,15
23779076,56,7
23779111,7870,61
23779411,831,171
23779484,141,7
23779513,9551,80
23779542,175,8
23779664,77,146
23779738,7625,146
23779747,92,7
23779831,46,146
23780156,2362,95
23780221,25,173
23780371,2131,15
23780493,531,7
23780616,1591,171
23780850,138,173
23780963,627,95
23781677,5207,174
23782832,6321,36
23783082,1438,26
23783133,1977,15
23783253,364,44
23783259,5577,7
23783401,446,131
23783485,135,173
23783729,11365,36
23783953,51,64
23784051,266,21
23784097,953,64
23784215,577,173
23784360,332,21
23784473,218,84
23784909,1450,171
23784927,16,77
23784963,239,21
23785011,2706,26
23785117,121,173
23785192,1942,64
23785206,412,44
23785288,62,169
23785443,525,21
23785545,1065,15
23785663,8211,15
23785674,204,44
23785945,7893,177
23786133,284,44
23786182,397,21
23786593,5080,38
23786698,769,134
23786730,751,78
23786846,3920,62
23786878,4359,21
23786958,5008,61
23787023,70,62
23787122,235,15
23787138,97,44
23787146,136,64
23787199,12,64
23787440,5863,64
23787499,325,134
23787513,1418,171
23787534,155,64
23787596,237,78
23787629,121,44
23787669,461,15
23787759,895,98
23787765,1282,9
23787963,656,173
23787996,618,78
23788206,50,169
23788344,49,44
23788412,77,169
23788538,14,169
23788694,55,169
23788730,79,43
23788814,69,43
23788864,41,44
23788873,547,78
23788900,269,7
23788911,59,43
23788932,20,169
23788961,757,169
23788974,88,43
23789064,460,43
23789164,8532,146
23789308,335,7
23789396,107,10
23789411,211,44
23789587,331,78
23789593,65,10
23789619,291,43
23789719,624,15
23789727,3283,7
23789807,19,169
23789847,125,169
23789943,505,43
23789946,340,78
23790016,4271,44
23790058,342,98
23790072,14,169
23790231,27,169
23790355,2127,171
23790452,633,43
23790639,12,172
23790694,195,78
23790747,7700,58
23790821,56,172
23790878,66,98
23791051,1285,80
23791101,92,66
23791597,9,172
23791676,9914,70
23791775,228,30
23791801,459,98
23791943,5388,61
23792512,123,173
23792546,170,30
23792589,123,172
23792738,59,66
23793203,456,172
23793314,1405,64
23793379,103,173
23793417,66,173
23793696,103,66
23793703,593,98
23794322,872,80
23794396,61,8
23794654,60,173
23794727,1014,128
23794817,78,173
23795082,4581,22
23795092,10539,15
23795125,539,10
23795228,658,80
23795233,431,8
23795704,527,134
23795868,584,173
23795913,279,80
23795925,1228,128
23796063,830,98
23796121,281,8
23796203,3461,22
23796342,365,21
23796389,441,80
23796918,83,21
23796973,5804,7
23796993,154,134
23797107,4066,64
23797183,357,134
23797214,23,123
23797256,3748,80
23797261,95,21
23797322,4424,61
23797486,56,8
23797542,59,8
23797610,99,21
23797686,2801,134
23797701,7729,146
23799354,210,21
23799777,114,21
23800145,67,21
23800268,211,21
23801010,84,173
23801183,32,80
23801566,31,80
23801680,112,173
23801686,3519,61
23801961,71,80
23802500,25,80
23802505,81,8
23802613,1177,8
23802843,72,173
23803046,6975,7
23803155,98,173
23803421,410,98
23803573,101,173
23803737,243,173
23804425,149,98
23805157,3478,61
23805420,8966,146
23805430,146,98
23805913,20753,15
23806088,538,98
23806122,2615,40
23806130,3023,40
23807004,255,98
23807517,158,98
23807955,199,98
23808572,3871,61
23808635,82,80
23808743,15498,146
23808891,7450,70
23809828,8,80
23810021,4,80
23810196,5,80
23810278,9778,7
23810295,726,8
23810983,536,8
23810992,11503,8
23810993,30,40
23812434,3685,61
23812562,7712,61
23812667,7808,40
23815643,7810,40
23815650,3396,40
23816050,3744,61
23816657,11293,146
23818622,31,40
23818632,6077,62
23819044,3658,40
23819732,6358,61
23820344,7303,7
23820878,65,40
23822749,3563,40
23824677,6057,62
23826027,6178,61
23827896,7948,146
23828040,8358,7
23829225,236,9
23829696,4478,9
23830761,6164,62
23832199,6189,61
23833783,7352,70
23835838,6695,146
23836504,6540,7
23836923,6126,62
23838385,6250,61
23842471,6204,146
23843044,6286,62
23843342,780,7
23843829,16695,30
23844353,2539,7
23844365,29,7
23844575,5929,61
23846331,59,43
23846464,98,43
23846565,59,43
23846626,51,43
23846679,275,43
23846957,353,43
23846982,369,7
23847104,3769,7
23847314,439,43
23847756,252,43
23848411,344,172
23848610,7351,146
23849329,3804,62
23849384,7,15
23849521,7144,30
23849595,202,15
23849819,1561,30
23850130,252,98
23850274,1238,106
23850439,3660,61
23850896,4111,7
23851251,6395,22
23851773,14290,154
23852269,879,64
23852649,7328,70
23852764,71,92
23853122,5580,62
23853352,15,169
23853890,236,98
23853912,67,172
23853965,2912,134
23853994,21,169
23854033,6274,61
23854105,13,169
23854140,8,98
23854180,85,172
23854185,1586,8
23854198,1297,8
23854332,11,169
23854352,79,10
23854722,41,21
23854819,54,8
23854944,61,21
23854993,37,8
23855059,2081,7
23855073,279,173
23855096,58,173
23855203,27,21
23855348,1187,146
23855410,133,21
23855604,61,8
23855752,3523,8
23855817,15,10
23856240,189,172
23856399,3307,9
23856468,447,173
23856488,487,21
23856598,7185,146
23856722,331,15
23856752,35,169
23856817,25,169
23856885,207,66
23856904,4062,134
23856918,28250,41
23856929,894,146
23856993,226,21
23857054,47,169
23857122,19,10
23857128,4683,177
23857240,716,172
23857264,389,36
23857311,1199,169
23857340,10,36
23857365,427,21
23857409,564,173
23857487,4094,7
23857957,4766,80
23858230,419,172
23858703,7163,62
23858736,21,169
23858842,435,79
23858892,179,44
23858900,38,169
23858925,163,98
23859178,249,15
23859488,180,98
23859689,20,169
23859799,17,169
23859834,17,169
23859899,898,21
23859971,196,98
23859979,7250,70
23860041,403,172
23860250,4135,61
23860422,488,173
23860446,31,173
23860446,31,8
23860617,45,169
23860713,89,8
23860718,7090,58
23860912,59,8
23861119,35,169
23861295,5053,9
23861388,39,169
23861393,28,56
23861398,78,21
23861407,309,127
23861516,366,127
23861611,30,169
23861667,382,21
23861761,13487,36
23861812,280,172
23861892,276,173
23861921,6067,7
23861988,30,169
23862072,10061,38
23862164,20330,38
23862308,32,169
23862730,232,172
23862832,5732,146
23862852,2623,80
23862968,524,172
23863005,366,98
23863310,771,172
23863320,53,169
23863562,29,169
23863784,41,169
23863908,140,98
23863968,24,169
23864024,940,134
23864103,67,169
23864356,7543,61
23864406,36,98
23864621,32,80
23864643,210,15
23864847,3416,80
23865491,2762,80
23865821,632,66
23865865,6809,62
23866020,325,15
23866737,1369,15
23866803,41,62
23867288,2580,172
23867308,11087,177
23867737,70,56
23867958,2523,58
23867978,29,148
23868029,73,56
23868158,2185,15
23868465,763,80
23868492,718,80
23868754,712,98
23868921,7240,70
23869091,4799,7
23869214,150,21
23869228,43,80
23869352,46,56
23869455,5961,80
23869476,5913,80
23869560,4,21
23869598,815,21
23869736,114,56
23869782,21,148
23869909,158,98
23870581,47,10
23870586,298,98
23870688,46,171
23870735,24,171
23870740,132,179
23870785,904,171
23871032,4019,21
23871042,1133,21
23871092,3191,9
23871144,90,56
23871150,309,172
23871335,59,179
23871360,3726,64
23871438,107,179
23871540,94,56
23871563,210,172
23871821,92,172
23871839,5528,61
23871916,95,98
23872032,185,98
23872234,51,169
23872669,7165,62
23872769,526,169
23873416,52,40
23873480,2273,40
23873833,576,173
23873841,2300,21
23873934,172,38
23874043,23,38
23874089,74,127
23874157,47,7
23874169,120,66
23874418,677,173
23874462,76,173
23875077,11,95
23875131,71,43
23875160,24,40
23875183,1295,169
23875206,103,43
23875312,63,43
23875333,12281,8
23875336,12541,8
23875379,66,43
23875449,364,43
23875487,13,179
23875627,3627,80
23875694,3559,80
23875710,7734,40
23875723,5249,40
23875817,301,43
23875881,4101,64
23876054,125,98
23876123,663,43
23876176,44,7
23876359,5535,7
23876792,464,43
23876936,3584,21
23877062,83,47
23877132,614,173
23877196,11,47
23877216,6524,47
23877302,9169,61
23877749,850,134
23877954,145,127
23877962,9610,146
23878146,197,9
23878799,1079,131
23878924,794,134
23879045,767,98
23879436,4461,80
23879464,4405,80
23879830,3994,62
23880288,15,98
23880315,147,98
23880355,9506,47
23880493,9,98
23880596,2055,9
23880774,14,21
23880795,261,21
23880971,2331,40
23881007,2775,64
23881150,646,66
23881312,285,21
23881407,62,40
23881876,2490,40
23881883,357,21
23882221,618,7
23882594,3969,21
23882691,85,169
23882866,30,40
23883029,8281,7
23883113,2844,26
23883453,42,10
23883632,130,66
23883818,6669,62
23883935,131724,80
23884355,7848,40
23884372,4817,40
23884463,11361,36
23886225,6926,70
23886404,13110,61
23887524,7782,146
23887798,413,173
23889172,2234,40
23889454,48,40
23889634,1844,40
23889676,20519,15
23890041,8959,47
23890487,11933,62
23891455,7766,40
23891467,5369,40
23891474,6338,7
23893385,733,79
23895268,6624,146
23895992,61,47
23896117,57,47
23896424,56,47
23896780,56,47
23896956,8,47
23897009,52,47
23897136,55,47
23897214,71,47
23897350,59,47
23897405,363,47
23897815,71,47
23897903,6487,7
23897918,60,7
23898191,65,47
23898506,72,47
23899486,9174,61
23900146,62,40
23900839,28,40
23901831,7043,146
23902414,8130,62
23904262,2588,40
23904740,5352,7
23910385,3807,7
23910543,6251,62
23914426,3804,7
23916791,6255,62
23918457,3812,7
23922493,21,7
23922910,3813,7
23923040,6236,62
23926950,17,7
23927112,16712,30
23927360,3797,7
23929276,6283,62
23931382,3854,7
23932732,84,43
23932880,66,43
23932949,57,43
23933008,61,43
23933368,1987,1
23934138,13471,70
23935403,3797,7
23935557,10014,62
23936491,1267,1
23937112,13611,154
23937781,1996,1
23937793,21,1
23937897,13646,36
23938442,17400,61
23939324,2029,8
23939424,5343,7
23940072,79,8
23940693,62,8
23941270,11027,8
23941289,10542,8
23942375,275,173
23942635,85,62
23942705,174,173
23943043,6570,47
23943900,276,173
23945051,2183,7
23945149,391,173
23945204,267,173
23945567,17236,62
23945764,283,173
23945773,389,173
23946304,3228,9
23946724,277,173
23947226,1640,40
23947469,6182,7
23947611,10533,70
23948793,7843,40
23948812,6757,40
23949030,191,173
23949387,164,173
23949690,761,173
23949695,735,173
23950366,3226,9
23951322,794,173
23951338,755,173
23952260,239,8
23952299,543,173
23952430,11005,8
23952436,788,8
23953576,354,173
23953669,24,173
23953765,42,173
23953908,1747,7
23953941,3284,9
23954215,473,173
23954944,1102,40
23955529,6857,40
23955538,1246,40
23955572,2321,40
23955776,12884,61
23955934,6555,7
23956064,850,146
23956863,5907,40
23956903,149,146
23956936,7715,146
23957547,3356,9
23958147,6460,70
23959324,229,1
23961033,586,1
23961511,3275,9
23961531,86,43
23961558,59,38
23961622,75,43
23961701,86,43
23962517,20534,38
23962712,2446,40
23962776,4943,7
23962800,9432,62
23963093,219,146
23963427,266,8
23963496,59,8
23963625,11006,8
23963630,553,8
23964584,1097,146
23965094,7619,9
23965681,7767,146
23966651,6732,1
23966933,7493,70
23968003,3798,7
23968597,11557,61
23968721,61,40
23969104,11379,36
23972026,16,7
23972228,11526,62
23972436,2238,7
23973383,200,146
23973585,7387,146
23974145,1956,40
23974614,278,8
23974856,7789,7
23974886,535,8
23975086,60,40
23976010,34,131
23976033,280,131
23976047,7748,40
23976056,264,131
23976058,45,131
23976063,5013,40
23976399,63,131
23980087,12449,61
23980773,2817,1
23980904,9624,146
23981027,1664,40
23981073,2518,40
23982080,60,40
23982140,60,40
23982716,7888,40
23982721,1630,40
23982888,812,7
23983755,10919,62
23983862,10404,9
23983863,20,40
23984104,9522,7
23984369,4250,40
23988561,2362,40
23990467,8602,146
23991473,298,131
23992471,13632,61
23993465,64,8
23993601,2752,8
23993633,20668,15
23993754,7628,7
23994671,12240,62
23994812,55,9
23994888,8442,9
23996312,7616,8
23999003,6474,146
24002196,6566,7
24005412,5643,146
24006073,9238,61
24006906,8999,62
24009047,2673,7
24010990,6094,146
24011057,58,146
24011710,7525,9
24011863,6548,7
24015249,6318,61
24015902,6195,62
24017034,6780,146
24018695,6422,7
24019132,85,43
24019279,75,43
24019358,57,43
24020364,61,70
24021222,32,70
24021561,6229,61
24022095,6113,62
24023376,12787,154
24023644,259,131
24023752,7517,146
24023818,414,1
24023934,11331,36
24024030,278,146
24024322,625,146
24025056,20734,146
24025122,6947,7
24025711,8048,1
24027728,9821,61
24028022,10715,9
24028207,9152,62
24029331,1936,40
24031094,52,40
24031211,7925,40
24031237,5610,40
24032089,11347,146
24032353,3798,7
24032365,59,7
24033806,5070,1
24035163,21,98
24035558,10,98
24035631,8,98
24035649,230,98
24035691,133,62
24036357,356,98
24036376,4666,7
24036814,2262,40
24037111,8,98
24037348,10898,62
24037506,1571,40
24037530,11424,61
24037550,38,61
24038669,338,98
24038870,8814,177
24038997,7843,40
24039012,5903,40
24039076,8934,58
24039304,12,98
24039396,833,98
24040496,16,98
24041031,11,98
24041209,3804,7
24041464,625,98
24042455,280,98
24043133,74363,80
24043346,11,98
24044294,18,98
24044425,885,98
24044853,2488,40
24045245,5564,7
24046722,518,98
24046811,6614,146
24047473,10696,9
24047930,80,43
24047946,60,43
24048014,75,43
24048092,66,43
24048246,9531,62
24048259,18,98
24048543,4010,58
24048951,9032,61
24050437,9145,38
24050464,108,38
24050507,109,38
24050735,398,98
24050870,3171,7
24051436,253,98
24051979,7,98
24052641,3278,58
24053421,7426,146
24053857,29,98
24054261,137,98
24054518,302,98
24054532,7700,7
24055098,915,98
24056769,2193,40
24056948,72,40
24057779,16094,62
24057924,16628,61
24058331,58,40
24058937,7821,40
24058957,6021,40
24060783,5554,146
24061673,6105,36
24062575,2426,7
24064618,1706,40
24064878,7859,40
24064882,408,40
24064944,2554,40
24065394,1016,7
24066325,8463,146
24066421,61,40
24066540,74,40
24066620,8419,7
24066812,6277,40
24068153,13,9
24069328,12898,9
24070218,7765,15
24073087,2441,40
24073873,11007,62
24074306,65,40
24074484,10363,61
24074638,32,40
24074724,12055,146
24075029,10258,146
24075076,12377,7
24081391,18002,30
24083150,15558,7
24084844,9283,61
24084880,9083,62
24086730,4737,146
24091404,4475,146
24093961,9475,62
24094066,8739,61
24095815,4373,146
24100123,4199,146
24102742,9361,61
24103433,9386,62
24104259,4521,146
24105532,30,43
24105655,323,43
24105981,302,43
24106286,546,43
24106836,285,43
24108069,8262,30
24108286,8602,7
24108715,8752,146
24108788,1486,173
24109620,3578,177
24109730,264,172
24109742,61,40
24109813,500,98
24109820,2478,40
24110192,3359,95
24110357,106,172
24110597,950,172
24111403,84,98
24111533,922,98
24111572,260,30
24112007,583,30
24112038,6748,61
24112187,14055,154
24112215,7852,40
24112230,5013,40
24112462,334,172
24112805,500,172
24112815,6179,62
24112858,420,98
24113332,644,30
24113363,827,177
24113703,391,98
24113794,6151,95
24113799,115,172
24114117,194,98
24114131,130,172
24114218,507,21
24114225,921,30
24114452,592,10
24114628,104,172
24114678,3426,177
24114880,569,5
24115155,1609,100
24115355,428,21
24115363,169,98
24115392,9292,73
24115602,516,30
24115827,38,100
24115961,4037,100
24116038,530,21
24116235,1784,1
24116293,192,30
24116638,96,36
24116879,92,38
24116972,10,10
24117039,20,38
24117185,2408,40
24117259,6595,7
24117430,10275,146
24117467,2888,80
24117690,497,21
24117803,20,148
24117828,19,5
24117858,883,5
24118351,289,30
24118556,3956,21
24118756,7627,61
24118987,5160,62
24119220,247,30
24119280,1010,80
24119758,16,47
24119795,66,47
24119886,677,177
24119927,989,47
24119945,7341,58
24119946,51,47
24119957,7324,95
24119996,18,15
24120160,516,21
24120213,19,15
24120315,3174,80
24120428,1608,80
24120485,691,15
24120878,276,47
24121028,989,21
24121082,93,47
24121144,1093,15
24121326,3001,47
24121366,18308,47
24121473,195,178
24121493,74,178
24122092,1403,80
24122577,129,40
24122758,179,66
24122825,6545,21
24122861,2883,7
24123339,51,40
24123597,428,134
24123660,4355,64
24123714,758,80
24123841,1952,40
24124048,161,66
24124053,206,80
24124096,1093,7
24124116,7943,134
24124151,9423,62
24124311,3130,80
24124442,617,100
24124478,10024,80
24125063,97,30
24125180,81,38
24125311,101,7
24125339,10346,38
24125381,347,30
24125436,31,100
24125723,31,7
24125740,16,10
24125763,7919,40
24125776,5634,40
24125826,5101,7
24125902,1378,10
24126134,538,30
24126317,9775,61
24126583,517,98
24126754,5051,38
24126778,152,92
24126798,176,177
24127321,476,1
24127441,48,98
24127503,238,98
24127510,1631,7
24127639,10753,146
24127766,26,137
24127826,37,137
24127872,1422,100
24127912,14457,177
24127955,251,98
24127961,84,112
24128022,53,137
24128174,47,112
24128261,41,137
24128298,19,10
24128386,3994,5
24128416,38,112
24128694,34,112
24128699,19,148
24128789,34,112
24128858,54,137
24129321,104,7
24129460,20,112
24129489,60,100
24129563,2537,21
24129572,19,112
24129651,342,7
24129656,29,112
24130054,1344,100
24130064,2140,75
24130334,1711,26
24130886,674,173
24131060,394,7
24131242,57,40
24131295,22238,110
24131429,670,66
24131693,2575,40
24131701,2661,40
24132104,296,30
24132178,32,100
24132384,1756,80
24132412,60,40
24132665,175,30
24132688,898,21
24132917,157,30
24133304,280,30
24133518,2737,47
24133573,2470,62
24133578,1504,173
24133651,404,66
24133669,6284,21
24133957,8010,15
24133972,61,40
24134050,3173,134
24134160,256,80
24134331,90,43
24134360,1677,100
24134425,93,43
24134502,7146,40
24134523,156,98
24134528,5239,40
24134672,48,80
24134690,102,43
24134705,385,7
24134888,9230,26
24135295,26,75
24135622,3975,32
24136080,7277,61
24136093,43,176
24136128,98,100
24136170,67,43
24136225,10,30
24136241,465,43
24136345,61,100
24136433,294,30
24136460,266,98
24136502,691,75
24136564,919,100
24136669,46,176
24136708,457,43
24136854,913,137
24137141,239,66
24137202,6483,36
24137212,653,43
24137310,1967,75
24137793,28,137
24137851,1014,80
24137883,544,43
24137929,3214,47
24138139,8227,64
24138204,3985,58
24138358,11466,146
24138393,30,100
24138464,23,7
24138545,1371,32
24138590,873,100
24138662,22,137
24138794,6,134
24138832,897,134
24138846,442,43
24138881,32,137
24138897,6061,80
24139105,1324,137
24139284,34,80
24139460,5493,80
24139571,126,128
24139668,2668,98
24139689,1350,7
24139760,48,62
24139808,1161,177
24139839,2390,40
24139840,72,40
24139914,2396,62
24139930,2627,40
24140178,38,100
24140466,18,137
24140487,163,128
24140728,772,134
24140878,505,100
24141049,7473,47
24141299,5655,7
24141437,282,32
24141515,651,134
24141752,72,100
24141925,62,128
24142011,110,66
24142097,5515,62
24142218,1492,100
24142280,945,134
24142503,7127,40
24142516,5650,40
24142768,88,128
24143044,130,66
24143125,444,177
24143245,2139,32
24143301,7379,61
24144014,40,100
24144077,197,66
24144988,1506,100
24145226,1828,173
24145506,15,66
24145531,185,66
24146120,1966,80
24146880,40,40
24147084,1801,40
24147111,117,66
24147590,2111,173
24147950,3258,62
24148138,27,80
24148147,493,40
24148256,672,80
24148530,8248,7
24148634,12,176
24149147,28,80
24149324,31,176
24149530,25,176
24149766,7853,40
24149777,27,176
24149817,8040,146
24150007,20,112
24150425,24,80
24150527,3972,40
24150535,2687,40
24150546,49,176
24150615,13064,61
24150936,2027,80
24151205,12582,62
24151926,38,80
24151966,78,40
24152066,42,100
24152234,65,100
24152264,883,80
24153055,2598,80
24153272,47755,80
24154511,2337,40
24156589,1739,100
24156709,123,92
24156719,55,40
24157401,21230,7
24157408,28,112
24157548,27,135
24157684,14,135
24157730,13,135
24157786,4369,146
24157922,588,135
24158572,25504,100
24160099,38,47
24160188,57,47
24160484,36,47
24160837,37,47
24161047,65,47
24162094,4267,146
24163615,11687,61
24163784,12245,62
24166301,4468,146
24170701,4533,146
24173134,3066,30
24175197,4389,146
24175237,11452,61
24176026,11181,62
24178712,13316,7
24179522,4275,146
24183792,4945,146
24183858,60,146
24186626,10532,61
24186723,1289,40
24186881,60,40
24187205,5965,62
24187938,7857,40
24187949,5027,40
24188674,4643,146
24191931,71,43
24192038,6159,7
24192044,66,43
24192112,90,43
24192205,48,43
24192254,254,178
24192260,243,43
24192505,272,43
24192781,475,43
24193290,7310,146
24193317,1920,1
24193520,285,43
24193853,165,172
24194294,1400,173
24194451,811,30
24194573,63,40
24194587,1963,40
24194603,575,40
24194948,59,40
24195866,728,177
24196053,39,173
24196487,329,40
24196490,44,40
24196502,4662,40
24196994,782,173
24197143,4562,61
24197371,72,172
24197452,4140,98
24197861,1076,173
24197873,60,173
24198187,9510,26
24198399,4085,7
24198485,700,98
24198769,22,1
24199030,292,30
24199141,2758,11
24199215,17,172
24199222,29,1
24199237,311,134
24199324,912,134
24199336,227,172
24199355,357,98
24199430,34,100
24199626,71,128
24199722,1053,1
24199970,457,98
24200384,12,172
24200445,5179,134
24200454,12748,47
24200473,615,172
24200523,86,128
24200672,4865,80
24200693,13197,154
24200752,432,154
24200773,2929,5
24200862,61,112
24201048,11684,146
24201483,485,172
24201881,91,128
24201888,199,172
24201907,127,66
24202084,23,40
24202274,153,172
24202473,2963,40
24202586,208,172
24202605,1104,7
24202610,653,30
24202620,5469,36
24202690,15,15
24202716,121,66
24202722,17730,64
24202811,7807,40
24203010,33,40
24203210,7161,15
24203269,17,112
24203399,10466,11
24203491,3289,177
24203682,80,112
24203817,736,7
24204061,13812,80
24204219,3486,38
24204232,78,66
24204502,74,112
24204632,687,7
24204636,69,66
24205019,8383,100
24205390,38,112
24205425,7885,40
24205438,2367,40
24205449,4674,7
24205638,15867,134
24205988,827,100
24206470,213,66
24206644,984,80
24207439,35,112
24208068,13606,80
24208084,62,112
24208153,620,173
24209060,33,100
24209393,76,100
24209419,165,56
24209484,4041,26
24209506,3729,58
24209538,1190,100
24209855,340,173
24210053,120,66
24210067,161,56
24210290,637,7
24210316,144,128
24210629,2996,40
24210839,38,100
24210870,156,173
24211106,6535,7
24211162,2426,173
24211187,341,128
24211274,37,112
24211330,1078,100
24211589,2531,177
24211679,43,40
24212063,252,172
24212093,84,10
24212246,452,10
24212252,162,56
24212382,196,172
24212491,86,98
24212574,30,100
24212599,192,172
24212603,927,98
24212813,4142,36
24212826,308,10
24212854,199,172
24212869,1690,62
24212971,2233,100
24213111,267,172
24213574,406,172
24213923,7837,40
24213935,6799,40
24214009,49,112
24214015,84,172
24214050,269,66
24214097,1159,98
24214110,4228,165
24214205,13153,26
24214222,539,172
24214321,344,26
24214378,109,112
24214607,710,19
24214972,1113,172
24215069,1269,100
24215092,50,112
24215125,294,66
24215411,47,112
24215516,1358,100
24215652,593,165
24215673,633,98
24216174,360,30
24216419,569,98
24216481,44,112
24216829,1079,100
24216836,42,112
24217157,7297,62
24217519,14,98
24217565,482,66
24217817,19008,38
24217977,845,100
24217992,13,98
24218103,49,176
24218112,1780,100
24218154,6757,38
24218192,12,98
24218222,203,98
24218227,1187,177
24218229,1038,173
24218260,11,173
24218302,994,17
24218409,63,176
24218485,8,173
24218488,32,169
24218513,92,98
24218550,10,169
24218570,11,173
24218658,121,98
24218717,69,176
24218794,939,66
24218866,11,173
24218929,202,128
24218959,63,176
24218992,41,112
24219070,2485,98
24219188,67,176
24219655,803,17
24219872,423,100
24219926,1456,177
24219981,6173,58
24220044,28,169
24220114,12,169
24220175,221,66
24220260,27,176
24220382,1279,7
24220463,6465,64
24220467,68,54
24220592,1238,54
24220667,6516,40
24220694,4279,15
24220709,41,169
24220716,2264,40
24220721,2231,40
24220733,92,43
24220750,29,176
24220780,1132,173
24220787,7429,15
24220920,12,173
24221003,272,169
24221050,753,11
24221297,532,66
24221325,2531,100
24221401,58,43
24221479,181,43
24221496,310,100
24221600,1466,17
24221617,308,176
24221672,93,43
24221703,256,176
24221786,173,43
24221833,1004,100
24221962,752,43
24222002,8914,7
24222036,86,176
24222278,85,176
24222359,68763,80
24222454,3976,146
24222509,427,169
24222566,86,176
24222646,399,128
24222667,1329,54
24222685,1769,131
24222706,270,43
24222718,253,43
24222826,242,66
24222935,85,176
24222975,503,43
24223058,820,173
24223132,2812,22
24223329,274,169
24223589,530,43
24223662,51,176
24223677,270,66
24223816,724,172
24223870,3482,11
24223959,28,176
24224008,722,98
24224017,57,169
24224064,414,128
24224178,26,169
24224201,44,176
24224241,1152,54
24224297,18,173
24224303,44,176
24224319,20,179
24224362,22,169
24224385,214,66
24224450,11724,62
24224497,51,100
24224577,14,169
24224678,24,176
24224711,607,173
24224824,1820,100
24224904,26,176
24224946,16,176
24225137,450,98
24225240,36,169
24225411,22,179
24225428,14,169
24225521,61,40
24225572,18,169
24225658,191,179
24225671,2343,40
24225714,27,169
24225834,244,98
24225921,1705,54
24225960,3450,179
24226115,250,169
24226172,4425,58
24226173,38,40
24226317,972,98
24226439,84,176
24226489,870,173
24226496,137,169
24226805,334,169
24226915,85,100
24227018,12,176
24227214,883,100
24227229,55,169
24227339,20,176
24227529,729,98
24227576,20,176
24227640,6577,54
24227792,657,173
24227803,77,173
24227972,9570,40
24228187,23,100
24228340,108,98
24228458,110,98
24228673,9055,47
24228691,1355,173
24228815,29,176
24229347,16,176
24229427,595,100
24229554,31,179
24229729,22,176
24229734,34,179
24229808,23,179
24229989,71,98
24230184,29,100
24230197,1401,173
24230589,164,66
24230699,38,176
24230943,5776,7
24230983,681,100
24231123,58,40
24231864,550,173
24232076,37,100
24232508,40,176
24232518,3497,100
24232535,711,169
24232671,1133,173
24232708,18,176
24233032,38,40
24233034,7931,40
24233362,247,169
24233629,78,169
24235587,92,112
24236181,6952,62
24236346,9202,70
24236417,15,176
24236600,56,112
24236899,30,112
24236978,3856,7
24237528,45,112
24237533,1209,40
24237577,2261,40
24237825,64,112
24238104,14,176
24238265,54,30
24238521,13,176
24238807,11,176
24241003,3796,7
24241875,4442,36
24243128,8726,62
24243907,62,40
24245026,5066,7
24245762,2498,47
24246037,1803,40
24246744,63,47
24246812,45,40
24246856,298,47
24247773,312,47
24247778,7729,40
24247807,7263,40
24247926,6500,174
24250258,4876,7
24251855,9590,62
24252372,8065,54
24253071,135,38
24253237,8484,54
24253970,2726,40
24254761,7035,70
24254997,7038,40
24255000,804,40
24255033,698,40
24255042,232,40
24255162,2606,7
24255573,13,176
24256120,13,176
24257176,220,176
24257812,5652,40
24257987,9080,7
24258069,21,176
24258152,60,40
24258695,193,176
24259220,33,176
24260485,6103,54
24260585,34,176
24261141,37,176
24261627,29,176
24261793,6992,70
24261940,141,40
24261951,2034,40
24262027,406,176
24262591,117,176
24263983,7669,40
24264427,5147,40
24268101,254,176
24268791,7004,70
24269556,77,40
24273729,543,7
24274163,85,40
24274177,1962,40
24274182,1978,40
24274345,60,40
24274543,3421,7
24274544,61,40
24274664,59,40
24274905,40,40
24275005,62,40
24275409,59,40
24275794,4546,70
24276115,31,40
24276116,23,40
24276140,4080,40
24276162,27,40
24276777,5027,40
24276780,6294,40
24277013,231,40
24277627,604,36
24278334,91,43
24278439,62,43
24278503,145,43
24279589,3871,7
24279734,76,172
24279836,105,172
24280346,6939,70
24280546,2520,54
24280602,264,172
24280946,6411,36
24281040,133,172
24281935,6670,22
24282967,13974,154
24283061,49,98
24283175,291,173
24283482,725,7
24283570,3039,30
24283740,1559,173
24283837,6527,54
24283963,20,169
24284092,47,169
24284196,3493,177
24284273,388,7
24284297,32,100
24284317,286,98
24284332,78,40
24284340,697,40
24284687,10477,64
24284993,549,7
24285094,51,169
24285154,44,98
24285334,6046,40
24285338,685,40
24285397,560,40
24285624,331,98
24285826,3854,7
24285859,1529,173
24285964,242,98
24286036,20,40
24286041,3690,40
24286091,25,40
24286115,33,169
24286138,87,7
24286254,2086,7
24286313,31,169
24286534,31,169
24286979,90,169
24287147,172,98
24287675,637,177
24287818,1890,54
24287844,167,98
24287880,73,112
24288342,138,98
24288476,7389,62
24288544,42,98
24288625,652,177
24288676,768,26
24288689,9866,26
24288727,764,26
24288920,444,172
24288965,386,30
24289002,622,169
24289690,1679,21
24289754,525,172
24289774,2888,40
24289897,14238,38
24289909,5341,177
24289927,1535,173
24289935,1603,173
24290037,195,30
24290252,1738,7
24290392,727,80
24290405,411,172
24290616,1175,5
24291016,46,112
24291341,50,131
24291402,24,112
24291427,437,131
24291583,47,112
24291636,6947,70
24291701,39,112
24291859,35,21
24291896,977,80
24291906,296,21
24291947,5910,80
24291967,715,100
24292071,37,112
24292179,69,112
24292185,1120,100
24292193,1672,173
24292200,984,173
24292210,91,38
24292215,1843,21
24292221,1046,131
24292273,648,7
24292291,461,30
24292309,263,131
24292403,201,66
24292666,18,40
24292703,198,66
24292774,35,112
24292807,68,100
24292883,703,80
24292981,42,112
24293035,42,62
24293293,35,112
24293387,21,112
24293450,26,100
24293473,57,112
24293555,56,112
24293654,4202,80
24293714,25,112
24293852,59,112
24293993,3960,100
24294322,8,100
24294402,707,100
24294505,651,21
24294689,6997,7
24294705,173,66
24295173,8913,64
24295252,1564,7
24295485,4241,21
24295491,42,112
24295620,66,112
24295624,4192,58
24295749,62,112
24295837,92,100
24295861,7313,62
24295881,22,173
24296122,820,100
24296497,29,112
24296765,25,173
24296816,3796,22
24296935,698,30
24296947,548,128
24297089,42,100
24297421,1039,100
24297538,22,173
24297897,3277,80
24298038,3115,80
24298261,345,172
24298277,4004,177
24298550,23,173
24298584,6999,70
24298633,317,172
24298742,147,30
24298789,3333,7
24298959,913,172
24299259,25,173
24299301,8082,11
24299573,19,179
24299663,87,92
24299753,2741,36
24299977,25,173
24300004,478,21
24300091,15,179
24300177,47,172
24300246,1617,179
24300383,631,30
24300662,56,92
24300684,409,100
24300714,4,21
24300726,2,21
24300746,3,21
24300758,37,112
24300865,3,21
24301016,38,169
24301121,50,169
24301246,34,100
24301404,35,169
24301469,41,112
24301512,4390,47
24301583,30,56
24301658,7235,174
24301665,48,56
24301721,52,30
24301776,87,169
24301880,163,21
24301902,17,179
24301906,23,173
24301916,6,173
24301953,7,173
24302008,32,30
24302027,78,169
24302043,53,179
24302053,3848,128
24302118,1185,66
24302124,53,169
24302212,169,179
24302218,41,169
24302309,14,30
24302332,6431,7
24302404,181,21
24302418,6084,36
24302462,11,172
24302570,262,179
24302575,376,172
24302647,20,173
24302791,52,100
24302894,358,47
24302963,53,172
24303175,50,110
24303270,472,47
24303305,160,30
24303434,5461,100
24303439,23,173
24303558,2344,110
24303586,354,22
24303746,12,173
24303993,1058,173
24304015,331,47
24304084,4804,62
24304130,4568,177
24304169,654,30
24304245,4124,110
24304249,11,173
24304327,1776,22
24304374,680,47
24304431,21427,41
24304945,2924,64
24305008,2921,148
24305196,387,47
24305310,7360,58
24305355,2911,173
24305586,161,70
24306212,492,21
24306249,2515,64
24307060,200,30
24307132,18,43
24307137,1317,22
24307328,18,169
24308857,3967,7
24308872,7296,64
24309086,1651,11
24309108,15,169
24309148,73,173
24309162,7,173
24309192,973,98
24309249,612,96
24309372,16,169
24309513,7,173
24309590,88,169
24309592,155,66
24309643,37,21
24309688,45,169
24309770,49,173
24309830,40,56
24309862,39,169
24309910,817,173
24309918,49,56
24309919,26,173
24309944,27,56
24309993,78,112
24310001,274,79
24310073,10,173
24310277,1181,96
24310331,404,98
24310373,40,112
24310382,133,66
24310402,80,112
24310626,7,173
24310639,697,179
24310875,4072,62
24310884,35,56
24310903,71,56
24310948,51,112
24311009,130,112
24311143,11,173
24311302,1519,96
24311357,76,169
24311361,1969,173
24311417,130,112
24311455,390,98
24311484,54,112
24311515,2841,177
24311529,27,56
24311674,12,173
24311841,185,30
24312134,1787,22
24312156,63,169
24312257,7,173
24312273,70,96
24312482,3179,146
24312536,25,56
24312549,1596,96
24312562,30,56
24312597,65,169
24312748,235,66
24312900,1809,98
24313002,805,162
24313023,7,173
24313076,8133,26
24313165,220,128
24313240,26,56
24313278,575,7
24313822,707,169
24313840,1493,96
24314137,1266,22
24314233,4197,80
24314544,445,173
24314604,1173,173
24314620,164,66
24314757,3057,177
24314797,60,169
24314946,4869,62
24315041,3016,174
24315248,1079,169
24316056,1220,146
24317057,185,66
24318120,804,173
24318485,76,173
24319331,126,66
24319811,3331,62
24319912,127,66
24319926,35,173
24320298,482,80
24320342,395,43
24320604,1332,173
24320654,12051,100
24320746,17,43
24320771,18,43
24320800,135,66
24320965,4217,80
24321014,892,100
24321384,182,66
24321949,204,66
24321990,34,100
24322086,117,43
24322180,311,66
24322214,434,43
24322408,2153,100
24323052,228,66
24323142,10885,62
24323467,9,66
24323620,863,66
24324158,455,36
24324614,60,30
24324677,67,30
24324746,58,30
24324806,57,30
24324911,63,36
24324938,61,100
24325748,1189,100
24325944,1610,7
24327169,30,100
24327436,2907,100
24327539,22662,36
24327682,209,7
24327796,450,17
24327842,35,40
24327850,352,40
24327861,199,40
24328092,302,7
24328229,6043,40
24328231,17,40
24328235,1946,40
24328400,38,40
24328506,3782,7
24330427,1740,40
24330498,35,100
24331093,7056,174
24331258,3137,100
24332168,32,40
24332223,64,47
24332341,262,47
24332523,4597,7
24332746,181,47
24332829,43,100
24332895,415,47
24333032,26,100
24333087,41,100
24333312,396,47
24333758,524,47
24333876,1576,100
24333896,84,40
24333900,167,40
24333914,113,40
24334057,33,40
24334059,583,40
24334082,2587,54
24334173,75,40
24334514,55,100
24334827,493,40
24335057,4839,100
24335242,555,135
24335318,66,40
24335528,7663,62
24335705,38,100
24336054,4,100
24336894,1098,100
24337346,2769,7
24337999,1351,54
24338126,3885,100
24338325,2578,54
24338650,530,135
24339377,308,135
24339998,104,135
24340004,87,40
24340009,127,40
24340024,50,40
24340127,19,40
24340130,402,40
24340172,3843,7
24340550,75,40
24340902,24,135
24343189,3207,62
24344191,3795,7
24346394,3201,62
24348210,3797,7
24349594,3214,62
24352245,12582,7
24352805,3210,62
24356015,3206,62
24356675,3798,7
24359220,3205,62
24362424,3228,62
24364608,15981,36
24364731,73,43
24364860,7736,7
24364867,51,43
24364921,45,43
24364969,58,43
24365029,11,43
24365649,2904,62
24366591,297,131
24366690,169,131
24368752,64,173
24368948,449,173
24369056,926,173
24369068,61,173
24370539,10,173
24370852,756,173
24370885,8,173
24371422,653,173
24371981,805,173
24372091,754,173
24372586,9674,26
24372888,5847,7
24373134,6916,7
24373586,113,172
24373823,15383,64
24374063,260,40
24374171,525,172
24374233,59,179
24374277,5875,154
24374356,136,179
24374875,510,173
24375209,75,172
24375344,1824,179
24375420,1122,172
24375550,89,110
24376006,3145,110
24376248,478,173
24376665,640,172
24376958,7480,38
24377126,7,173
24377164,2725,80
24377377,19,172
24378045,274,172
24378121,548,173
24378225,194,173
24378293,28,128
24378353,2606,128
24378445,2254,26
24378619,19,172
24378694,430,173
24378704,1498,5
24378876,35,172
24378969,366,172
24379682,4910,174
24379821,12,173
24379854,464,172
24380186,4884,7
24380418,3160,30
24380437,1772,172
24380471,15,173
24380562,2238,30
24380782,6749,40
24381374,90,92
24381397,267,128
24381498,198,30
24381611,229,173
24381615,20,92
24381801,124,169
24381873,196,173
24381978,5370,26
24382010,175,169
24382379,12,92
24382653,212,30
24382753,42,92
24383006,3963,146
24383184,27,92
24383269,40,43
24383413,140,66
24383443,67,169
24383590,15,92
24383624,25,169
24383976,44,169
24383981,502,30
24384116,318,172
24384357,184,169
24384538,318,173
24384622,4149,58
24384803,603,173
24384876,235,30
24385316,7,173
24385420,6041,7
24385631,1483,80
24385718,204,66
24385724,369,30
24385744,63,169
24385904,20,92
24386000,70,169
24386067,18,92
24386335,1642,173
24386342,41,173
24386353,30,173
24386355,29,169
24386384,121,66
24386641,36,62
24386728,13,92
24386846,224,30
24386965,286,173
24386974,19,92
24387051,217,98
24387158,15,92
24387248,111,66
24387428,5808,80
24387649,1925,22
24387674,215,30
24387684,16,92
24387709,331,98
24387948,14,92
24387975,108,66
24388072,17,92
24388123,566,172
24388146,1960,96
24388444,165,30
24388624,87,66
24388869,178,30
24389191,11298,36
24389217,8082,64
24389635,150,128
24389751,976,173
24389958,38,30
24389967,36,92
24390338,111,98
24390396,31,30
24390496,15,92
24390625,11,92
24390771,1254,128
24390777,22,30
24391000,18,92
24391022,20,30
24391069,12,92
24391436,530,30
24391642,109,146
24391762,354,146
24391967,142,22
24392109,88,146
24392129,30,148
24392482,10,92
24392602,486,22
24392672,7988,128
24392729,271,131
24393250,4224,169
24393377,46,98
24393426,25,173
24393437,141,98
24393523,13,169
24393533,65,43
24393603,56,43
24393663,75,43
24393742,52,43
24393800,14,43
24393894,57,92
24394035,74,92
24394060,2504,62
24394191,1158,172
24394210,54,98
24394360,142,7
24394378,73,7
24394433,94,92
24394472,1176,7
24394507,11950,7
24394669,10,173
24394834,726,80
24394859,28,148
24394982,98,92
24395224,20,173
24395483,953,172
24395599,5753,80
24395638,9249,26
24395682,26,173
24396035,58,43
24396286,206,66
24396348,23,173
24396391,3844,7
24396552,4162,62
24396719,704,172
24396854,15,173
24397299,2330,64
24397335,10,173
24397472,120,66
24397838,9,173
24397974,222,30
24398058,103,66
24398191,770,19
24398351,9,173
24398506,7,179
24398794,22,179
24398875,8,173
24398962,3805,58
24399050,6,179
24399054,136,173
24399070,52,98
24399197,211,179
24399449,8,173
24399456,64,179
24399687,7,179
24399812,4706,179
24400355,14,173
24400418,964,7
24400530,520,66
24400726,3787,62
24401291,599,11
24401331,13,173
24401372,61,80
24401393,898,7
24401587,109,80
24401590,146,66
24401652,27,64
24401683,47,64
24401707,3989,80
24401743,3462,64
24401788,1072,128
24401815,179,179
24401954,8,173
24402053,22,179
24402178,89,179
24402252,277,173
24402261,22647,36
24402275,13238,70
24402291,33,179
24402301,2208,22
24402349,48,179
24402412,84,179
24402520,55,179
24402685,8,173
24402834,6133,7
24403238,407,128
24403423,198,66
24403700,111,176
24404019,12683,22
24404496,3346,62
24404526,133,66
24404888,396,22
24405065,116,176
24405177,201,66
24405313,8,173
24405318,142,173
24405373,7,173
24405471,548,22
24406007,12,173
24406080,147,66
24406176,144,173
24406456,12,173
24406916,12,173
24407288,114,66
24407359,125,22
24407839,3228,62
24407861,104,66
24407954,15429,80
24408188,209,66
24408359,39,131
24408792,115,22
24409060,8970,80
24409268,1394,7
24409323,364,66
24409390,377,47
24409609,8,47
24409663,108,22
24410030,358,66
24410623,1076,22
24410779,188,66
24410892,993,7
24411234,624,66
24411864,1445,22
24411995,10630,66
24412109,7069,7
24412715,229,47
24413137,177,47
24413633,966,47
24415533,10290,70
24416181,1049,47
24418125,188,40
24418248,473,40
24419186,6287,22
24419343,5354,7
24419376,3896,47
24420741,4405,22
24425498,30,7
24425877,20,38
24426364,29,7
24426784,36,7
24427208,29,7
24427494,29,22
24427634,25,7
24428059,30,7
24428483,27,7
24428907,28,7
24429327,26,7
24429748,39,7
24430180,29,7
24430608,34,7
24431048,45,7
24431589,19,7
24431894,13,62
24432001,16,7
24432110,62,176
24432411,13,7
24432835,18,7
24432966,57,176
24433250,16,7
24433662,17,7
24433923,57,176
24434089,17,7
24434392,128,176
24434508,16,7
24434929,17,7
24435344,17,7
24435388,129,176
24435756,16,7
24436174,18,7
24436340,1016,176
24436595,19,7
24437019,18,7
24437432,17,7
24437646,341,176
24437868,21,7
24438290,20,7
24438320,653,176
24438712,22,7
24439146,19,7
24439417,6,176
24439572,19,7
24439578,3,176
24439869,3,176
24439991,17,7
24440387,5,176
24440413,16,7
24440838,17,7
24441262,16,7
24441686,18,7
24442118,22,7
24442554,17,7
24442973,18,7
24443402,17,7
24443825,16,7
24444247,17,7
24444665,33,7
24445105,24,7
24445534,24,7
24445952,16,7
24446363,17,7
24446774,16,7
24447185,16,7
24447321,391,84
24447595,14,7
24448007,14,7
24448417,16,7
24448828,16,7
24449238,17,7
24449649,16,7
24451131,15,43
24452279,110,110
24452461,1230,172
24452510,5437,5
24452963,31,110
24453000,178,110
24453209,1414,30
24453618,336,43
24454913,16663,30
24454946,9,30
24455081,6,173
24455280,545,110
24455413,40,92
24455559,36,92
24455714,10,173
24455809,2187,64
24456005,2035,172
24456253,1888,173
24456443,1363,131
24457337,1652,131
24458075,3718,7
24458183,266,172
24458356,11,173
24458371,683,173
24458399,8580,5
24458512,14673,154
24458644,77,98
24458679,37,30
24458852,405,22
24459073,403,172
24459267,11,173
24459442,6801,128
24459577,852,22
24459638,370,172
24459712,500,22
24459784,4871,64
24460034,8,173
24460039,449,172
24460468,494,22
24460621,7,173
24460636,49,30
24460712,5768,62
24460807,19,172
24460859,1102,173
24461003,13,173
24461194,237,175
24461235,359,30
24461438,12,173
24461697,156,11
24461726,1959,95
24461782,73,173
24461851,11299,7
24461942,13,173
24461964,320,30
24462348,728,30
24462468,12,173
24462503,1413,11
24462566,13067,36
24462759,140,179
24463017,1967,173
24463133,6694,80
24463163,6919,80
24463189,11,173
24463372,25,30
24463398,410,30
24463515,775,38
24463694,2456,95
24463742,26,173
24463937,29,173
24463976,970,100
24463980,73,92
24463984,423,173
24464301,123,30
24464561,131,30
24464666,1905,64
24464729,23,173
24464833,3965,47
24464912,8,100
24464918,640,30
24465063,334,172
24465120,44,100
24465240,76,92
24465451,29,173
24465735,180,66
24465755,680,172
24465865,302,30
24465900,7219,100
24466037,418,96
24466105,24,92
24466110,4039,47
24466123,10,173
24466476,950,62
24466492,140,172
24466580,4384,64
24466631,35,92
24466665,9,173
24466982,662,172
24467020,236,66
24467175,436,43
24467269,50,173
24467469,56,150
24467662,170,96
24467699,58,172
24467830,766,177
24468077,10,173
24468167,7210,70
24468181,13106,38
24468210,9101,38
24468425,88,96
24468537,199,66
24468581,363,100
24468608,22,173
24469111,941,100
24469224,270,96
24469340,267,66
24469833,325,66
24470044,6324,80
24470075,766,177
24470142,11680,80
24470262,971,66
24470753,31,100
24471058,14122,64
24471127,378,21
24471209,1019,177
24471500,3259,66
24471577,1341,100
24471640,930,58
24472044,919,5
24472413,189,21
24472446,1079,26
24472648,344,10
24473016,205,21
24473173,2965,7
24473304,21,100
24473584,19,92
24473590,889,177
24473780,91,21
24474146,9751,7
24474242,90,21
24474410,27,100
24474636,94,21
24474991,22,92
24475083,101,21
24475252,5947,100
24475296,1079,47
24475359,4,100
24475409,5768,100
24475479,65,21
24475578,281,92
24475920,87,21
24476035,5122,47
24476040,87,30
24476117,12467,26
24476296,106,92
24476435,174,21
24476835,4401,7
24476991,7889,21
24481271,5479,3
24481495,13643,36
24481595,1186,22
24481608,2312,7
24481825,673,47
24481894,1017,30
24481939,3840,80
24481982,5111,80
24481998,3917,47
24482257,31,100
24482345,26,100
24482595,2979,5
24482806,27,100
24482941,506,30
24483039,26,100
24483201,12,173
24483558,6,100
24483709,6907,47
24483797,5738,100
24483898,1580,177
24484069,22,173
24484187,8567,7
24484551,16,173
24484617,5315,19
24484631,95,9
24484655,1123,7
24484816,242,21
24484980,16,173
24485706,4468,58
24485803,23,173
24486005,33,36
24486662,359,21
24486702,1043,26
24486933,61,70
24487201,16,173
24487312,56,80
24487372,494,21
24487453,1281,80
24487454,22,70
24487516,69,80
24487831,593,66
24487851,89,179
24488164,218,21
24488174,563,179
24488721,56,47
24488735,255,21
24488845,456,179
24489117,2591,47
24489200,152,21
24489416,3972,179
24489501,181,173
24489549,194,21
24489667,6996,80
24489940,750,21
24490474,70,173
24490842,1282,21
24491296,43,173
24491496,325,47
24491714,602,47
24492863,3791,7
24494577,5,176
24495200,172,176
24495487,165,176
24495703,164,176
24496182,210,176
24496236,204,176
24496546,26,100
24496818,15664,80
24496886,3801,7
24497621,7552,100
24498021,7151,100
24500911,3797,7
24504935,3799,7
24505740,15270,36
24506307,468,100
24508410,994,100
24508965,3790,7
24509578,689,100
24510269,1163,100
24511901,868,100
24512991,3801,7
24513099,36,100
24513522,3639,100
24514129,3232,100
24517031,3797,7
24518915,3115,30
24521056,3802,7
24522067,59,30
24522127,59,30
24522187,58,30
24522247,56,30
24525092,4015,7
24528550,1835,176
24529115,4414,7
24529127,59,7
24533536,3795,7
24537531,71,43
24537564,3854,7
24537626,60,43
24537689,39,43
24537730,66,43
24539124,236,84
24541134,1651,36
24541589,1260,7
24541601,60,7
24542217,16095,154
24542799,152,36
24542884,11277,7
24542985,7805,36
24544083,7,173
24544179,5,173
24544310,5,173
24544375,5,173
24545173,3836,1
24545588,8,173
24545859,5,173
24546416,8,173
24546536,6,173
24546653,6,173
24546885,5,173
24547067,5,173
24547370,6,173
24547519,5,173
24547662,5,173
24547737,5,173
24548087,7,173
24548200,5,173
24548310,5,173
24548810,7,173
24548943,7,173
24549447,1905,1
24550178,8,173
24550657,9,173
24551114,9,173
24551419,1289,1
24551916,8,173
24552375,7,173
24552687,114,36
24552990,7,173
24553082,573,1
24553423,7,173
24553634,90,36
24553691,1006,1
24553953,8,173
24554349,11239,7
24554587,7,173
24554735,88,36
24554908,778,1
24555155,8,173
24555461,6,173
24555668,914,36
24556118,313,1
24556608,1713,36
24557680,7,173
24558121,5169,1
24558500,177,173
24558634,2779,36
24560457,6312,58
24560962,21,100
24561465,244,36
24561872,246,36
24562004,5380,100
24562178,291,36
24562191,5778,100
24562579,226,36
24562591,21,36
24562932,742,36
24563685,389,36
24564094,175,36
24564105,61,36
24564312,286,36
24564600,31398,36
24565597,11305,7
24566331,67,43
24566400,51,43
24566455,66,43
24566815,6231,58
24568981,20,100
24570023,27,100
24572755,5886,100
24572859,6348,100
24576839,1020,84
24577253,21237,7
24577789,96,84
24584362,27,100
24585676,19,100
24586442,4580,100
24588864,9945,1
24589940,4271,100
24591378,29,100
24595143,232,100
24595411,5310,100
24595607,20842,100
24596522,21,123
24598537,21262,7
24605933,19533,36
24619824,11275,7
24619837,60,7
24623931,70,43
24624063,56,43
24624121,37,43
24627028,1371,154
24627714,11463,36
24631368,11345,1
24640509,11442,36
24641203,441,177
24642799,11335,1
24643990,441,177
24644003,59,177
24648609,1489,177
24650314,192,177
24651281,451,177
24651908,917,177
24651946,870,134
24652731,85,43
24652820,53,43
24652875,42,43
24652930,3880,134
24656379,11593,36
24657210,356,134
24657909,9349,1
24660513,269,38
24660585,13129,38
24664661,49890,177
24664666,3817,7
24667542,24674,1
24668688,3787,7
24670111,22861,36
24672708,3793,7
24676729,3791,7
24680752,3796,7
24684775,3811,7
24688738,13,38
24688823,3795,7
24692869,12135,7
24710331,97,43
24711255,561,172
24711489,5082,7
24712311,9079,1
24713105,7188,5
24713466,631,177
24713772,463,30
24714134,21,148
24714396,232,30
24714450,326,173
24714630,25,31
24714735,336,30
24714759,60,43
24714780,970,64
24714821,43,43
24714867,64,43
24714934,673,43
24715514,97,66
24715610,252,43
24715762,6506,64
24715865,233,43
24716100,255,43
24716366,84,66
24716457,67,21
24716546,261,173
24716559,2833,36
24716812,4372,7
24716969,4480,30
24717116,118,21
24717533,177,21
24717564,134,21
24717754,266,177
24717856,888,21
24717868,30,21
24718715,785,173
24718792,115,21
24718939,6101,179
24719344,127,21
24719393,233,177
24719401,12,173
24719405,1214,36
24719951,128,21
24720306,3377,5
24720443,12,173
24720530,1222,177
24720865,176,21
24720920,624,173
24721124,7285,80
24721149,7361,80
24721183,7823,7
24721375,157,64
24722102,32,173
24722555,396,1
24722741,101,21
24722837,445,177
24722933,5697,54
24723029,220,30
24723049,599,173
24723059,34,173
24723166,5983,1
24723873,71,21
24724211,165,134
24724220,104,21
24724481,289,134
24724549,392,173
24724716,106,21
24724800,2201,128
24724930,7,135
24724965,15,135
24725431,158,173
24726506,6133,134
24726603,6638,7
24726770,3859,58
24727245,2450,128
24727334,359,173
24728808,353,173
24728994,6668,30
24729271,83,150
24729660,14,135
24729740,136,135
24729978,36,135
24730089,912,135
24730507,834,110
24731144,3935,179
24731658,18,112
24732138,29,112
24732486,51,112
24732493,23,112
24732671,7742,7
24732757,12186,5
24732896,47,112
24732900,49,25
24732984,1101,24
24733015,9,25
24733375,6008,80
24733380,2268,110
24733406,5456,80
24733579,444,7
24733587,30142,36
24734573,8,173
24734598,7334,7
24734615,23,40
24734652,102,1
24734707,7,173
24734748,18,40
24734860,18,40
24734903,18,40
24735063,3859,30
24735080,93,40
24735138,37,30
24735278,2438,20
24735283,501,1
24735318,271,172
24735437,592,47
24735772,55,40
24735840,45,40
24735893,71,1
24735949,518,40
24736107,57,112
24736437,37,112
24736450,345,179
24736507,31,112
24736558,146,40
24736562,36,112
24736568,11336,1
24736605,12,173
24736696,871,47
24736764,872,47
24736794,259,40
24737077,290,40
24737096,422,179
24737295,102,179
24737382,451,40
24737440,200,98
24737626,8,179
24737666,110,179
24737777,633,98
24738574,346,179
24738809,3889,110
24738919,660,172
24738943,162,179
24739131,70,43
24739206,53,43
24739239,1989,179
24739263,69,43
24739286,32,169
24739335,65,43
24739372,206,169
24739402,216,43
24739621,3600,80
24739625,272,43
24739661,9433,80
24739699,251,173
24739901,432,43
24739965,6718,40
24740077,262,169
24740336,356,43
24740647,158,173
24740841,11,64
24740876,169,172
24741037,191,179
24741293,13,179
24741341,22,179
24741386,13,179
24741442,1182,179
24741492,132,134
24741560,810,47
24741626,4241,134
24742063,3005,30
24742501,286,173
24742772,736,177
24742964,95,179
24743056,23,64
24743073,6207,64
24743086,20,179
24743121,843,30
24743132,30,179
24743178,387,179
24743359,3900,80
24743451,10216,7
24743601,194,179
24744673,701,177
24745299,1075,10
24746083,4672,134
24746359,20,173
24746376,28,173
24746621,696,177
24747201,21,173
24747279,1899,80
24747711,32,173
24747836,24,100
24748088,697,177
24748260,4592,128
24748309,107,1
24748563,186,66
24748601,19,173
24749265,5972,80
24749315,7187,80
24749871,25,173
24750095,197,66
24750151,752,177
24750325,2093,180
24750912,5735,134
24751088,19,173
24751697,31,135
24751755,98,135
24752985,453,169
24753052,1681,128
24753519,33,100
24753848,4781,7
24754429,139,100
24754926,21,100
24756789,68,100
24757094,16,100
24757306,15,100
24758028,7,80
24758171,4,80
24758770,136,7
24758786,382,7
24759036,128,7
24759430,6420,36
24759786,155,7
24760074,623,7
24760397,457,7
24760713,77,134
24761743,405,7
24762534,1140,1
24762925,22,7
24763270,802,7
24763820,20,7
24763979,229,7
24764270,24,62
24764386,30,47
24764429,18,7
24764837,22,7
24765086,335,47
24765247,21,7
24765656,22,7
24766065,21,7
24766216,329,47
24766475,22,7
24766612,31,47
24766750,359,47
24766884,22,7
24767293,22,7
24767702,21,7
24767774,59,1
24768112,22,7
24768168,17,1
24768440,15,40
24768448,15,1
24768496,58,1
24768522,19,7
24768604,22546,1
24768930,35,7
24768933,161,40
24769133,6982,40
24784185,28,7
24784595,28,7
24785004,27,7
24785414,44,7
24785824,28,7
24786239,28,7
24786648,29,7
24787058,28,7
24787468,27,7
24787878,28,7
24788287,28,7
24788697,29,7
24789106,29,7
24789516,29,7
24789925,30,7
24790334,29,7
24790744,28,7
24791175,23,7
24793834,461,131
24794432,216,131
24794690,33,131
24795290,57,131
24795322,410,131
24796118,3283,131
24796732,20,43
24797839,4451,36
24799023,8018,5
24799159,7040,30
24799413,1962,110
24799453,159,30
24799712,14,173
24801081,107,172
24801148,726,128
24801374,19,64
24801688,367,169
24801720,98,172
24801903,127,175
24802296,387,169
24804197,16171,154
24804245,36,112
24806425,1972,80
24806455,2342,80
24807568,12,30
24807634,13,173
24807743,410,30
24807753,367,177
24807778,9,173
24808089,3205,5
24808194,73,173
24808341,109,134
24808376,1301,40
24808467,354,30
24808493,91,169
24808632,1267,128
24808733,1146,24
24808809,6142,177
24809046,4720,64
24809056,173,173
24809069,1690,38
24809144,427,179
24809224,143,173
24809329,13244,38
24809444,223,173
24809457,3991,80
24809624,18867,38
24809644,81,169
24809684,1766,66
24809850,3432,80
24809925,143,173
24809971,95,169
24810089,256,40
24810315,712,128
24810372,13,179
24810460,121,173
24810503,28,179
24810589,1239,169
24810635,342,179
24810802,82,173
24810977,787,98
24811382,76,173
24811455,3018,5
24811484,101,179
24811611,73,179
24811770,378,98
24811785,11305,7
24811833,185,169
24811913,128,173
24811945,56,179
24812000,4992,134
24812088,2886,128
24812254,116,179
24812378,186,66
24812400,118,179
24812481,129,173
24812508,5243,62
24812854,115,169
24813083,33,179
24813130,114,179
24813308,116,179
24813334,271,173
24813385,23,173
24813475,104,179
24813479,7022,80
24813511,6805,80
24813626,83,179
24813732,88,179
24813754,168,173
24813845,9,10
24814026,26,169
24814099,196,173
24814237,262,40
24814302,53,169
24814311,172,173
24814443,246,66
24814549,5335,5
24814609,61,40
24814660,351,10
24814686,63,40
24814702,6039,7
24814754,42,169
24814924,195,66
24814953,221,40
24815059,2,128
24815080,2,128
24815114,2,128
24815119,788,177
24815156,2,128
24815188,2,98
24815215,5,98
24815217,2541,40
24815412,110,135
24815418,154,173
24815486,1,110
24815516,1,169
24815550,214,66
24815601,1,169
24815627,2,98
24815775,42,110
24815818,24,169
24815845,11,110
24815951,423,110
24816107,14,31
24816359,47,36
24816380,6841,64
24816409,3615,36
24816534,229,98
24816573,29,169
24816618,29,169
24816677,186,173
24816690,27,169
24816774,193,98
24817003,49,169
24817115,92,112
24817312,181,173
24817338,4779,134
24817603,2851,110
24817646,62,169
24817697,141,173
24817710,39,173
24817748,3354,62
24817988,1092,47
24818092,118,173
24818308,75,112
24818323,149,173
24818402,257,40
24818534,69,112
24818614,993,177
24818750,76101,40
24819001,89,112
24819396,124,173
24819426,1340,3
24819957,746,40
24819962,214,173
24820024,73,30
24820095,1961,5
24820204,897,177
24820352,10910,80
24820501,153,110
24820536,6846,80
24820675,8508,110
24820711,50,98
24820772,858,40
24820828,647,98
24820866,135,173
24821145,113,173
24821204,52,128
24821785,75,173
24821796,6292,5
24821868,114,66
24821961,136,173
24822136,384,9
24822224,5435,40
24822230,2228,134
24822729,3584,7
24822847,5559,62
24822896,3223,128
24823238,3058,7
24823242,5685,64
24823533,152,1
24823700,925,1
24824309,48,173
24824546,43,173
24824615,10671,30
24825250,47,173
24825262,26,173
24825308,680,76
24825531,90,43
24825644,82,43
24825733,66,43
24825802,77,43
24825875,50,173
24825882,127,43
24826009,32,173
24826107,581,9
24826120,217,98
24826283,28,26
24826313,8683,26
24826326,24,62
24826404,969,158
24826449,9844,62
24826550,1992,128
24826683,258,173
24827066,1360,9
24827139,109,98
24827146,71,169
24827304,62,98
24827311,11334,7
24827325,304,173
24827404,13693,1
24827405,589,80
24827530,100,47
24827600,530,47
24827654,139,169
24827961,491,40
24828029,7730,80
24828066,554,173
24828159,16,47
24828171,863,47
24828392,464,169
24828486,487,47
24828498,4789,62
24828557,5437,128
24828793,862,30
24829042,275,40
24829178,2495,47
24829398,2635,40
24829709,820,169
24830619,255,173
24831111,135,134
24831161,23,98
24831331,8152,80
24831647,1311,64
24831671,51,98
24832085,71,134
24832226,256,173
24832881,207,66
24832968,4338,64
24833084,337,173
24833144,6908,40
24833565,821,10
24834587,3247,62
24835826,150,173
24835890,139,66
24837226,191,173
24837317,170,64
24837498,75,64
24837581,4106,64
24837830,3251,62
24838691,31385,7
24841081,6921,62
24841498,6432,80
24844416,615,9
24845091,2086,22
24846005,1076,80
24847338,349,80
24847786,40,80
24847963,27,80
24848001,7082,62
24848178,297,80
24848364,46545,80
24848676,3795,80
24849001,56,9
24851665,5008,62
24855083,6253,62
24857721,483,17
24857912,633,17
24858400,58,135
24858835,18609,38
24859041,49,135
24859342,62,135
24861336,6208,62
24867542,6244,62
24873784,6529,62
24879371,830,176
24880310,8657,62
24882417,6,110
24882442,12468,110
24882755,83,7
24883131,75,43
24883267,54,43
24883325,69,43
24883396,50,43
24883448,693,43
24884146,266,43
24884415,581,43
24884999,295,43
24886441,305,173
24886802,39,31
24887019,86,95
24887228,907,1
24887388,1261,10
24887764,6991,7
24888111,4370,30
24888124,841,173
24888179,24,135
24888253,40,135
24888380,584,169
24888457,1308,95
24888637,3310,1
24888651,57,135
24888967,6020,62
24888984,180,30
24889005,63,135
24889343,48,135
24889380,862,30
24889674,431,169
24889705,5281,64
24889812,48,135
24890281,1305,95
24890292,53,135
24890556,4258,11
24890721,41,135
24891301,46,135
24891616,170,92
24891635,915,98
24891651,198,135
24891697,3149,17
24891905,22,169
24891914,190,173
24891943,2945,154
24891965,44,173
24892624,372,173
24892706,2280,169
24892858,2044,169
24893016,135,173
24893033,66,173
24893240,22,135
24893394,83,92
24893577,9376,64
24893767,5619,54
24894909,34,9
24895195,42,149
24895236,1329,169
24895660,2007,7
24896117,5802,54
24896145,5058,128
24896724,697,80
24896837,1756,110
24896997,13460,38
24897124,297,80
24897200,22,135
24897228,32,135
24897294,13,137
24897450,940,80
24897500,981,80
24897545,37,135
24897627,6444,36
24898066,924,137
24898251,35,135
24898390,66,98
24898394,4867,17
24898484,1122,98
24898519,756,80
24898542,751,80
24898824,2590,110
24898837,258,149
24899110,25,137
24899243,42,135
24899282,778,80
24899305,725,80
24899338,4222,58
24899346,26,137
24899391,681,137
24899455,70,92
24899560,206,149
24900054,39,135
24900074,459,80
24900082,18,137
24900103,413,80
24900306,54,92
24900319,122,135
24900478,47,9
24900533,324,80
24900652,98,66
24900666,384,80
24900672,67,9
24900858,84,66
24900904,60,80
24900970,31,135
24900987,69,66
24901182,30,80
24901238,30,135
24901623,4009,128
24901675,175,7
24901712,1065,110
24901717,30,135
24902055,74,135
24902085,87,66
24902269,9415,5
24902326,90,66
24902468,72,66
24902497,401,149
24902564,53,135
24902571,290,66
24902598,3451,26
24902704,233,149
24902903,32,66
24903073,64,98
24903093,17,137
24903123,14923,149
24903129,513,137
24903194,59,66
24903266,437,110
24903296,92,66
24903398,35,135
24903809,414,135
24904304,376,80
24904327,28,92
24904409,804,100
24904419,3023,17
24904463,322,110
24904577,37,135
24904598,33,98
24904646,1245,98
24904670,1923,7
24904756,90,80
24904928,33,135
24904963,30,92
24905008,1163,26
24905152,110,40
24905174,32,92
24905279,56,80
24905298,327,40
24905314,161,40
24905400,317,110
24905416,94,100
24905542,134,80
24905581,16,137
24905593,35,135
24905697,161,80
24905930,183,80
24906025,219,110
24906076,176,92
24906129,117,80
24906233,1439,98
24906345,280,80
24906545,3171,30
24906683,88,80
24906784,74,80
24906868,23,135
24906879,107,80
24906994,206,80
24907038,37,135
24907054,2786,1
24907147,105,100
24907169,7,110
24907211,63,80
24907286,77,80
24907376,62,80
24907453,3155,100
24907464,110,80
24907468,708,128
24907512,38,135
24907517,346,110
24907534,34,135
24907596,75,80
24907869,1191,110
24907951,946,98
24907987,11475,7
24908114,357,135
24908272,84,92
24908669,324,92
24908714,305,128
24909025,652,98
24909052,7169,17
24909337,180,158
24909352,319,92
24909428,795,110
24909542,13,47
24909598,96,47
24909746,2820,54
24909874,576,92
24910001,2239,1
24910038,7831,47
24910679,2970,54
24910708,9,98
24910797,500,110
24910817,206,173
24910891,36,112
24911059,79,80
24911066,15,98
24911216,520,30
24911323,193,173
24911335,62,173
24911474,7,98
24911640,686,110
24911671,130,131
24911905,7924,58
24911932,94,43
24911937,13,98
24912001,92,98
24912031,86,43
24912059,32,100
24912103,216,98
24912121,52,43
24912175,58,43
24912222,524,177
24912237,375,43
24912484,152,135
24912492,26,135
24912541,12,173
24912574,358,98
24912589,7,173
24912629,282,43
24912709,5,173
24912745,71,80
24912913,336,43
24912924,356,135
24912933,139,131
24913070,340,177
24913074,126,80
24913243,14,173
24913252,312,43
24913288,90,131
24913353,852,98
24913584,73,80
24913682,94,80
24913784,57,80
24913867,103,80
24913971,11,177
24913996,98,80
24913999,6523,177
24914001,12,173
24914105,135,80
24914131,3240,5
24914182,57,95
24914192,8,100
24914198,5385,64
24914331,4644,95
24914342,172,172
24914353,38,95
24914353,276,131
24914436,61,98
24914441,535,47
24914803,560,172
24915163,4069,100
24915196,24,179
24915218,1293,7
24915390,687,80
24915785,142,98
24915882,3821,30
24916374,98,98
24916589,719,172
24916958,145,131
24917026,1811,174
24917133,974,131
24917319,4238,17
24917349,939,47
24917428,508,135
24917522,424,98
24917725,307,40
24918067,452,173
24918320,1302,80
24918496,4412,131
24918725,12927,36
24918759,149,98
24918933,439,98
24919139,231,173
24919207,20,137
24919247,586,137
24919291,195,40
24919580,2414,95
24919759,767,172
24919927,13,137
24920133,26782,149
24920246,538,64
24920263,13955,149
24920291,5095,1
24920313,18,137
24920349,502,137
24920679,18626,7
24920862,12,137
24920873,601,173
24920986,2939,176
24921191,457,80
24921368,129,128
24921846,204,80
24922059,529,128
24922148,386,80
24922481,306,173
24922644,425,80
24923517,827,80
24924249,305,173
24924340,89,176
24924496,3820,80
24925800,111,36
24927443,691,17
24928861,13705,80
24930204,31,100
24930340,22681,1
24931770,7293,100
24931885,8093,100
24935847,118,181
24936979,113,181
24937386,115,181
24937399,59,181
24937997,116,181
24938623,13,181
24939033,15,181
24939375,14,181
24939520,26,100
24939791,122,181
24940310,116,181
24940617,24,100
24940799,113,181
24941363,9864,100
24941376,119,181
24941488,6607,100
24941837,9520,62
24943256,317,176
24943879,74,176
24943990,653,176
24944009,55,176
24944476,38,176
24944674,1141,176
24944681,53,176
24945234,4135,38
24947689,2478,176
24951341,2080,176
24951356,5815,62
24951363,59,62
24953796,162,176
24954037,4851,176
24954045,24,176
24957168,4084,62
24960110,70,176
24960328,79,176
24960597,3727,176
24961251,3231,62
24962826,11293,7
24964480,3213,62
24967691,3214,62
24970505,292,172
24970901,3243,62
24972482,1396,172
24973132,598,95
24973518,1197,110
24973817,81,30
24973890,229,172
24974141,3702,62
24974338,5546,7
24974507,11695,1
24975168,362,172
24975535,532,172
24975770,3765,3
24975874,70,50
24975883,3233,98
24976090,208,172
24976329,4554,5
24976417,32,172
24976470,112,172
24976831,143,172
24977379,2338,110
24977403,241,172
24977650,127,30
24977790,96,30
24977840,4383,62
24978045,1528,30
24978497,553,173
24978570,100,66
24978674,57,112
24979219,73,112
24979616,267,98
24979691,31,40
24979762,15,99
24979788,1026,173
24979799,72,99
24979867,3152,30
24980018,3401,110
24980380,369,7
24980413,44,99
24980462,6951,47
24980675,68,112
24980751,184,30
24980767,1686,99
24980884,21,112
24980968,1328,40
24981121,410,30
24981397,11355,7
24982212,488,15
24982220,5582,62
24982284,133,30
24982463,4151,40
24982468,58,100
24982666,336,30
24982699,710,173
24982721,9165,64
24982722,70,173
24983029,5156,17
24983237,4412,5
24983439,91,30
24983540,243,30
24983548,842,21
24983615,88,47
24983691,61,64
24983751,129,110
24983884,56,110
24983988,67,110
24984055,72,110
24984129,1066,47
24984176,828,24
24984210,3643,128
24984244,390,30
24984265,192,8
24984314,3515,128
24984653,71,21
24984840,82,100
24984901,4073,58
24984914,354,21
24984937,65,100
24985216,461,47
24985523,157,21
24985689,73,47
24985902,177,21
24985927,2049,172
24985966,43,100
24985978,1982,172
24986305,5051,110
24986392,832,173
24986478,1493,100
24986807,244,47
24987279,655,173
24987400,36,36
24987515,44,36
24987855,3704,36
24987860,4174,128
24987961,459,173
24988098,321,172
24988399,1280,99
24988462,52,172
24988534,8901,100
24988879,5387,100
24988989,1353,58
24989599,21,62
24989731,186,173
24990181,35,7
24990220,275,173
24990304,296,21
24990343,5977,7
24990455,387,172
24990534,42,62
24990601,492,173
24991059,5492,5
24991373,263,21
24991483,465,173
24991697,11581,110
24991724,372,21
24991800,50,172
24992181,523,21
24992791,1474,21
24992880,790,10
24993422,1007,173
24993431,4344,50
24993742,1563,10
24993929,2943,98
24994072,361,128
24994394,3788,17
24994470,427,173
24994590,9787,58
24994663,11373,7
24994702,214,128
24994726,20216,64
24994870,821,173
24994878,8220,100
24995385,1127,99
24995764,1151,24
24995902,433,173
24996797,323,10
24996946,1387,7
24997051,642,98
24997062,1158,99
24997066,68,47
24997148,5154,47
24997352,1353,11
24997639,680,173
24998184,2286,98
24998332,114,43
24998341,225,100
24998453,115,43
24998480,185,173
24998486,1599,40
24998573,60,43
24998637,62,43
24998652,36,100
24998702,788,43
24998771,49,128
24998780,535,173
24998805,2186,11
24998988,82,66
24999015,227,21
24999469,610,171
24999494,21,171
24999499,329,43
24999512,4935,5
24999531,399,173
24999642,246,66
24999662,11328,1
24999711,51,128
24999831,449,43
25000018,300,3
25000139,7,100
25000150,160,66
25000177,4725,100
25000283,362,43
25000442,59,62
25000528,3614,128
25000549,69,66
25000587,442,21
25000751,3932,50
25000826,210,17
25001028,791,173
25001138,983,171
25001760,2327,98
25001774,5512,7
25002096,336,173
25002801,12059,30
25003268,628,10
25003560,779,173
25003589,861,171
25003726,3931,134
25003850,672,179
25004308,451,128
25004365,7807,47
25004935,485,171
25005474,38,128
25006008,5898,50
25006051,6804,7
25006135,515,171
25006621,81,128
25007058,497,171
25007264,5192,7
25007657,808,99
25007939,511,171
25008827,493,171
25009491,12,62
25009561,528,134
25009718,27,62
25009909,3215,62
25010089,527,171
25010198,131,134
25010218,1391,47
25010533,83,134
25010570,126,134
25010616,54,134
25011012,13456,1
25012014,3617,47
25012690,482,171
25012847,20,149
25013121,3995,62
25013765,6,176
25013796,6,176
25013877,5,176
25013927,5,176
25014011,257,176
25014200,1034,171
25014278,2449,176
25017115,3728,62
25018267,308,176
25018756,1172,176
25019960,12974,36
25020170,107,176
25020306,251,176
25020841,3956,62
25022320,56,171
25022415,803,171
25023848,789,171
25024795,4023,62
25024849,1173,1
25025609,761,171
25026743,796,171
25028575,805,171
25028816,3902,62
25029647,2862,54
25031109,741,171
25032476,733,171
25032717,4302,62
25033674,2895,54
25033884,16554,1
25034468,2901,54
25034562,103,176
25034737,1753,176
25037017,5165,62
25037682,2098,176
25040285,2662,176
25042179,3960,62
25044388,762,176
25045766,226,176
25046136,4860,62
25046851,416,176
25047643,5291,176
25048453,1983,176
25050995,4158,62
25055152,3408,62
25055931,91,43
25056085,52,43
25056140,49,43
25056191,51,43
25056245,225,43
25056279,5482,7
25056473,225,43
25056701,340,43
25056848,3816,5
25056985,1849,1
25057036,4304,110
25057043,378,43
25058558,3434,62
25058813,2888,54
25059120,3803,54
25059400,3813,1
25059628,913,171
25061544,101,173
25061560,637,171
25061653,3807,5
25061830,2862,54
25061922,703,173
25061971,3437,62
25062048,12260,64
25062147,273,173
25062361,12119,30
25062766,21,173
25062959,512,11
25062977,22,173
25063225,37,173
25063360,860,173
25063746,433,171
25064260,12,173
25064354,926,173
25064366,61,173
25064664,3924,11
25064741,999,98
25064983,4905,50
25065000,31,171
25065031,654,171
25065420,3914,62
25065482,19,173
25065691,2822,54
25065719,11427,1
25065754,165,98
25065823,368,154
25066122,7474,5
25066241,958,173
25066286,4993,154
25066704,1218,169
25067001,5373,7
25067411,1354,99
25067417,1478,173
25068003,53,98
25068071,102,30
25068148,522,171
25068219,499,98
25068405,384,30
25069096,595,98
25069223,478,171
25069332,3359,62
25069591,7392,47
25069976,14,171
25070053,324,98
25070118,15,173
25070151,1285,173
25070270,8603,47
25070379,472,171
25070389,265,98
25070564,4532,134
25071514,17,173
25071602,933,98
25071714,1342,173
25072211,213,38
25072386,10110,7
25072676,18944,38
25072687,3292,62
25072966,48,98
25073023,11364,154
25073139,10,173
25073405,231,83
25073485,176,38
25073637,16,83
25073668,250,83
25074520,8595,5
25074537,471,83
25074894,102,30
25075976,5323,62
25076155,3980,134
25076718,130,95
25076881,126,30
25076910,4195,80
25077017,4120,95
25077203,205,30
25077506,6750,24
25077874,882,5
25078084,15640,64
25078246,189,30
25079016,3962,11
25079387,11453,1
25079483,376,98
25079507,60,158
25079722,6469,5
25080076,42,158
25080573,44,158
25080651,955,150
25080886,2469,47
25081297,4291,62
25081380,46,158
25081644,1090,158
25081669,1194,150
25081802,1251,98
25082462,11365,7
25082865,3526,95
25082976,5362,134
25083200,855,150
25083238,155,158
25083379,22,173
25083451,15,92
25083488,448,92
25083549,2028,80
25083777,2740,158
25084392,16,92
25084417,171,92
25084732,117,43
25084854,82,43
25084905,406,92
25084938,58,43
25085000,79,43
25085083,292,43
25085123,1607,5
25085440,20,92
25085463,12,92
25085477,608,98
25085572,3222,80
25085585,7858,62
25085613,379,43
25085736,12,92
25085756,568,92
25085760,113,99
25085768,393,92
25085972,300,172
25085995,329,43
25086329,165,43
25086344,569,92
25086441,73,172
25086467,543,98
25086527,204,99
25087026,1129,173
25087034,606,172
25087041,19,92
25087071,147,92
25087130,555,98
25087338,17,92
25087362,957,92
25087497,1877,22
25087532,979,99
25087986,497,98
25088097,4147,5
25088151,79,95
25088216,3916,38
25088320,26,9
25088328,86,92
25088342,67,92
25088481,3993,9
25088484,2236,95
25088508,20,9
25088519,16,173
25088524,6904,99
25088532,9,92
25088556,106,92
25088684,5986,47
25088749,424,98
25088759,5928,47
25088878,12,92
25088889,26,92
25088904,80,92
25088949,246,38
25088967,1565,80
25089011,169,92
25089043,28397,149
25089054,18464,149
25089166,413,43
25089332,520,98
25089932,222,43
25090875,399,80
25091049,439,24
25091345,700,80
25091958,517,173
25091996,60,80
25092123,61,80
25092535,6698,1
25092591,500,173
25093174,14,173
25093430,502,173
25093439,5377,62
25093793,471,80
25093889,13540,7
25095083,499,171
25095467,246,80
25095757,786,171
25096103,547,150
25096499,3373,80
25096907,363,150
25097595,742,171
25098815,3558,62
25099758,17501,1
25100003,29,9
25100336,20,9
25100744,30,9
25100907,722,171
25102372,3225,62
25105592,3222,62
25105674,23,9
25107939,20,9
25108813,3248,62
25108846,15,9
25109679,28,9
25110013,18,9
25110260,17,9
25110598,18,9
25111867,17,9
25112060,3221,62
25112526,17,9
25113272,22,9
25115279,3216,62
25118493,3216,62
25121707,3223,62
25124929,3219,62
25125235,17162,7
25128147,3223,62
25131369,3210,62
25134576,3207,62
25137781,3207,62
25140988,3237,62
25142331,82,43
25142418,76,43
25142453,11387,1
25142497,54,43
25142506,11272,7
25142554,46,43
25143407,14343,154
25144224,3216,62
25147435,3217,62
25149838,12,173
25150132,11,173
25150653,3210,62
25152038,404,173
25153653,390,173
25153861,3230,62
25153884,11437,1
25154222,11,173
25157088,3227,62
25157578,11310,7
25160313,3206,62
25161734,6608,11
25163516,3202,62
25166921,18,62
25167446,29,62
25167594,475,173
25168178,466,173
25168889,11,173
25169020,365,173
25169217,11294,7
25169551,12,173
25170400,2233,11
25170435,267,38
25170774,21921,38
25171131,61,43
25171195,63,43
25171261,40,43
25175421,18,9
25175697,13,9
25176280,17,9
25176725,15,9
25177105,2354,1
25178521,18,9
25178956,16,9
25179647,11,9
25179914,7,9
25180412,11,9
25180859,6424,7
25180947,10,9
25181224,8,9
25187193,6949,36
25187278,12,36
25187293,40,7
25187325,9,36
25187699,13595,7
25188530,13,9
25188541,63,9
25191533,11494,1
25194297,13225,30
25201453,11441,47
25201482,15073,47
25201499,189,80
25201749,778,80
25203018,1126,80
25204373,13709,80
25221458,11317,7
25228731,73,43
25228867,52,43
25228921,51,43
25231020,241,154
25231277,15102,154
25232823,211,1
25232954,11565,36
25232978,11,36
25233134,25,7
25233156,14,36
25233432,11440,1
25233555,11296,7
25242052,795,173
25242237,58,98
25242395,54,98
25242515,75,98
25243232,414,173
25243729,345,173
25244146,10,173
25244211,492,173
25245145,14,173
25246099,18,173
25246873,26534,149
25247035,417,173
25247482,10,173
25248308,377,173
25249146,408,173
25249582,10,173
25249711,9,173
25249722,2454,47
25249772,124,47
25249971,2774,47
25250606,10,173
25250618,109,38
25250680,495,173
25250779,11661,38
25250949,239,9
25251275,9,173
25251648,360,38
25252395,11,9
25253574,10,9
25255486,894,176
25255858,13,9
25256223,10,9
25256284,11489,1
25256674,19445,64
25256757,11,9
25257142,11,9
25257523,17,9
25257532,64,43
25257600,62,43
25257666,47,43
25259198,54,176
25259288,1010,176
25259294,36,176
25261494,13139,30
25262007,76,176
25263043,263,176
25264305,212,176
25264380,55,47
25264586,52,47
25264830,51,47
25264907,75,47
25264968,369,176
25264982,6,47
25265276,80,47
25265354,6,47
25265432,60,47
25265490,5,47
25265530,28,66
25265723,49,66
25265842,71,176
25265845,32,66
25265957,22,66
25266054,68,66
25266210,22,66
25266644,53,66
25266692,69,47
25266834,77,47
25266876,96,66
25266910,48,47
25266989,40,66
25267034,7,9
25267474,2852,47
25267683,254,66
25267821,667,176
25268223,19,9
25268329,4425,1
25268368,237,66
25268543,334,176
25268871,20,9
25269743,19,9
25270170,17,9
25270326,2663,47
25270577,16,9
25270941,36,9
25271537,25,9
25272024,20,149
25272498,68,9
25272987,2616,47
25273149,6848,1
25275600,1632,47
25275955,15983,36
25277229,1348,47
25278575,195,47
25281067,138,7
25281270,22048,7
25285040,3093,99
25285912,13141,30
25289992,72,38
25299056,13150,30
25303553,11642,7
25305970,2061,176
25315131,77,43
25315206,11251,7
25315277,52,43
25315331,41,43
25315375,44,43
25315422,224,43
25315649,237,43
25315889,243,43
25316134,257,43
25317054,4860,5
25319010,13008,30
25319494,13667,1
25319548,11022,30
25320004,11,173
25320690,7,173
25320781,398,173
25321242,14,173
25322527,25,173
25323300,361,173
25323791,333,173
25324030,1001,43
25324118,58,9
25324182,11,173
25324247,2934,99
25324509,138,9
25325107,394,173
25325274,150,24
25325365,4270,154
25325379,802,171
25325527,14,173
25325921,136,134
25326081,242,154
25326467,9651,7
25326479,35,7
25326536,127,173
25326932,488,171
25327423,616,173
25328162,609,173
25328401,486,171
25328825,13,173
25328982,8,173
25329923,247,38
25329971,43,66
25330332,518,24
25330716,57,66
25330869,303,38
25330876,478,171
25330927,22,173
25331098,340,173
25331609,102,128
25331770,311,173
25331993,225,38
25332067,13233,30
25332132,17,173
25332208,323,173
25332213,58,66
25332335,26,100
25332383,220,38
25332493,470,171
25332571,10,173
25332651,213,38
25332699,296,173
25333036,10,173
25333285,488,38
25333370,47,128
25333923,465,171
25334060,219,146
25334065,25,100
25334312,70,146
25334601,269,146
25334896,678,38
25334931,10,173
25335598,27,30
25335652,211,38
25335664,28,38
25335691,479,171
25335718,442,30
25336097,9205,70
25336331,36,179
25336392,33,179
25336516,558,7
25337088,5580,7
25337269,8,179
25337274,583,173
25337551,67,66
25337898,563,173
25337910,9,179
25338044,367,47
25338449,346,47
25338530,18,173
25338593,113,128
25338791,47,47
25338837,367,47
25338874,654,158
25338909,1507,7
25339067,611,173
25339202,387,47
25339335,3289,24
25339587,573,47
25339754,741,173
25339952,589,158
25340351,2821,30
25340415,344,17
25340435,625,17
25340629,14,173
25340843,2443,11
25341034,1276,38
25341188,111,66
25341515,381,47
25341893,639,47
25342232,137,158
25342529,341,47
25342582,5023,38
25342778,140,43
25342883,895,177
25343056,115,98
25343166,2337,30
25343188,1072,173
25343805,782,7
25343847,363,47
25343931,78,43
25344012,78,43
25344093,49,43
25344145,56,43
25344203,332,43
25344207,256,47
25344463,345,47
25344539,444,43
25344618,10075,7
25344720,5067,5
25344804,383,47
25345040,339,43
25345160,199,47
25345288,59,158
25345296,3981,30
25345307,76,128
25345321,6823,70
25345407,304,43
25345412,359,47
25345632,460,131
25345645,136,128
25345898,1614,134
25345990,398,47
25346628,576,47
25346785,149,158
25346800,4300,64
25346982,101,128
25347097,60,30
25347107,47,158
25347329,161,30
25347433,72,66
25347634,2549,30
25347699,7038,38
25347727,2269,24
25348092,439,173
25348175,80,66
25348614,488,173
25348722,603,171
25348747,93,158
25349172,12,173
25349415,41,43
25350060,664,177
25350408,10362,30
25350478,511,158
25350508,60,179
25350596,59,128
25350674,627,173
25350694,43,179
25351229,21,179
25351339,462,179
25351370,16,173
25351531,965,177
25351548,1088,173
25351709,72,128
25351715,6,182
25351862,1128,64
25351874,12,179
25352115,99,179
25352149,6797,70
25352261,12,179
25352287,57,66
25352342,34,179
25352385,600,171
25352484,42,179
25352558,177,7
25352636,748,137
25352648,104,173
25352902,981,128
25352999,1498,64
25353447,123,137
25353465,587,171
25353663,13829,7
25353783,70,66
25354304,334,128
25354695,357,173
25355097,11,173
25355241,8,173
25355343,116,171
25356334,330,137
25357005,536,171
25357573,67,176
25358858,58,176
25359405,57,176
25359572,6692,70
25359799,491,171
25361224,442,171
25366267,6647,70
25368899,11474,1
25372914,6855,70
25373757,45,176
25373926,63,176
25375490,247,176
25375793,1036,7
25376146,208,176
25376392,20751,38
25376697,248,176
25378438,181,176
25379668,255,176
25379773,6742,70
25380437,285,176
25386517,12495,70
25399014,9985,70
25401531,76,43
25401669,52,43
25401724,41,43
25401768,50,43
25401820,256,43
25402079,253,43
25402335,273,43
25402611,286,43
25402970,179,172
25403170,116,172
25403605,129,30
25403864,6238,5
25403889,92,43
25404006,355,30
25405005,9708,7
25405977,3741,7
25406772,3561,11
25408107,269,173
25408337,1369,173
25408493,684,128
25409000,5410,70
25409364,5449,177
25409892,3713,64
25410020,20,173
25410144,732,173
25410267,3940,7
25410514,13,173
25410588,574,128
25410724,2877,11
25411035,17,173
25411041,627,78
25411125,12021,5
25411339,18,173
25411643,318,173
25411755,240,173
25411982,537,78
25412805,171,78
25413221,231,78
25413637,254,78
25413657,908,173
25414324,111,78
25414454,532,98
25414787,200,78
25414807,181,43
25414900,7066,70
25415112,20,30
25415128,594,179
25415211,11429,7
25415324,2821,98
25415504,336,173
25415527,1612,30
25415571,386,78
25415626,442,47
25415731,1386,54
25415870,24,173
25415931,506,177
25415969,46,43
25416093,638,6
25416140,213,78
25416196,2301,9
25416363,10,173
25416563,195,78
25416911,192,78
25416996,396,173
25417264,152,38
25417278,737,177
25417293,352,78
25417426,18,173
25417905,622,173
25417929,1680,30
25418532,16,173
25418732,42,66
25418947,2558,54
25418980,209,38
25419080,562,173
25419393,180,40
25419536,115,9
25419606,12,173
25419786,666,173
25419980,19,173
25420129,1622,30
25420141,61,70
25420484,11275,64
25420615,63,70
25420670,88,78
25420765,4057,38
25420789,80,78
25420883,231,78
25420943,21,173
25420969,64,70
25421166,9,78
25421192,97,78
25421255,17,173
25421256,36,70
25421300,600,173
25421431,36,70
25421465,718,83
25421549,55,7
25421595,14,169
25421652,53,78
25421663,37,70
25421818,12,169
25421848,11,169
25421880,17,169
25421933,236,78
25421939,15,169
25422107,15,169
25422157,14,169
25422194,12,169
25422219,14,169
25422358,665,173
25422517,250,169
25422545,521,83
25422749,252,66
25423097,35,179
25423172,13,173
25423305,6,173
25423378,18,179
25423679,9,182
25423767,10,173
25423773,8,182
25423814,4906,179
25424037,15,173
25424773,308,75
25424833,5929,7
25424946,131,66
25425022,235,75
25425595,126,9
25425955,229,9
25426206,3052,30
25426334,13703,1
25426655,484,171
25426735,96,54
25426907,155,5
25427056,149,54
25427267,79,182
25427574,196,66
25427711,16643,182
25428245,102,98
25428276,151,66
25428442,693,6
25428536,1311,62
25428812,359,173
25428946,20,171
25428950,291,179
25428994,4606,11
25429238,391,173
25429306,51,179
25429500,889,6
25429555,813,171
25429621,67,179
25429770,15,173
25429860,94,66
25429943,70,179
25430008,451,30
25430112,5383,128
25430332,81,43
25430398,733,6
25430416,82,43
25430503,65,43
25430571,55,43
25430629,345,43
25430865,2931,7
25430977,346,43
25431389,48,179
25431452,25,179
25431532,213,177
25431596,56,66
25431642,32,179
25431862,257,183
25431967,751,171
25432259,589,179
25432420,124,183
25432762,198,177
25432857,14207,64
25433000,36,179
25433060,11,19
25433116,4386,177
25433418,1231,9
25433447,742,171
25433588,918,134
25433615,541,43
25433652,16,179
25433684,22747,7
25433809,9972,7
25433843,512,179
25433983,1521,11
25435079,1048,19
25435437,528,92
25435866,261,179
25436493,16,179
25436531,156,179
25436590,1063,24
25436772,53,66
25436834,122,179
25436922,8,150
25437095,8,150
25437200,37,66
25437381,10,150
25437664,8,150
25437815,8,150
25438609,8,150
25438723,9,150
25438932,9,150
25439034,8,150
25439713,639,173
25439827,4588,134
25440371,12,173
25440529,8,173
25440668,625,173
25440880,14,173
25441319,825,171
25441342,14,173
25441508,11,173
25442441,857,173
25443309,12,173
25443472,16,173
25443769,9520,70
25444106,3832,7
25444467,3514,134
25445220,101,171
25447682,453,171
25448123,3799,7
25448563,11931,38
25449247,52,38
25452146,3786,7
25453302,6979,70
25453325,457,171
25456168,3792,7
25456422,452,171
25460186,18,7
25460284,6937,70
25460597,3835,7
25462258,3769,134
25464633,3816,7
25466666,3810,7
25467223,6864,70
25468134,9260,38
25472300,3796,7
25474089,4582,70
25476322,3795,7
25478673,6833,70
25480341,3793,7
25484798,3803,7
25485496,8644,7
25485509,6870,70
25487932,110,43
25488113,79,43
25488194,40,43
25488237,54,43
25488295,307,43
25488606,298,43
25488838,4037,7
25489283,613,84
25489311,1755,5
25489681,453,171
25491758,16133,154
25492387,6939,70
25493256,3748,7
25493273,11447,7
25494158,48,7
25494357,487,171
25495957,1029,171
25496897,7687,5
25497013,597,171
25497028,2339,177
25497274,15,7
25497685,3810,7
25498013,274,92
25499306,36,171
25499330,13624,70
25499486,14,171
25499650,1130,11
25499849,5956,177
25500220,17,171
25500646,2842,38
25501045,20,171
25501708,3799,7
25501809,21,171
25502208,642,182
25502308,19,171
25502916,18,171
25503007,4182,38
25503512,3753,38
25504844,469,171
25505595,5160,7
25506275,3796,7
25506430,618,171
25506911,5538,177
25507767,40,171
25507773,33,171
25507822,453,171
25509086,8746,5
25509270,9368,36
25509581,498,171
25510194,4282,11
25510310,3788,7
25510508,460,171
25510696,1032,36
25510822,1663,7
25510985,19,182
25511600,495,171
25512387,22,182
25512532,10,182
25512717,14,182
25512956,11035,70
25513070,9,182
25513585,519,177
25513636,2561,7
25513710,2383,131
25513843,14,182
25514008,12,182
25514109,12,182
25514388,3999,7
25514444,157,156
25514545,16,182
25514716,8,182
25515052,14,182
25515218,442,171
25515313,386,177
25515345,14,182
25515576,13,182
25515691,2130,177
25515738,10,182
25515859,10,182
25516407,446,171
25516498,13,182
25516731,83,43
25516744,12,182
25516820,76,43
25516900,46,43
25516950,52,43
25516958,10,182
25517005,277,43
25517148,10322,38
25517166,9390,38
25517286,337,43
25517344,1355,3
25517375,11,182
25517439,608,171
25517534,13,182
25517628,350,43
25517958,14,182
25517980,313,43
25518090,1224,11
25518170,8,182
25518413,3836,7
25518835,153,99
25519100,373,177
25519151,9,182
25519236,982,5
25519303,14,182
25519470,11,182
25519840,15,182
25520007,2748,99
25520037,9,182
25520309,252,177
25520413,7,182
25520774,10,182
25520978,8,182
25521141,430,171
25521785,9,182
25521829,6,182
25522016,8,182
25522431,3802,7
25522797,434,171
25522947,15,182
25523099,11,182
25523356,441,177
25523647,2215,36
25523978,5586,99
25523989,55,99
25524190,3089,128
25524510,8306,70
25524625,4,100
25524696,6434,100
25526162,1025,171
25526259,501,177
25526458,3765,7
25527608,100,177
25528480,2573,13
25528969,908,171
25530365,512,171
25530478,3794,7
25531492,60,70
25531657,24,100
25531708,63,70
25534029,509,171
25534508,3803,7
25535294,12,36
25536318,26,182
25536430,437,171
25536554,17,182
25536761,91,182
25536887,5,182
25537112,32,182
25538119,11,182
25538377,3,100
25538547,15119,100
25538631,3791,7
25539103,13,182
25539107,16378,62
25539331,11,182
25539686,10,182
25539836,9,182
25540391,1693,182
25540795,5572,36
25541932,13718,1
25542657,3761,7
25543279,8809,7
25544765,1654,70
25545032,116,70
25546421,4459,70
25546722,3795,7
25549192,9240,38
25550758,3772,7
25550881,4419,70
25554779,3765,7
25555301,6726,70
25558796,3762,7
25562031,6780,70
25562815,3757,7
25566834,3818,7
25568813,6703,70
25570855,3831,7
25574331,72,43
25574881,3808,7
25575520,6805,70
25576526,423,171
25576789,4472,5
25577848,960,7
25578318,9113,13
25578900,3934,7
25579063,3325,7
25579429,4416,128
25579655,82,43
25580739,19,92
25581168,17,92
25581212,4111,92
25581331,199,154
25581380,642,3
25581543,14315,154
25581747,267,92
25582045,3561,134
25582230,19,92
25582328,4660,70
25582395,4813,5
25582735,1626,7
25582920,1501,7
25584140,356,131
25584422,505,3
25584538,3795,7
25585128,6477,36
25585192,1710,3
25586213,10407,38
25586878,9542,38
25587050,4434,70
25588198,5880,134
25588210,4027,64
25588334,53,6
25588566,3739,7
25588572,3605,5
25588671,159,131
25589018,1123,134
25589032,2261,3
25589509,459,171
25590169,5702,134
25590569,412,171
25591170,24,92
25591439,6838,13
25591540,23,100
25591599,21,92
25592263,20,92
25592306,20,92
25592421,424,171
25592587,26,92
25592594,3796,7
25592601,472,92
25594069,410,171
25594398,361,84
25595374,4879,100
25595593,3593,100
25596493,2899,3
25596624,4149,7
25597881,4584,177
25597964,4732,70
25599022,1144,5
25599333,80,26
25599425,6443,3
25600045,1794,75
25600059,11511,26
25600486,83,70
25600901,4415,32
25601076,7509,7
25601213,398,47
25601394,4270,134
25601799,3949,6
25601968,10258,38
25601978,613,75
25602061,462,47
25602468,702,128
25602596,299,47
25602698,11823,70
25602783,4255,75
25602857,134,47
25602895,1138,38
25603132,148,43
25603188,547,47
25603287,122,43
25603414,96,43
25603754,895,128
25603949,1144,177
25604133,125,47
25604280,93,47
25604420,126,47
25604597,163,47
25604908,21,100
25605197,548,47
25605614,110,128
25605891,28,47
25605919,62,47
25606053,100,47
25606154,299,47
25606285,44,128
25606337,79,70
25606552,90,47
25606671,305,47
25606688,3725,128
25607152,23,100
25607243,275,47
25607560,247,47
25607891,77,47
25607894,1617,5
25607956,274,47
25608282,27,75
25608420,452,75
25608464,319,47
25608469,1280,11
25608482,62,47
25608600,438,3
25608686,6894,13
25608811,4506,7
25608862,167,47
25609036,251,47
25609363,235,47
25609584,267,47
25609658,91,80
25609674,6456,36
25609986,90,80
25610154,259,47
25610513,414,47
25610539,185,128
25610765,1382,174
25610794,1305,75
25610938,75,47
25610970,248,128
25611001,509,47
25611527,489,47
25611578,133,128
25611666,41,47
25611760,310,47
25612111,294,47
25612146,260,47
25612320,60,21
25612673,2290,47
25612681,26,75
25612757,386,75
25612842,105,128
25612884,475,47
25613359,1077,75
25613644,4164,7
25614523,6580,70
25615422,3577,134
25615583,7213,13
25616880,265,47
25617179,243,47
25617574,222,47
25617896,229,47
25618071,7131,7
25618214,406,47
25618378,3403,47
25618767,6717,47
25619594,195,79
25625308,3906,7
25626330,223,47
25626792,282,47
25626953,166,79
25627372,7,47
25627413,340,47
25627561,11853,70
25627915,354,47
25628193,3972,134
25628335,51,1
25629327,3738,7
25629605,128,47
25629689,212,47
25629891,369,47
25630283,342,47
25630712,268,47
25632192,1689,70
25633066,8204,13
25633357,3822,7
25633736,287,40
25634147,70,40
25634343,72,40
25634432,313,40
25634855,4906,40
25634970,761,40
25635743,722,40
25636520,1150,40
25637332,10291,38
25637404,3840,7
25637691,1375,40
25638747,61,70
25638808,60,70
25641106,4431,70
25641273,6868,13
25641460,3792,7
25645481,3789,7
25645542,4327,70
25649499,4461,7
25649871,4466,70
25650282,306,176
25650989,1032,176
25654317,3792,7
25654334,8878,70
25656460,41,176
25658337,3985,7
25658436,6834,13
25660731,101,43
25660859,65,43
25660928,46,43
25660978,69,43
25661050,398,43
25661451,304,43
25661759,275,43
25662037,308,43
25662363,3835,7
25662913,2723,5
25663079,171,6
25663196,5366,5
25663219,6986,70
25663765,712,40
25664862,56,40
25665048,309,40
25665273,13052,13
25665487,119,40
25665642,164,40
25665848,169,40
25666385,3803,7
25666604,201,40
25667094,3977,40
25667104,4742,13
25667205,5775,64
25667356,292,40
25667602,102,7
25667813,171,40
25668026,3772,134
25668048,3044,40
25670408,3796,7
25670954,9565,38
25671056,10300,38
25672264,6988,70
25672381,4647,13
25672485,133,40
25672951,214,47
25672971,2998,5
25673168,793,174
25673736,196,47
25673767,3806,134
25673943,120,47
25674015,189,47
25674434,3770,7
25675031,7946,64
25675871,1581,180
25676823,262,47
25677090,9879,13
25677245,13695,7
25677720,228,47
25677815,728,180
25677847,1889,134
25678030,174,114
25678250,4331,5
25678456,3817,7
25678837,461,180
25679140,352,47
25679253,6884,70
25679574,260,47
25679832,184,180
25679843,380,47
25679853,1350,5
25679939,3794,134
25680343,323,47
25680854,322,47
25681502,279,47
25682080,325,47
25682476,3881,7
25682903,338,47
25683058,342,114
25683602,53,114
25683758,36,114
25684016,633,40
25684740,649,40
25686141,4631,70
25686167,2323,134
25686494,4541,7
25686780,8537,26
25687189,98,40
25687294,1108,40
25688106,265,180
25688315,8219,64
25688573,984,174
25689286,17,75
25689534,165,43
25689575,703,75
25689620,4146,28
25689710,89,43
25689783,619,47
25689805,52,43
25689860,61,43
25689931,463,43
25690395,57,47
25690402,354,43
25690442,3991,180
25690761,274,43
25690794,70,180
25691040,386,43
25691087,65,47
25691207,4702,174
25691319,4362,7
25691332,61,7
25691652,10558,70
25691723,3086,6
25692166,1916,75
25692526,40,47
25692604,886,47
25694268,4004,174
25694273,1077,47
25695478,380,47
25695619,3773,134
25695744,4001,7
25696544,5921,64
25696559,435,40
25697295,560,47
25698088,563,47
25699383,241,47
25699614,355,47
25699783,3778,7
25700224,329,47
25700485,155,47
25700646,393,47
25701288,621,47
25702132,10519,38
25702212,6429,70
25702800,544,47
25703430,620,134
25703797,3782,7
25703882,138,47
25704050,2640,47
25706696,2763,47
25707812,3784,7
25708643,11389,70
25709030,167,80
25709432,2622,47
25710372,32,80
25710412,6396,36
25711827,3804,7
25712064,2612,47
25714672,2622,47
25714733,191133,1
25715861,3763,7
25717290,2613,47
25718275,61,70
25719148,62,70
25719553,59,70
25719903,3803,7
25720760,2617,47
25722205,9273,70
25723934,2302,7
25726001,332,7
25726585,232,7
25726895,224,7
25727312,3787,7
25731343,3802,7
25731916,11435,7
25733410,6852,70
25735371,3789,7
25739391,3782,7
25740263,6803,70
25743414,3731,7
25747070,6884,70
25747132,93,43
25747233,57,43
25747292,41,43
25747337,3671,43
25747430,3766,7
25751445,3760,7
25753955,6720,70
25754033,567,173
25754643,9,173
25754835,296,173
25755228,9,173
25755392,10,173
25759762,9087,38
25759795,88,47
25759869,450,173
25759947,10167,38
25759994,82,47
25760397,80,47
25760678,6799,70
25760864,46,47
25760889,8182,47
25761121,4380,70
25761306,464,47
25761614,470,173
25762674,454,173
25763015,311,47
25763357,10,173
25763495,1466,47
25763639,10,173
25763745,460,173
25764363,14,173
25764514,10,173
25764683,10,173
25765154,10,173
25765316,7,173
25765706,10,173
25765960,8,173
25766172,98,173
25766178,89,173
25766275,9,173
25766438,26,47
25766599,10,173
25767004,11,173
25767153,497,47
25768871,4234,100
25769393,430,173
25772290,975,173
25773426,27,100
25775931,62,43
25775997,122,43
25777763,153692,7
25778066,77,1
25778261,109,1
25779123,2815,100
25783033,23,100
25784764,32562,149
25784920,17634,149
25786738,113,1
25787213,115,1
25787889,116,1
25788644,3294,100
25791890,50,1
25792132,1334,38
25792313,49,1
25792724,51,1
25794095,111,1
25798085,85,174
25798489,111,174
25801637,1108,1
25804960,877,1
25805854,426,1
25806298,927,1
25833770,3685,43
25837480,20,43
25842784,25,1
25842871,32,1
25845691,23,181
25857697,73819,64
25923740,26,43
25932330,12616,38
25932347,87,80
25932365,134,40
25932611,52,40
25932708,18,100
25933327,65,40
25933399,79,40
25933410,34,80
25933631,4208,134
25933686,746,40
25934697,43,40
25934737,32,80
25934744,7482,40
25934830,291,40
25935152,161,40
25935500,6715,38
25935647,6720,70
25935750,33,40
25935904,393,47
25935922,42,40
25936100,37,40
25936251,44,172
25936450,563,1
25936516,3764,7
25936521,118,172
25936735,550,47
25936745,33,47
25936745,287,172
25936806,89,80
25937081,414,1
25937638,21,80
25937884,7,173
25938017,5717,134
25938044,9,173
25938049,32,80
25938244,840,173
25938384,723,1
25938873,4029,64
25939255,720,173
25939618,1827,1
25940038,9,173
25940296,41,100
25940393,687,100
25940543,3767,7
25940611,473,80
25941559,599,173
25942262,15,173
25942475,4514,100
25942525,6079,24
25942685,22988,100
25942694,24,100
25943027,1864,40
25943566,11458,149
25943662,336,173
25943670,102,80
25943907,95,80
25944534,4178,134
25944574,20970,7
25944734,3260,47
25944780,20765,47
25944915,1818,11
25944920,11626,38
25944925,448,40
25945063,20394,174
25945389,2095,99
25945421,20155,40
25945931,19741,64
25946151,1354,134
25946697,406,80
25947142,18197,7
25947909,33,169
25948012,35,80
25948060,6,169
25948169,130,173
25948640,191,80
25948731,38,43
25948937,16461,70
25949143,16437,80
25949978,9278,80
25965627,3819,7
25969560,6834,64
25969648,3796,7
25970914,4175,13
25973670,3755,7
25976326,1162,1
25977558,22652,1
25977689,3747,7
25981708,3793,7
25982034,12648,38
25982933,20,38
25985732,3764,7
25989754,3765,7
25993783,3822,7
25997802,3762,7
26001820,3763,7
26005842,3810,7
26006332,21,43
26006584,1631,3
26008398,5702,64
26009462,131,76
26009718,3302,40
26009862,3757,7
26009907,77,76
26010113,12626,5
26010932,682,3
26012073,16389,70
26013194,1752,40
26013620,1889,3
26013702,235,40
26013829,29,12
26013884,3752,7
26014451,2479,64
26014966,1438,40
26015638,30670,149
26015644,12660,149
26015911,3707,3
26016418,4908,40
26016887,4911,7
26017358,2299,174
26017730,1303,64
26017911,523,7
26018105,10461,47
26018451,1051,99
26018727,3081,7
26018781,3867,38
26019149,296,80
26020163,772,80
26020178,142,174
26020620,447,3
26020870,216,47
26021194,194,47
26021418,377,47
26021562,8,169
26021818,2294,3
26021872,6,169
26021911,1348,80
26022186,8,169
26022809,468,47
26023001,1339,174
26023549,245,47
26023593,4861,80
26023661,541,38
26023794,12,12
26023814,70,12
26023936,327,47
26023939,64,40
26024008,401,173
26024452,400,173
26024695,272,47
26024886,12989,38
26025082,7919,5
26025186,14,173
26025242,3022,47
26025365,523,173
26025570,11460,7
26025782,2746,40
26025913,17,173
26025992,12,173
26026033,2393,99
26026135,273,78
26026510,22,173
26026639,358,173
26026847,3742,7
26027061,18,173
26027638,508,78
26027737,686,173
26027957,11,112
26028246,184,78
26028461,7179,70
26028485,858,173
26028561,256,78
26028805,4195,3
26028880,152,177
26029111,2953,47
26029218,102,78
26029382,8,12
26029386,17,173
26029393,102,12
26029540,480,78
26029772,7,112
26030158,137,78
26030226,6,112
26030272,53,12
26030275,50,12
26030313,7879,40
26030456,6,112
26030570,6,112
26030591,4355,174
26030661,253,78
26030691,5,112
26030789,524,177
26030817,6,112
26030876,5307,7
26031025,192,78
26031302,2244,134
26031333,186,78
26031407,960,26
26031432,9547,80
26031592,270,173
26031598,19,112
26031621,3886,26
26031722,16,112
26031955,275,173
26031962,11,112
26032090,13,112
26032106,15,12
26032124,952,12
26032443,16,173
26033459,626,173
26033548,228,156
26033621,13,169
26033649,191,3
26033809,284,78
26034113,17,173
26034218,329,78
26034455,22,173
26034572,1299,12
26034716,133,78
26034757,841,22
26034774,246,3
26034918,4593,174
26035135,26,43
26035144,4530,47
26035160,633,173
26035169,30,43
26035293,4842,3
26035502,62,70
26035755,317,38
26035756,32,70
26035905,215,12
26035926,15,12
26035942,177,12
26035948,27,173
26036508,328,38
26036522,3836,7
26036750,10,112
26037079,11418,7
26037306,1619,24
26037355,1594,134
26037378,247,78
26037514,70,78
26037792,243,78
26037802,3740,64
26037878,483,173
26037883,47,78
26038061,243,78
26038218,4050,40
26038383,18,173
26038479,105,78
26038730,299,99
26038767,190,24
26038967,515,134
26039516,425,38
26039672,3834,47
26039721,20,173
26039927,11,12
26039959,1701,12
26040298,324,79
26040373,20,171
26040548,519,177
26040555,3830,7
26040602,1076,173
26040713,976,171
26040755,207,79
26040761,216,5
26040824,2298,26
26041164,1305,5
26041172,1393,80
26041439,222,177
26041990,195,79
26042038,25,173
26042536,803,64
26043121,512,174
26043690,797,173
26043907,11365,80
26044582,4877,7
26044594,57,47
26044644,529,47
26044720,15,173
26044724,682,171
26045121,986,173
26045183,620,47
26045844,334,47
26046145,14,173
26046425,1285,99
26046443,664,47
26046814,1989,134
26047366,17,5
26047931,6525,36
26048099,253,47
26048357,60,47
26048422,74,47
26048449,807,173
26048539,296,47
26048681,1680,7
26048867,308,47
26049214,28,47
26049233,262,47
26049279,13,173
26049504,280,47
26049516,59,47
26049788,78,47
26049807,5626,7
26049877,162,47
26050051,309,47
26050397,22885,7
26050680,11,12
26050693,205,12
26050946,5412,47
26050957,3768,47
26051026,13,12
26051044,269,12
26052202,13,12
26052217,649,12
26052241,1995,5
26054607,9,12
26054622,106,12
26054631,8,12
26055140,710,12
26055153,6,12
26055401,3745,5
26055648,110,80
26055981,1577,80
26056244,5693,7
26056355,1586,47
26057036,11,12
26057051,334,12
26057414,186,12
26057427,14,12
26057577,24,12
26057613,480,12
26057942,4675,47
26057956,3821,47
26058310,20973,80
26062285,3774,7
26062607,6316,47
26063880,6,139
26064018,43,139
26064329,522,139
26064634,512,139
26065279,2105,139
26065428,10020,139
26066364,3832,7
26067385,7741,139
26067542,7614,139
26068433,10965,38
26068913,6756,47
26069333,13377,38
26070387,3847,7
26071062,2166,174
26074415,3816,7
26075651,5918,47
26077597,670,176
26078438,3803,7
26080179,12668,7
26080888,28,176
26081091,31,176
26081355,77,176
26081489,31,176
26081566,3858,47
26082466,3791,7
26082678,26,176
26083021,60,176
26083493,75,176
26083887,12,176
26084296,13,176
26084665,9,176
26084993,9,176
26085309,8,176
26085529,51,176
26085954,11,176
26086164,8,176
26086317,6,176
26086483,16,7
26086521,6,176
26086741,8,176
26086894,3845,7
26087063,8,176
26089172,14,176
26089682,9,176
26090122,10,176
26090421,8,176
26090672,6,176
26090912,7,176
26090915,625,7
26091201,10,176
26091530,11,176
26091726,461,7
26092502,105,84
26092541,558,7
26093020,1865,7
26093396,353,7
26093810,459,7
26094241,1445,5
26094626,425,7
26095088,2933,7
26095443,386,7
26095862,366,7
26096272,1746,7
26096284,1416,47
26097691,54,47
26097734,50,47
26097773,34,47
26101710,9040,40
26107390,4136,139
26108459,85,177
26108676,8668,47
26108920,523,171
26108929,4070,139
26108937,8275,38
26108947,24,171
26109202,1976,12
26109209,32362,149
26109613,16,12
26109619,1040,38
26109636,418,12
26109770,155,177
26109914,686,128
26110188,97,177
26110292,518,171
26110617,6497,7
26111037,16,12
26111089,9,12
26111137,9,12
26111296,8,12
26111310,9,12
26111324,9,12
26111424,8,12
26111868,5476,7
26111873,508,171
26112070,9,12
26112089,5,12
26112101,5,12
26112117,15,12
26112517,14,12
26112535,167,12
26112692,4649,5
26112731,483,171
26113688,3583,139
26113707,3636,139
26113769,3501,177
26113853,3569,40
26113916,647,171
26114514,20,7
26114527,1992,47
26114753,2664,64
26117520,6527,5
26117525,680,171
26117546,7208,177
26117586,5550,12
26117733,12,84
26117882,10067,38
26118900,4976,174
26118932,3182,7
26119327,1887,47
26119594,2367,75
26119711,2875,3
26119881,1439,64
26120078,68,128
26120722,2718,12
26121206,3320,47
26121233,1905,40
26121530,34,43
26121781,769,134
26121936,53,128
26122173,6773,75
26122321,180,128
26122756,6937,26
26122788,1463,40
26122940,43,128
26123220,654,171
26123228,58,128
26123454,4414,174
26123468,419,128
26123881,165,177
26123898,748,64
26123942,56,76
26123948,2264,12
26124104,9715,5
26124512,3730,47
26124529,13,24
26124565,335,24
26124651,323,128
26124784,11523,80
26124901,131,177
26125070,102,128
26125105,6797,177
26125146,58,172
26125233,22811,7
26125500,6809,172
26126287,10,12
26126300,3167,12
26128236,4253,47
26128609,3948,20
26129001,1583,47
26129318,639,158
26129327,1269,171
26129346,31,171
26129891,612,80
26129912,41,7
26129969,19,12
26129991,157,12
26130168,232,3
26130186,125,174
26130213,46,7
26130222,20,7
26130404,730,12
26130565,102,7
26130579,12,12
26130626,63,12
26130791,1162,171
26130818,1246,7
26130956,213,12
26130992,192,174
26131195,187,12
26131249,61,12
26131463,11,12
26131692,68,66
26131707,48,44
26131753,1463,47
26131896,212,44
26131902,233,66
26132232,161,149
26132250,803,7
26132341,64,44
26132354,1326,171
26132541,46809,149
26132813,3811,7
26136925,25,171
26136941,485,171
26137232,6950,7
26137509,12,176
26137844,3937,47
26137992,10,176
26138167,2772,26
26138512,11,176
26138610,788,20
26138815,21,176
26138851,8,20
26138871,525,20
26138944,7,176
26139277,98,176
26139529,8,176
26140013,90,171
26141770,3945,47
26142487,181,172
26142505,1383,26
26143724,1524,26
26144183,421,171
26144457,7958,7
26145705,4498,47
26147127,18,171
26147663,1112,171
26148187,22964,7
26148846,551,171
26150197,4177,47
26150662,3161,47
26150878,870,171
26152163,814,171
26152492,7481,7
26153898,567,171
26154364,2400,47
26154834,12468,38
26155645,557,171
26156505,549,171
26156756,4086,47
26157236,551,171
26160135,4192,7
26164557,3786,7
26168583,3793,7
26171515,11488,7
26172603,3792,7
26176620,3775,7
26179263,63,43
26180160,78,172
26180348,2043,172
26180378,152,177
26180653,3942,7
26180917,3221,177
26182139,2918,5
26182182,10892,20
26183064,98,158
26183174,11422,7
26183307,535,158
26183355,11679,174
26183833,6864,26
26184174,569,75
26184376,3803,47
26184524,125,177
26184625,4085,64
26184708,4180,7
26185124,486,158
26185176,627,12
26185955,4344,75
26186128,142,172
26186204,261,177
26186613,12,12
26186629,143,12
26186905,125,173
26186983,35,12
26187433,108,12
26188107,27,12
26188170,5396,47
26188319,587,22
26188454,69,12
26188521,188,177
26188529,214,12
26188566,3254,5
26188717,2117,3
26189016,1001,134
26189021,605,22
26189154,3964,7
26189307,185,12
26189445,932,99
26189546,1961,177
26189623,280,12
26189636,14,12
26189653,250,12
26189731,919,47
26189943,17,12
26189965,96,12
26190241,82,40
26190298,1869,38
26190559,13,12
26190563,6348,134
26190603,822,12
26190652,6570,64
26190660,12724,47
26191076,237,177
26191822,2862,40
26192284,419,177
26192423,8693,38
26192946,22,12
26193011,722,12
26193123,878,7
26193168,3165,20
26193664,67,158
26193785,441,177
26193863,8,12
26193874,448,12
26193932,64,158
26194109,153,7
26194442,367,7
26194595,17,12
26194630,221,12
26194847,11442,7
26195060,15,12
26195104,952,12
26195529,168,177
26195571,102,149
26195639,302,158
26195805,346,7
26195827,168,80
26195859,9,112
26196122,10,12
26196134,567,12
26196200,441,84
26196284,2611,149
26196290,1707,149
26196694,5188,149
26197190,54,172
26197346,196,177
26197407,743,20
26197504,161,171
26197517,27,171
26197548,4010,80
26197859,4998,177
26197998,223,7
26198042,12,12
26198058,240,12
26198086,212,12
26198244,6494,134
26198709,2288,173
26198849,196,7
26199110,402,171
26199264,109,7
26199576,141,7
26199819,20,7
26200023,19,7
26200333,4290,24
26200384,609,171
26200452,23,7
26200669,1114,7
26201021,1176,3
26201077,1252,173
26201437,57,158
26201862,39,7
26202033,14,12
26202053,209,12
26202168,1742,40
26202204,6664,26
26202281,5146,20
26202292,79,158
26202319,9,139
26202365,2503,22
26202507,9,139
26202567,126,10
26202601,9,139
26202727,306,80
26203025,9903,26
26203293,3959,80
26203298,4299,7
26203381,19,12
26203406,108,12
26203422,22,12
26203510,219,177
26203537,62,177
26203594,11,12
26203612,763,12
26203849,6910,177
26203871,447,5
26204307,3917,158
26204504,2825,3
26204615,121,40
26204859,3253,22
26205021,3251,40
26205336,16,12
26205365,175,12
26205550,256,12
26205575,2267,173
26205674,11824,38
26205878,197,12
26206032,68,66
26206297,6695,24
26206507,11426,7
26207486,773,80
26207770,7048,134
26207840,16,12
26207862,52,12
26207877,21,173
26207906,10,12
26207933,29,43
26207954,611,12
26208192,316,7
26208221,3155,47
26208267,3680,80
26208410,457,40
26208663,1796,173
26208770,284,7
26208925,19,12
26208949,382,12
26209769,2127,22
26210080,851,5
26210292,3097,168
26210323,12,171
26210464,4279,26
26210509,151,7
26210546,702,168
26210552,507,171
26210829,182,7
26210960,19,12
26210982,12,12
26211032,77,12
26211086,2694,158
26211216,11,12
26211247,183,12
26211403,5803,47
26211464,1923,168
26211469,17,12
26211508,11,12
26211609,18,12
26211621,107,7
26211628,2550,12
26211632,221,64
26211930,2128,5
26211954,19,7
26211981,4763,80
26212221,1777,7
26212322,192,43
26212563,384,17
26213129,583,3
26213202,12,173
26213674,671,17
26213769,18,12
26214219,1358,20
26214387,10,12
26214400,57,12
26214546,6,12
26214554,29,12
26214622,5,12
26214672,151,12
26214790,13175,149
26214874,409,3
26215063,790,24
26215512,12,12
26215516,1099,26
26215570,8,12
26215695,602,47
26215705,78,177
26215738,308,134
26215882,2107,158
26215894,861,17
26215978,16,12
26215998,568,12
26216200,1015,173
26216266,654,134
26216365,3971,47
26216380,8209,26
26216612,666,168
26216700,1433,177
26216918,67,76
26216948,512,168
26216959,9435,13
26217062,269,134
26217207,922,17
26217226,6886,47
26217273,33,173
26217360,75,43
26217496,3837,134
26217694,4564,168
26217922,142,177
26217998,88,76
26218634,196,177
26218803,3861,7
26218885,8497,7
26220046,404,17
26222832,6541,7
26223822,8911,36
26224051,1106,134
26224183,25,47
26224208,1196,17
26224214,75,47
26224307,112,47
26224434,151,47
26224729,3935,47
26224736,2708,47
26225127,31463,80
26225693,4142,17
26226482,4268,13
26227766,1043,7
26228652,3334,47
26228682,10,112
26229026,8,112
26229192,6,112
26229662,7406,7
26229923,14,112
26230068,7,112
26230670,9,112
26230853,693,171
26230999,7,112
26231108,10,112
26231390,7,112
26231845,4240,13
26231978,4000,47
26232990,22702,7
26233159,705,171
26234857,708,171
26235968,3947,47
26236208,703,171
26237304,7414,7
26239903,4209,47
26240201,703,171
26241233,12104,38
26244102,3970,47
26244717,167,171
26244945,5334,7
26245844,168,171
26248659,11489,7
26250593,3821,7
26254623,3792,7
26258642,3787,7
26262659,3839,7
26265594,150,43
26266692,4038,7
26266800,2192,177
26267203,3173,5
26267493,7169,13
26267998,8105,158
26269193,3452,3
26269463,175,171
26270167,604,171
26270403,1222,5
26270820,2939,177
26271171,4224,7
26271286,20,60
26271564,11449,7
26272320,23,173
26272343,1690,173
26272390,448,171
26272413,666,26
26272471,7260,64
26273342,21,172
26273505,36,172
26273644,21,40
26273730,67,40
26273822,70,40
26273831,433,171
26274198,1551,173
26274265,18,182
26274277,1841,3
26274485,3609,177
26274659,7061,13
26274755,37,11
26274854,37,11
26275037,3617,11
26275059,552,171
26275260,6403,80
26275280,897,5
26275400,12605,38
26275424,3947,38
26275643,3335,7
26275804,11,112
26275966,7831,26
26276551,441,171
26276559,155,3
26276643,287,158
26276729,1398,3
26276760,5159,134
26276862,22,12
26276886,230,12
26276988,1900,75
26277250,17273,158
26277579,743,171
26278044,3241,173
26278430,20,182
26278538,13,12
26278842,1117,173
26278931,54,12
26278968,44,12
26279205,23,182
26279268,519,7
26279733,2509,7
26279781,726,171
26279815,1526,47
26280043,16,12
26280063,215,12
26280085,4689,7
26280239,2225,173
26280291,17,12
26280331,1076,12
26280343,3481,134
26280355,7096,20
26280924,10,112
26281120,1623,12
26281311,743,171
26281351,12,112
26281671,920,47
26281717,7911,13
26281913,76,3
26282201,2422,20
26282594,547,171
26282712,1041,47
26283042,4742,64
26283142,296,47
26283217,6482,7
26283382,16,171
26283466,259,47
26283486,1918,12
26283496,1420,171
26283513,27,182
26283773,45,47
26283838,5074,139
26283985,29,182
26284129,549,47
26284607,48,47
26284660,488,47
26285668,969,171
26285789,973,177
26286952,998,177
26287018,50,149
26287232,9278,174
26287321,4282,7
26287379,2503,47
26287443,4606,24
26287656,12607,38
26288212,1733,3
26288907,4819,64
26289210,410,12
26289312,23,12
26289338,40,12
26289538,9,12
26289577,5138,20
26289585,9,12
26289636,7818,13
26289866,3855,47
26290057,8444,7
26290187,752,32
26290268,2720,139
26290590,30,158
26291067,3305,139
26291278,25,182
26291749,327,182
26291763,42,173
26291819,14,173
26292543,537,7
26293035,3839,24
26293049,2086,7
26293234,1681,158
26293710,3152,47
26294332,85,43
26294425,84,43
26294497,4839,47
26294512,77,43
26294536,24,12
26294555,5033,134
26294570,179,12
26294594,128,43
26294695,86,149
26294727,381,43
26294803,22,12
26294865,67,12
26294892,16,12
26294960,1882,12
26295111,472,43
26295159,18722,149
26295168,18797,149
26295373,1547,7
26295587,500,43
26296089,457,43
26296902,321,3
26296936,9041,3
26296991,866,7
26297112,2216,177
26297506,48,13
26297778,4868,158
26297942,335,17
26298015,3730,26
26298193,319,13
26298227,53,158
26298331,1957,5
26298594,5786,20
26298698,428,17
26298713,1287,7
26298770,1266,32
26298861,3851,17
26298985,1596,7
26299325,3381,47
26300568,65,139
26300603,29,173
26300611,1248,26
26301146,1500,134
26301785,2007,26
26302018,28720,80
26302356,883,139
26302696,5028,47
26303440,4323,17
26303501,5205,173
26304914,832,134
26305762,155,134
26307714,3493,47
26308964,23,139
26309042,53,139
26309091,569,139
26311196,3040,47
26314226,491,47
26317703,4617,70
26322321,5074,70
26322346,18070,36
26327398,12254,70
26327635,11768,38
26334714,10,176
26334970,8,176
26335190,10,176
26337865,276,176
26338271,401,176
26339653,15444,70
26340460,66,176
26340703,338,176
26341753,340,176
26342419,205,176
26343416,32,176
26343718,83,176
26344904,40,176
26345193,64,176
26345581,60,176
26345946,60,176
26346240,30,176
26347277,40,176
26347540,33,176
26348141,13,176
26348413,45,176
26348943,85,176
26349408,32,176
26349728,40,176
26350144,96,176
26351036,91,176
26351916,38,176
26351932,109,43
26352059,55,43
26352119,39,43
26352160,82,43
26352350,41,176
26352827,44,176
26353114,40,176
26353481,43,176
26353883,43,176
26354450,1178,176
26356256,34,176
26356436,33,176
26356664,32,176
26357023,264,176
26357464,39,176
26357731,227,176
26358236,40,176
26358554,54,176
26359247,39,176
26360135,44,176
26360441,45,176
26360751,160,176
26361155,510,176
26361940,6658,36
26363719,15,176
26364209,202,176
26364656,56,176
26364784,218,3
26364795,14,176
26365000,14,176
26365143,146,176
26365480,127,176
26365810,81,176
26365939,11401,7
26366810,8597,26
26367342,3310,26
26368232,135,40
26369027,135,40
26369186,72,40
26369292,23,112
26369432,72,40
26369570,69,40
26369635,8,112
26369930,14,112
26370734,75,40
26370869,66,40
26371075,1800,47
26371193,258,40
26371196,4094,7
26371451,78,40
26371500,8,112
26371521,84,40
26371592,59,173
26371639,138,40
26371652,531,173
26371852,108,40
26371999,300,40
26372717,2102,47
26372905,101,47
26372935,14,112
26373082,15,112
26373104,86,47
26373501,18,112
26373695,94,47
26373925,61,47
26374084,63,47
26374151,96,47
26374269,15,112
26374436,43,47
26374557,57,47
26374720,4,112
26374729,19,112
26374781,38,47
26374842,100,47
26374971,101,47
26375072,2081,47
26375173,50,47
26375270,18,112
26375412,62,47
26375506,85,47
26375709,6097,7
26375721,24,47
26375804,32,47
26375946,30,47
26375969,10032,70
26376055,30,47
26376599,19,112
26376667,62,47
26376800,42,47
26376900,60,47
26376997,85,47
26377183,2069,47
26377253,29,47
26377923,6685,36
26379542,2106,47
26380141,13679,7
26380530,267,11
26380732,134,43
26380870,71,43
26380884,209,11
26380943,44,43
26381638,2033,47
26382492,4543,7
26385589,1839,47
26386002,6980,70
26387419,1917,47
26389072,1126,47
26390211,1853,47
26392042,1860,47
26392985,6818,70
26393903,1919,47
26395812,1995,47
26397798,2049,47
26399805,6881,70
26399837,1994,47
26400623,21795,7
26400628,9759,7
26401824,4170,47
26403466,2267,26
26403744,1927,26
26405983,2064,47
26406691,7100,70
26407780,8822,26
26408037,2156,47
26408418,3466,26
26410185,2253,47
26412429,3909,47
26413793,7164,70
26416327,2225,47
26418542,2181,47
26420713,2415,47
26420960,5091,70
26422803,15607,7
26423117,2476,47
26425587,103,47
26425683,95,47
26425767,2324,47
26426054,7078,70
26428081,2394,47
26430466,2525,47
26432976,2405,47
26433134,13949,70
26435375,8395,47
26438332,87,43
26438483,56,43
26438541,58,43
26443935,1795,47
26445720,1731,47
26447085,10979,70
26447441,1697,47
26448100,222,36
26448444,9528,7
26449128,1640,47
26450759,2185,47
26451745,8,112
26452767,9142,7
26452933,4093,47
26457016,5751,47
26457866,3818,134
26457935,3745,36
26458066,8179,70
26458078,4582,7
26459546,2413,26
26462004,4247,7
26462407,86,20
26462525,516,134
26462710,7,112
26462758,3542,47
26462854,6,112
26463100,10,112
26463133,410,20
26463235,307,20
26463269,8,112
26463377,8,112
26463486,7,112
26463590,2711,134
26463690,8,112
26463928,8,112
26464219,8,112
26464580,10,112
26464990,8,112
26465311,10,112
26465396,7,112
26465797,7,112
26466090,21,70
26466435,4582,7
26466503,2083,7
26467131,69,43
26468053,78,43
26468141,39,43
26468302,62,31
26468364,43,31
26468454,60,31
26468514,55,31
26468629,62,31
26468691,47,31
26468709,28,31
26468737,61,31
26468797,59,31
26468856,59,31
26468915,61,31
26468975,22,31
26468975,22,31
26468996,60,31
26468997,59,31
26468997,59,31
26469055,59,31
26469114,61,31
26469114,61,31
26469175,61,31
26469235,23,31
26469235,23,31
26469258,35,31
26469292,27,31
26469292,27,31
26469318,59,31
26469319,58,31
26469377,60,31
26469377,60,31
26469436,61,31
26469436,61,31
26469497,60,31
26469617,43,31
26469660,60,31
26469719,61,31
26469780,60,31
26469840,59,31
26469899,62,31
26469961,59,31
26470020,42,31
26470062,60,31
26470121,60,31
26470181,60,31
26470241,61,31
26470302,59,31
26470361,61,31
26470422,43,31
26470465,59,31
26470524,61,31
26470585,60,31
26470703,44,31
26472876,3750,7
26474087,10155,70
26476761,10856,26
26476898,3837,7
26477019,2310,26
26477148,14,176
26477369,625,176
26477964,6774,36
26479192,32187,80
26480920,3836,7
26484241,7909,70
26484942,5561,7
26487767,2168,26
26490574,3821,7
26490588,77,7
26492148,7029,70
26493447,9515,38
26493593,17,38
26494599,3794,7
26498620,5694,7
26499184,7094,70
26500137,3925,47
26504051,71,47
26504114,71,47
26504176,81,47
26504248,77,47
26504314,66,47
26504371,69,47
26504431,3074,47
26504651,7415,7
26506281,7066,70
26507496,3352,47
26510838,3073,47
26512296,7466,7
26512646,12,176
26513349,7067,70
26513901,3345,47
26517236,2887,47
26519929,3911,7
26519942,61,7
26520418,7166,70
26523948,3955,7
26524731,27,43
26524847,310,43
26525160,300,43
26525464,250,43
26525717,263,43
26525967,91,76
26527586,562,70
26527845,309,171
26527984,149,7
26530190,1866,173
26531955,177,31
26532496,1186,64
26532900,447,171
26533696,4783,64
26534100,413,171
26534121,6867,134
26534521,1452,177
26534743,11401,7
26534972,3781,7
26535267,618,171
26535672,359,24
26535948,294,173
26536296,10,182
26536429,2276,177
26536565,408,171
26536677,348,173
26537233,325,11
26537320,10,182
26537850,442,171
26537971,14,182
26538197,4473,182
26538753,416,171
26538960,2471,177
26538994,3913,7
26539227,130,56
26539588,8219,64
26539683,444,171
26539764,248,173
26539881,20,182
26539946,908,26
26540050,15,173
26540363,11,173
26540511,237,173
26540520,1170,26
26540565,603,171
26540763,19,12
26540785,786,12
26541521,437,171
26541760,3109,177
26541902,6741,134
26541907,15,182
26541918,24,173
26542294,147,173
26542332,2390,26
26542696,422,171
26542764,22,173
26542966,160,173
26543019,5085,7
26543200,167,134
26543235,3920,168
26543386,76,43
26543630,857,134
26543689,441,171
26543829,304,17
26544332,3348,139
26544544,13892,70
26544633,48,171
26544749,6642,134
26544760,39,171
26544802,101,173
26545017,549,17
26545245,443,171
26545533,18,173
26545575,91,173
26545965,11,173
26545987,3997,47
26546905,96,173
26547384,95,173
26547509,11,173
26547770,24,56
26547829,8046,64
26547869,914,56
26548179,412,171
26548238,523,146
26548255,4735,7
26548299,496,56
26548566,1130,173
26548681,539,177
26548720,10,182
26549795,33,11
26549889,11,173
26549974,66,47
26550004,22,11
26550032,73,47
26550093,59,47
26550150,65,47
26550154,10,173
26550165,35,47
26550205,77,47
26550255,52,47
26550403,11368,7
26550489,10,173
26550646,10,173
26550808,444,171
26551140,638,173
26551583,1391,10
26551759,776,158
26551821,593,11
26551845,1007,17
26551906,40,173
26552327,1403,22
26552595,308,44
26552602,3072,173
26552683,4252,168
26552740,518,171
26552962,19,12
26552993,246,12
26553105,2339,7
26553127,165,158
26553533,131,43
26553559,488,44
26553669,73,43
26553746,44,43
26553793,75,43
26553872,300,43
26553925,136,44
26553992,5415,134
26554176,280,43
26554414,496,44
26554460,229,43
26554601,26,184
26554693,261,43
26554712,1771,10
26554989,8690,184
26555291,88,12
26555313,63,12
26555522,4019,7
26555600,16,12
26555618,674,12
26555819,484,171
26555883,5180,64
26556146,118,38
26556187,66,38
26557246,757,173
26557289,667,171
26557324,484,17
26557334,935,177
26557854,775,11
26558087,18,173
26558389,108,171
26558437,11144,70
26558787,3908,47
26558906,192,12
26559114,829,171
26559150,428,173
26559208,92,12
26559251,3462,177
26559548,535,7
26559567,18809,41
26559762,25,173
26559929,4288,168
26560050,1212,12
26560074,13,12
26560102,1163,12
26560359,4065,7
26560404,197,134
26560468,177,158
26560822,4583,134
26560840,101,173
26560932,4251,158
26560942,49,173
26561290,3441,146
26561341,723,171
26561580,6719,36
26562151,2835,7
26562401,4069,20
26562740,472,171
26563603,86,66
26563970,6816,47
26564144,10,173
26564256,478,171
26564294,540,11
26564493,125,66
26564781,5513,7
26565150,704,11
26565469,483,171
26565802,4052,11
26566642,460,171
26567145,3955,47
26567281,450,171
26568480,480,171
26569582,5685,70
26570409,6492,7
26570421,59,7
26570959,490,171
26571090,4142,47
26571269,13646,36
26571328,21,36
26571384,19391,7
26573336,39,38
26574177,4091,64
26574274,603,171
26575222,617,47
26575551,6855,70
26575829,64,47
26575883,64,47
26575937,48,47
26576988,11,171
26577246,3765,7
26577990,13,171
26578107,10,171
26580120,1716,47
26581261,3744,7
26581826,52,47
26581868,49,47
26581907,52,47
26581950,2412,47
26583907,876,70
26584350,4183,47
26584460,67,171
26585276,3751,7
26585424,9789,70
26585542,20,171
26586037,30,171
26586489,10,171
26586521,19,171
26587058,10,171
26587091,17,171
26587135,709,171
26587456,13,171
26588217,18,171
26588430,13,171
26588526,57,47
26588572,49,47
26588611,95,47
26588753,11,171
26589296,3802,7
26589953,13,171
26590992,20,171
26591831,23,70
26593328,3790,7
26597353,3838,7
26601374,3822,7
26601644,7448,70
26605393,3830,7
26609093,7340,70
26609413,3972,7
26611131,83,43
26611277,78,43
26611357,42,43
26611402,61,43
26611457,3423,36
26611466,251,43
26611495,15709,7
26611720,310,43
26612033,239,43
26612275,261,43
26613438,3806,7
26613997,6517,41
26614862,4603,5
26616435,7632,70
26616740,8,173
26617109,10,173
26617563,25,173
26617663,12,173
26617956,493,158
26617974,3892,7
26618024,34,173
26618089,11,173
26618183,6509,5
26618368,20,173
26618379,20,173
26618419,9,173
26619073,8695,36
26619520,19,173
26619624,8,173
26620831,42805,80
26620989,567,158
26621471,23,12
26621498,931,12
26621557,4006,38
26621684,4044,134
26621926,1138,47
26621989,3923,47
26622008,1844,7
26622073,27,173
26622120,8,173
26622397,839,158
26622448,20,12
26622489,720,12
26622660,24,173
26622699,15,173
26623128,10240,64
26623137,59,47
26623469,18,12
26623513,1280,12
26623519,1147,47
26623840,3931,149
26624031,11205,7
26624069,4958,70
26624343,561,99
26624821,845,177
26624989,17,99
26625041,914,99
26625414,6284,146
26625419,6263,177
26626063,328,99
26626403,90,99
26626532,104,99
26626726,71,99
26626804,57,134
26626860,78,134
26627519,128,168
26627562,1649,158
26627673,266,168
26627801,72,134
26627905,1293,158
26628078,10724,38
26629283,3117,47
26629804,6582,134
26630079,2841,149
26630112,69,5
26630190,73,5
26630233,68,11
26630442,349,5
26630529,144,168
26630688,272,11
26632153,807,5
26632689,21,173
26632792,9,173
26632920,4378,149
26632944,33,149
26633396,3957,64
26633473,7017,26
26633560,3950,168
26633748,1259,177
26633755,2619,47
26633836,18,173
26633927,8,173
26634179,20,171
26634284,1441,146
26634538,21,171
26635063,23,171
26635152,16,173
26635163,55,173
26635317,8,173
26635601,21,171
26635808,1879,22
26636030,3433,7
26636214,17,171
26636284,18,171
26636364,6353,47
26636376,484,158
26636432,11050,134
26636620,3481,177
26636919,10,171
26637024,7,171
26637096,9,171
26637349,4109,84
26637376,8,171
26637437,20,171
26637540,9521,134
26637710,10328,149
26637993,14,171
26638190,7873,70
26638242,2732,70
26638500,1719,146
26638652,26,171
26639203,10233,20
26639543,1703,7
26639821,32,171
26639932,121,43
26640059,74,43
26640175,28,171
26640258,20,171
26640299,62,43
26640364,51,43
26640418,365,43
26640595,621,5
26640611,12091,64
26640786,457,43
26640877,36,171
26640939,24,171
26641198,3992,146
26641250,479,43
26641370,23,171
26641568,1278,7
26641732,354,43
26641967,9,182
26642061,11461,7
26642085,97,99
26642130,21,171
26642186,3862,177
26642435,5745,99
26642577,38,171
26642707,7413,47
26642835,4787,17
26642897,36,171
26642986,22294,41
26643045,9,182
26643190,1572,7
26643618,27,182
26643742,9854,47
26644076,2550,182
26644501,387,158
26644520,33,171
26644796,22,171
26644812,990,7
26645055,32,182
26645095,179,182
26645117,13970,38
26645344,21,171
26645645,21,171
26645777,1389,146
26646030,25,7
26646238,943,26
26646323,67,171
26646413,4340,177
26646793,107,171
26646908,734,26
26647203,6654,146
26647218,320,182
26647255,4580,7
26647314,32,171
26647445,4890,134
26647654,6439,26
26647845,140,182
26647943,42,182
26648011,494,182
26648789,26,171
26648804,4720,70
26649313,505,182
26649535,18,173
26649979,16,173
26650179,196,182
26650704,26,173
26650793,9,173
26651124,26,173
26651635,7199,70
26652476,3805,7
26653615,1656,7
26654091,263,168
26654665,18,36
26655640,2258,7
26656506,3790,7
26657616,4871,64
26658272,21,171
26658649,38,171
26658837,7177,70
26659127,19,171
26660525,3855,7
26661398,208,182
26662494,7439,64
26664007,1003,13
26664548,4065,7
26666015,12655,70
26666695,3240,64
26667203,970,13
26667284,22947,7
26667850,1561,70
26668949,3992,134
26668972,3840,7
26672991,3807,7
26677035,3858,7
26678673,10502,70
26679086,20,60
26679385,15,60
26681063,3783,7
26685085,3795,7
26689107,19,7
26689178,6502,70
26689520,3794,7
26691371,4368,7
26693541,3856,7
26694333,276,84
26695681,7090,70
26695799,10218,7
26697532,112,43
26697570,3979,7
26697675,64,43
26697742,41,43
26697785,49,43
26697836,277,43
26698118,311,43
26698248,2888,47
26698431,337,43
26698773,279,43
26700791,278,41
26701064,808,171
26701093,7180,64
26701124,2842,47
26701273,1904,10
26701600,3796,7
26701952,55,70
26703065,123,158
26703853,54,158
26703961,2056,47
26704939,1695,10
26705660,1073,7
26706014,3622,47
26706091,4355,134
26706775,447,26
26706794,5626,7
26706901,3758,10
26707201,3891,20
26707529,794,80
26707558,1660,99
26707562,657,146
26707963,8349,26
26708037,7923,38
26708116,32,80
26708244,2544,146
26708338,134,177
26708358,258,80
26708439,229,158
26708632,1394,80
26708677,512,80
26709214,1080,80
26709325,12,173
26709450,12,173
26709663,2880,177
26709716,16,173
26710076,534,80
26710315,22,173
26710329,269,80
26710333,10892,38
26710468,12,173
26710681,8321,134
26710695,10,173
26710706,21,134
26710717,8,9
26710749,1343,168
26710773,2712,80
26710791,435,158
26710817,2635,80
26710954,3934,158
26711017,10,173
26711150,15,173
26711406,12,173
26711523,2310,10
26711722,18,173
26711998,12,173
26712006,1052,168
26712214,13,173
26712384,15,173
26712405,4381,7
26712555,61,173
26712700,59,173
26712999,1639,70
26713057,5743,177
26713084,961,7
26713097,2612,158
26713294,6482,24
26713560,5220,80
26713606,1333,80
26713615,60,149
26713671,18,173
26713694,3795,47
26713701,11146,149
26713932,95,173
26714228,740,99
26714785,4842,70
26715033,1408,99
26715213,13409,80
26715265,5573,7
26715900,1267,64
26715910,5423,7
26716213,288,182
26716774,2536,26
26717040,2226,10
26717479,3017,47
26717635,4503,7
26717733,669,9
26718924,315,9
26719638,19,60
26719781,170,10
26719843,14,60
26719859,14,60
26719886,14,60
26719914,14,60
26719941,14,60
26719968,14,60
26719995,13,60
26720021,14,60
26720048,14,60
26720075,13,60
26720091,14,60
26720117,14,60
26720144,13,60
26720170,14,60
26720192,37,10
26720198,14,60
26720228,13,60
26720245,13,60
26720273,14,60
26720302,13,60
26720318,15,60
26720336,14,60
26720363,15,60
26720391,15,60
26720418,18,60
26720447,22,60
26720477,20,60
26720491,5113,47
26720496,419,20
26720509,14,60
26720515,7553,70
26720554,50,9
26720707,232,182
26720861,949,99
26721215,12,10
26721246,93,10
26721257,21,60
26721298,46,60
26721341,93,9
26721346,12,60
26721367,184,60
26721422,14,60
26721451,15,60
26721477,14,60
26721551,3196,10
26721693,8623,26
26722161,36,9
26722272,15,171
26722587,103,9
26723054,59,9
26723236,163,168
26723497,115,168
26723541,91,9
26723649,159,168
26723777,828,7
26723816,4492,99
26723935,117,168
26724047,1542,177
26724083,80,56
26724137,214,9
26724159,1584,168
26724351,1285,24
26724398,7830,38
26724404,60,56
26724489,79,56
26724605,83,56
26724663,22,56
26724718,109,7
26724731,63,56
26724776,918,168
26724817,5486,134
26724845,1373,7
26724950,699,7
26725303,60,56
26725341,4601,80
26725550,103,56
26725602,4579,47
26725758,119,88
26725763,5807,7
26725769,496,168
26725865,52,56
26725891,2065,177
26725979,56,56
26726046,55,88
26726101,41,56
26726330,61,56
26726337,116,43
26726345,626,88
26726457,77,43
26726539,54,43
26726597,92,43
26726640,7492,64
26726701,307,43
26726753,1780,7
26727012,384,43
26727289,277,182
26727407,400,43
26727757,896,88
26727811,478,43
26727978,1327,11
26728077,7197,70
26728149,11930,182
26728161,5315,146
26728191,241,9
26729105,118,9
26729552,3798,47
26729938,1380,9
26729998,4016,80
26730264,1582,11
26730483,1195,177
26731066,1235,88
26731674,144,182
26731831,1769,9
26731896,1060,88
26732147,2548,177
26732151,8,9
26732247,18,9
26732862,17,9
26732875,13,173
26732982,5495,158
26733008,5155,7
26733013,402,182
26733158,14,9
26733298,12,9
26733342,6136,47
26733370,4389,47
26733633,1522,88
26733779,1468,88
26733798,20,9
26733803,2953,9
26733912,2866,26
26733928,1730,146
26734067,22584,80
26734121,15,9
26734186,179,173
26734436,14,9
26734769,19,9
26734927,1865,173
26735013,18,9
26735124,20,60
26735333,1703,177
26735431,158,88
26735587,21783,80
26735704,4963,146
26735926,4627,134
26736086,80,7
26736250,2281,64
26736498,22872,7
26736642,1539,26
26738339,2666,7
26738515,333,149
26738592,18,9
26738863,8,149
26738922,18,9
26739081,226,176
26739239,17,9
26739449,15,9
26739467,30,47
26739978,16,176
26740001,18,9
26740538,41,47
26740544,59,47
26740596,397,47
26741063,233,176
26741165,4168,7
26741209,41,47
26741712,377,176
26741898,64,47
26741963,38,47
26742195,201,176
26742404,66,47
26742471,37,47
26742528,8583,64
26743097,10528,47
26743107,6983,70
26744711,15,9
26745021,12,9
26745042,12297,171
26745303,14,9
26745921,13,9
26746686,11,9
26746973,9,9
26746987,247,9
26747574,1946,9
26747598,10,9
26748222,23,9
26749176,40,9
26750034,14,9
26750102,7050,70
26750534,15,9
26750828,6996,9
26750883,11,9
26751138,1767,64
26751275,15,9
26751599,11,9
26751882,4182,134
26752352,13,9
26752648,13,9
26753149,28,9
26753496,18,9
26754112,17,9
26754399,175,9
26757155,7098,70
26758644,4680,70
26759455,4856,7
26759883,1367,9
26761910,995,9
26763039,613,9
26763111,26,9
26764351,14,60
26764358,15620,7
26764370,14,60
26764389,14,60
26764420,14,60
26764439,14,60
26764458,14,60
26764478,14,60
26764497,13,60
26764516,14,60
26764535,14,60
26764556,14,60
26764584,14,60
26764614,13,60
26764632,14,60
26764649,13,60
26764667,14,60
26764685,14,60
26764714,14,60
26764743,13,60
26764763,14,60
26764792,14,60
26764820,15,60
26764849,15,60
26764878,14,60
26764907,15,60
26764936,15,60
26764965,14,60
26764985,14,60
26765015,14,60
26765047,14,60
26765078,14,60
26765108,14,60
26765129,14,60
26765161,14,60
26765191,14,60
26765221,15,60
26765252,17,60
26765284,14,60
26765314,14,60
26765344,13,60
26765363,13,60
26765382,14,60
26765401,13,60
26765422,14,60
26765440,13,60
26765461,14,60
26765480,13,60
26765498,13,60
26765516,13,60
26765534,14,60
26765554,13,60
26765572,13,60
26765591,13,60
26765609,14,60
26765638,13,60
26765657,13,60
26765677,13,60
26765694,13,60
26765713,13,60
26765732,16,60
26765762,16,60
26765793,16,60
26765824,17,60
26765857,17,60
26765888,17,60
26765921,17,60
26765953,16,60
26765984,16,60
26766014,16,60
26766045,16,60
26766076,16,60
26766107,16,60
26766138,16,60
26766169,16,60
26766199,16,60
26766231,16,60
26766262,16,60
26766292,16,60
26766324,17,60
26768992,7161,70
26770751,46,176
26771296,45,176
26771557,40,176
26772986,109,176
26775698,76,176
26776154,15110,70
26776241,76,176
26776602,75,176
26778179,134,176
26778599,16,176
26778889,414,176
26779453,18,176
26779985,19,176
26780595,18,176
26783932,92,43
26784091,60,43
26784145,10,149
26784155,41,43
26784199,51,43
26784252,555,43
26784810,474,43
26784833,8578,7
26785288,485,43
26785776,413,43
26787905,1035,158
26788183,4879,7
26788195,59,7
26788777,4060,64
26790761,2482,173
26791267,8747,70
26791807,10,173
26792420,15,173
26792900,14,149
26793241,1289,158
26793249,11024,64
26793449,3898,7
26793622,1195,84
26793690,2272,7
26794073,99,88
26794494,519,88
26794685,419,11
26795142,852,177
26795869,282,9
26795914,174,149
26796000,10642,38
26796140,3083,7
26796217,3344,47
26796333,96,47
26796430,636,177
26796557,66,47
26796629,37,47
26796698,63,47
26796857,21,47
26797159,31,47
26797225,37,47
26797322,27,47
26797475,5807,7
26797525,2807,47
26797612,4643,134
26797986,1806,177
26798469,88,99
26798629,1793,99
26799185,262,149
26799231,4138,26
26799255,3825,26
26799412,1554,7
26799660,149,47
26799785,107,149
26799838,4458,47
26799963,73,149
26800157,2095,149
26800418,2862,47
26800578,8233,70
26801002,614,9
26801075,9187,7
26801220,5,9
26801372,1017,177
26801463,18,9
26801619,44,9
26801721,24,9
26802677,4642,134
26803356,2953,47
26803442,333,99
26803477,914,26
26803518,7845,7
26804336,54,99
26804341,4297,47
26804698,91,99
26804761,64,26
26804966,11,60
26804985,7,60
26805001,7,60
26805017,7,60
26805028,5578,26
26805032,7,60
26805048,7,60
26805063,8,60
26805081,8,60
26805097,7,60
26805113,7,60
26805128,6,60
26805144,7,60
26805160,7,60
26805177,7,60
26805193,7,60
26805211,7,60
26805227,7,60
26805244,7,60
26805259,9,60
26805276,7,60
26805292,7,60
26805308,7,60
26805322,1553,9
26805325,7,60
26805341,7,60
26805360,7,60
26805376,7,60
26805379,688,9
26805392,7,60
26805409,7,60
26805424,7,60
26805440,9,60
26805457,7,60
26805472,8,60
26805488,7,60
26805504,7,60
26805519,8,60
26805535,8,60
26805551,7,60
26805567,8,60
26805583,7,60
26805599,7,60
26805614,7,60
26805630,7,60
26805646,8,60
26805661,7,60
26805678,7,60
26805694,7,60
26805710,7,60
26805726,7,60
26805741,7,60
26805757,7,60
26805772,7,60
26805787,9,60
26805802,8,60
26805818,8,60
26805834,6,60
26805850,7,60
26805865,8,60
26805880,7,60
26805898,6,60
26805913,7,60
26805928,7,60
26805944,7,60
26805959,7,60
26805992,7,60
26806007,7,60
26806023,7,60
26806039,8,60
26806055,7,60
26806070,7,60
26806085,7,60
26806101,8,60
26806116,6,60
26806132,7,60
26806147,7,60
26806163,7,60
26806178,8,60
26806195,7,60
26806210,7,60
26806225,8,60
26806240,7,60
26806256,7,60
26806272,7,60
26806287,8,60
26806313,7,60
26806330,7,60
26806345,7,60
26806360,7,60
26806375,8,60
26806391,7,60
26806408,10,60
26806412,2586,47
26806423,7,60
26806439,7,60
26806454,7,60
26806470,10,60
26806478,12,62
26806485,7,60
26806502,7,60
26806519,7,60
26806535,8,60
26806551,7,60
26806568,8,60
26806583,7,60
26806598,7,60
26806614,6,60
26806631,7,60
26806647,6,60
26806662,7,60
26806678,7,60
26806694,7,60
26806709,7,60
26806726,8,60
26806742,7,60
26806759,8,60
26806775,7,60
26806791,8,60
26806810,7,60
26806826,7,60
26806842,7,60
26806858,8,60
26806874,9,60
26806892,8,60
26806910,23,60
26806939,21,60
26806955,1711,177
26806966,18,60
26806994,18,60
26807025,17,60
26807054,18,60
26807081,17,60
26807109,19,60
26807137,18,60
26807165,16,60
26807193,17,60
26807221,16,60
26807248,18,60
26807275,17,60
26807302,18,60
26807330,18,60
26807357,18,60
26807383,17,60
26807411,18,60
26807415,8181,64
26807439,18,60
26807511,7945,134
26807661,950,26
26807679,685,99
26808000,15,60
26808028,10,60
26808044,14,60
26808061,11,60
26808077,12,60
26808095,10,60
26808112,9,60
26808128,10,60
26808144,12,60
26808160,12,60
26808176,13,60
26808203,15,60
26808229,10,60
26808245,11,60
26808261,11,60
26808276,12,60
26808291,13,60
26808319,15,60
26808350,12,60
26808367,11,60
26808385,12,60
26808402,12,60
26808420,12,60
26808438,13,60
26808457,16,60
26808481,13,60
26808498,20,60
26808527,20,60
26808558,19,60
26808586,15,60
26808616,11,60
26808631,7,60
26808647,9,60
26808663,9,60
26808680,8,60
26808696,7,60
26808712,8,60
26808722,4494,47
26808728,7,60
26808743,7,60
26808759,8,60
26808775,7,60
26808791,8,60
26808806,7,60
26808822,7,60
26808837,7,60
26808853,7,60
26808869,7,60
26808884,7,60
26808900,8,60
26808915,8,60
26808932,7,60
26808947,7,60
26808964,7,60
26808982,7,60
26808998,7,60
26809015,7,60
26809031,7,60
26809047,7,60
26809064,8,60
26809079,7,60
26809096,13,60
26809104,2607,47
26809113,7,60
26809129,8,60
26809149,10,60
26809165,7,60
26809182,7,60
26809198,7,60
26809214,9,60
26809231,8,60
26809247,9,60
26809265,8,60
26809296,9,60
26809300,4623,177
26809313,9,60
26809333,8,60
26809350,10,60
26809367,12,60
26809394,12,60
26809414,8,60
26809433,7,60
26809451,9,60
26809469,8,60
26809486,9,60
26809504,12,60
26809521,8,60
26809539,7,60
26809555,11,60
26809572,10,60
26809589,11,60
26809608,8,60
26809625,8,60
26809642,9,60
26809659,8,60
26809676,21,60
26809683,1422,70
26809700,8,60
26809716,8,60
26809731,8,60
26809748,8,60
26809764,14,60
26809783,8,60
26809799,8,60
26809817,11,60
26809834,9,60
26809852,8,60
26809869,9,60
26809888,7,60
26809907,9,60
26809924,9,60
26809941,9,60
26809961,23,158
26809976,17,60
26809997,7,60
26810013,8,60
26810028,1355,158
26810033,14,60
26810052,12,60
26810067,13,60
26810085,12,60
26810101,11,60
26810118,10,60
26810136,11,60
26810153,13,60
26810172,10,60
26810191,46,60
26810240,25,60
26810269,26,60
26810284,26,70
26810309,27,60
26810339,24,60
26810369,28,60
26810411,24,60
26810412,24,70
26810440,25,60
26810470,25,60
26810501,26,60
26810541,23,60
26810572,32,60
26810608,25,60
26810637,26,60
26810671,51,60
26810726,25,60
26810756,19,60
26810767,30,70
26810783,17,60
26810813,21,60
26810840,19,60
26810868,20,60
26810904,18,60
26810916,21,70
26810925,21,60
26810949,15,60
26810966,13,60
26810977,23,70
26810984,14,60
26811085,24,70
26811565,7911,7
26811698,14,60
26811717,14,60
26811734,10,60
26811752,9,60
26811769,9,60
26811786,9,60
26811793,3097,47
26811806,10,60
26811822,10,60
26811840,9,60
26811857,10,60
26811873,11,60
26811891,10,60
26811910,9,60
26811929,10,60
26811947,10,60
26811965,11,60
26811982,10,60
26812001,10,60
26812020,9,60
26812038,11,60
26812054,3264,158
26812060,10,60
26812079,10,60
26812097,10,60
26812114,10,60
26812132,11,60
26812138,89,66
26812150,21,60
26812179,18,60
26812206,12,60
26812222,10,60
26812241,11,60
26812259,10,60
26812276,11,60
26812293,11,60
26812310,10,60
26812326,10,60
26812343,10,60
26812360,10,60
26812377,10,60
26812393,9,60
26812410,9,60
26812426,11,60
26812442,10,60
26812458,10,60
26812474,10,60
26812505,10,60
26812522,11,60
26812539,9,60
26812556,10,60
26812574,10,60
26812591,10,60
26812607,11,60
26812630,10,60
26812651,10,60
26812668,10,60
26812673,4623,5
26812686,11,60
26812703,10,60
26812721,16,60
26812733,146,43
26812741,11,60
26812759,10,60
26812777,12,60
26812796,11,60
26812814,10,60
26812832,15,60
26812855,12,60
26812875,12,60
26812884,78,43
26812897,12,60
26812915,10,60
26812933,12,60
26812953,10,60
26812967,71,43
26812972,10,60
26812989,18,60
26813010,11,60
26813027,11,60
26813042,66,43
26813046,19,60
26813052,149,9
26813074,16,60
26813105,10,60
26813111,565,43
26813123,11,60
26813139,10,60
26813156,47,60
26813205,12,60
26813223,23,60
26813247,823,9
26813270,10,60
26813287,16,60
26813305,13,60
26813322,14,60
26813344,4696,47
26813350,13,60
26813366,11,60
26813383,10,60
26813400,10,60
26813418,14,60
26813446,40,60
26813488,10,60
26813505,17,60
26813525,11,60
26813542,12,60
26813560,11,60
26813577,12,60
26813595,12,60
26813612,15,60
26813630,11,60
26813647,15,60
26813665,12,60
26813680,481,43
26813685,41,60
26813729,13,60
26813747,15,60
26813765,15,60
26813793,14,60
26813821,19,60
26813849,16,60
26813867,14,60
26813896,23,60
26813921,13,60
26813939,33,60
26813975,15,60
26814004,9,60
26814021,9,60
26814038,9,60
26814054,18,60
26814075,16,60
26814094,13457,70
26814099,10,60
26814117,33,60
26814161,53,60
26814166,529,43
26814217,20,60
26814255,22,60
26814283,16,60
26814311,18,60
26814340,16,60
26814367,16,60
26814395,16,60
26814423,15,60
26814450,19,60
26814477,17,60
26814509,16,60
26814518,877,9
26814543,19,60
26814572,17,60
26814599,17,60
26814632,17,60
26814660,18,60
26814691,16,60
26814699,444,43
26814723,16,60
26814752,12,60
26814776,14,60
26814792,9,60
26814810,12,60
26814827,11,60
26814844,9,60
26814861,8,60
26814879,11,60
26814896,6,60
26814912,7,60
26814941,7,60
26814958,12,60
26814973,12,60
26814989,7,60
26815005,8,60
26815019,2080,66
26815023,8,60
26815041,16,60
26815072,779,75
26815075,12,60
26815083,4951,26
26815090,12091,41
26815092,7,60
26815109,9,60
26815125,15,60
26815153,42,60
26815197,15,60
26815215,15,60
26815243,14,60
26815270,13,60
26815280,112,95
26815288,14,60
26815315,13,60
26815342,13,60
26815362,14,60
26815379,17,60
26815401,11,60
26815419,10,60
26815436,10,60
26815452,10,60
26815468,10,60
26815485,12,60
26815504,11,60
26815522,10,60
26815540,11,60
26815561,10,60
26815599,11,60
26815615,11,60
26815632,12,60
26815649,14,60
26815666,11,60
26815682,11,60
26815698,10,60
26815719,11,60
26815734,8886,64
26815741,13,60
26815758,11,60
26815777,12,60
26815793,12,60
26815810,12,60
26815829,15,60
26815858,7,60
26815873,7,60
26815888,7,60
26815903,7,60
26815918,7,60
26815933,7,60
26815936,6359,134
26815956,7,60
26815971,2732,177
26815975,10,60
26815991,7,60
26816015,7,60
26816031,7,60
26816046,7,60
26816062,7,60
26816077,7,60
26816094,7,60
26816109,7,60
26816125,8,60
26816140,7,60
26816155,6,60
26816170,8,60
26816173,14,9
26816185,7,60
26816200,7,60
26816215,8,60
26816221,5079,47
26816230,11,60
26816245,11,60
26816261,10,60
26816277,9,60
26816293,10,60
26816308,9,60
26816324,11,60
26816339,12,60
26816354,10,60
26816368,355,9
26816372,20,60
26816401,15,60
26816429,14,60
26816457,15,60
26816483,14,60
26816509,14,60
26816535,14,60
26816562,14,60
26816591,14,60
26816617,13,60
26816633,13,60
26816659,14,60
26816686,14,60
26816713,14,60
26816744,13,60
26816761,10,60
26816778,11,60
26816795,11,60
26816811,11,60
26816828,10,60
26816843,13,60
26816859,12,60
26816874,12,60
26816890,11,60
26816899,225,9
26816905,11,60
26816920,11,60
26816934,10,60
26816950,10,60
26816964,10,60
26816979,10,60
26816994,10,60
26817008,11,60
26817024,10,60
26817039,25,60
26817077,20,60
26817103,19,60
26817129,21,60
26817155,22,60
26817180,19,60
26817208,20,60
26817234,19,60
26817260,19,60
26817286,20,60
26817312,22,60
26817337,19,60
26817369,20,60
26817395,19,60
26817421,19,60
26817449,19,60
26817475,19,60
26817502,20,60
26817528,18,60
26817555,18,60
26818088,3856,47
26818230,5489,80
26818366,2294,66
26819555,702,58
26819560,26,9
26819646,6959,7
26819673,933,177
26820215,20,9
26820266,160,9
26820301,4318,158
26820691,279,9
26820782,22728,7
26821162,60,66
26821301,267,9
26821375,610,177
26821615,323,9
26821986,4002,47
26822005,43,66
26822315,4480,134
26822780,759,26
26823239,1432,26
26823299,2068,47
26823540,61,66
26823592,19,173
26824561,17,60
26825528,88,9
26825726,2291,47
26825758,515,9
26826436,415,9
26826759,24295,7
26826811,26,70
26826892,321,9
26827014,4085,47
26827146,29,70
26828052,2397,47
26829122,67,176
26830170,31,176
26830492,2357,47
26832091,969,47
26832939,2723,47
26833301,248,9
26833598,367,9
26835287,6283,64
26835745,2648,47
26838431,2327,47
26839295,13,60
26839312,12,60
26839327,12,60
26839342,11,60
26839358,12,60
26839373,11,60
26839388,12,60
26839404,12,60
26839419,11,60
26839434,12,60
26839450,12,60
26839465,11,60
26839480,11,60
26839496,11,60
26839511,12,60
26839526,12,60
26839541,11,60
26839556,11,60
26839571,11,60
26839587,12,60
26839602,13,60
26839619,13,60
26839644,12,60
26839660,12,60
26839675,12,60
26839690,12,60
26839705,12,60
26839720,12,60
26839736,12,60
26839751,11,60
26839766,12,60
26839781,11,60
26839796,12,60
26839812,12,60
26839827,12,60
26839842,12,60
26839858,13,60
26839873,12,60
26839889,12,60
26839904,13,60
26839919,11,60
26839934,12,60
26839950,12,60
26839965,12,60
26839980,12,60
26839995,12,60
26840010,12,60
26840026,12,60
26840041,11,60
26840056,11,60
26840071,11,60
26840086,11,60
26840102,12,60
26840117,12,60
26840132,11,60
26840149,12,60
26840164,11,60
26840179,12,60
26840194,11,60
26840209,13,60
26840235,13,60
26840260,13,60
26840276,12,60
26840292,13,60
26840317,13,60
26840343,13,60
26840358,12,60
26840374,13,60
26840400,14,60
26840426,13,60
26840451,12,60
26840467,13,60
26840483,12,60
26840498,13,60
26840514,12,60
26840540,13,60
26840565,12,60
26840581,13,60
26840606,14,60
26840878,2493,47
26843450,2463,47
26843646,22735,7
26845302,10369,7
26846083,2473,47
26847847,28,176
26848465,167,9
26848662,2331,47
26848791,40,176
26849980,40,176
26851113,2536,47
26851266,4007,7
26851613,299,135
26855964,33,176
26856425,30,176
26857065,33,176
26857681,52,176
26858662,16,135
26858898,59,135
26859003,426,176
26859124,38,135
26859692,57,135
26861017,34,176
26861731,34,176
26862016,218,176
26863902,22,176
26864944,50,176
26865542,53,176
26866155,58,176
26866438,57,176
26867257,17,176
26867602,19,176
26867868,15,176
26868452,13,176
26869211,14,176
26869718,12,176
26870331,83,43
26870446,15,176
26870475,62,43
26870539,40,43
26870581,50,43
26870634,343,43
26870922,13,176
26870980,656,43
26871168,11,176
26871689,14,176
26871813,10,176
26871979,12,176
26872324,14,176
26874618,5497,7
26874695,49,158
26875568,364,158
26875913,2383,158
26876217,1833,11
26876684,3990,30
26876810,11439,7
26877065,17563,64
26877651,11120,80
26877705,2758,75
26878259,1363,177
26878371,963,158
26878924,12948,134
26879300,814,169
26879727,126,158
26880149,6916,7
26880210,126,158
26880272,4364,168
26880352,421,158
26880773,227,158
26880932,255,41
26881201,297,183
26881313,520,9
26881319,5685,80
26881422,4047,158
26881534,3314,26
26881730,900,9
26881848,1579,158
26881891,3787,47
26882704,4803,47
26882721,34,173
26882764,20,173
26882947,436,183
26883005,587,9
26883503,207,173
26883753,184,99
26883873,1805,70
26883938,13,99
26883983,2749,99
26884123,1080,169
26884331,1598,158
26885460,485,9
26885521,664,9
26885795,2096,47
26886223,665,9
26886263,680,9
26886269,44,30
26886696,225,66
26886869,57,30
26887106,399,9
26887279,4524,7
26887285,282,99
26887591,395,9
26887817,11,9
26887842,730,168
26887998,407,9
26888005,3395,47
26888250,1529,9
26888812,685,9
26888880,292,47
26889319,2452,47
26889716,318,99
26889851,6023,58
26889863,2675,24
26890226,1518,9
26891416,2813,47
26891782,879,5
26891893,169,30
26892469,5559,7
26892962,6412,7
26893304,2165,11
26893308,7066,47
26893549,59,47
26894005,6791,38
26894076,5409,134
26894352,3998,47
26894719,1522,177
26894905,1756,5
26894983,2223,158
26895176,2932,64
26895406,15073,26
26895495,400,99
26897853,374,99
26897975,5785,30
26898109,3761,7
26898113,652,158
26898125,8548,64
26898186,1084,9
26898248,202,99
26898581,895,158
26898642,1619,177
26899121,2886,70
26899132,153,43
26899386,6089,7
26899489,89,66
26899580,6312,134
26899854,3738,24
26899910,247,9
26900246,260,9
26900368,204,173
26900435,61,173
26900593,4977,185
26900941,690,173
26901021,235,9
26901682,79,173
26901697,24,173
26901746,1953,19
26901833,90,173
26901848,10,26
26901978,725,173
26902258,4216,80
26902299,142,26
26902353,9614,80
26902369,218,9
26902374,322,99
26902645,131,70
26902652,490,9
26902775,275,9
26903111,1631,158
26903142,1349,173
26903155,595,99
26903163,1406,173
26903219,1476,9
26904176,314,99
26904576,7829,58
26904959,851,9
26904987,18,70
26905070,183,70
26905202,8502,70
26905460,109,10
26905641,420,99
26905856,5101,7
26906075,908,99
26906139,6709,134
26906571,16,47
26906606,275,38
26906628,853,47
26907135,440,26
26907161,45,66
26907491,12306,30
26907621,330,66
26907795,21726,7
26908152,46,66
26908521,50,66
26908867,58,66
26909054,2061,9
26909436,325,66
26909710,102,10
26910108,126,66
26910837,119,128
26911015,22383,7
26911164,96,128
26911227,1497,9
26911735,84,128
26912181,198,128
26912458,30,128
26912843,81,128
26913300,99,128
26913313,454,47
26913509,124,128
26913584,4007,9
26913642,211,128
26913654,1305,9
26913755,2759,70
26914218,19,128
26914290,494,47
26914357,224,128
26914632,9,61
26914938,107,128
26915066,23,61
26915121,213,9
26915327,22,61
26915364,1386,9
26915422,245,128
26915892,139,128
26915948,63,61
26916097,608,176
26916242,56,128
26916272,252,61
26916519,5012,70
26916820,1118,9
26917256,432,61
26918958,56,61
26919530,180,9
26919595,39,61
26919854,99,61
26920037,6352,9
26920803,2903,61
26923936,675,47
26924633,453,47
26925091,657,47
26927053,48,176
26927975,57,176
26928808,45,176
26929992,47,176
26930679,46,176
26931255,180,176
26931676,202,176
26931828,9448,9
26932970,99,176
26934043,43,176
26934861,70,176
26935369,61,176
26936248,63,176
26936971,158,176
26937843,55,176
26938674,82,176
26939433,120,176
26940596,126,176
26941991,57,176
26942785,92,176
26943438,100,176
26944076,21,176
26946077,93,176
26946755,14,176
26947302,94,176
26948990,93,176
26950028,95,176
26950536,15,176
26951234,4893,9
26951498,90,176
26952811,285,176
26953712,102,176
26954411,110,176
26956731,76,43
26956886,65,43
26956953,42,43
26956998,52,43
26958042,9710,7
26964106,17486,70
26967068,683,47
26967522,11254,13
26968108,11631,7
26969158,1031,47
26969649,34,47
26969717,32,47
26969782,59,47
26969879,28,47
26969945,37,47
26970041,47,47
26970139,35,47
26970753,9320,64
26972739,1713,47
26972856,56,128
26973128,565,47
26974490,321,47
26974875,45,128
26975016,484,128
26975585,52,128
26975650,1767,47
26975830,48,128
26976084,132,47
26976156,63,128
26976265,97,47
26976576,63,128
26976631,59,47
26976731,83,47
26976750,161,128
26976860,77,47
26977070,2180,128
26977170,1848,47
26977414,2166,47
26977778,3814,7
26979070,1886,47
26979615,2147,47
26979716,283,128
26980185,129,128
26980595,528,128
26981017,1917,47
26981401,419,128
26981802,3733,7
26981821,2202,47
26982093,2165,128
26982983,2004,47
26983430,19,100
26983557,10396,64
26984079,2564,47
26984592,58,128
26984762,483,100
26985044,2244,47
26985530,63,43
26985596,71,43
26985670,39,43
26985825,3800,7
26986350,1722,70
26986695,2532,47
26986949,2866,9
26986992,64,10
26987291,2905,47
26987832,442,128
26988945,82,128
26989278,2333,47
26989856,1784,7
26990082,364,100
26990152,248,128
26990235,2100,47
26990732,541,128
26990994,22819,7
26991416,86,10
26991609,6183,7
26991633,99,100
26991647,2460,47
26992271,21815,7
26992372,64,47
26992462,132,100
26992597,2412,47
26993362,129,100
26993962,804,64
26994161,1073,47
26994403,96,100
26995129,159,47
26995213,176,100
26995406,12,100
26995643,107,100
26995699,4976,47
26995706,4684,47
26997733,22,70
26997798,14356,70
26998075,183,100
27000436,2647,47
27003123,2509,47
27005688,2409,47
27005773,1163,64
27008134,2501,47
27010689,2350,47
27011638,47,70
27013083,2533,47
27014098,22751,7
27015679,130587,47
27017757,11539,7
27047063,109,84
27048636,83,7
27049046,11527,7
27053019,283,100
27054083,177,100
27055690,150,100
27056826,192,100
27057480,88787,80
27057507,88760,80
27058726,167,100
27060681,85281,7
27061195,88,100
27061774,84279,70
27061836,83,100
27062556,110,100
27065211,81099,64
27078798,2305,61
27081653,2601,62
27087487,147,61
27134968,12823,30
27135019,2159,47
27141806,19425,70
27143376,5478,169
27146488,2686,7
27146589,6331,64
27146881,5285,177
27147154,204,100
27147976,149,100
27148183,9098,9
27148251,201,66
27148688,3909,5
27148824,2883,47
27148832,2715,47
27148980,11001,134
27149149,2373,173
27149306,10797,7
27149540,18178,80
27149587,18194,80
27150057,169,100
27150881,472,24
27151524,87,100
27151607,2636,47
27151760,3025,47
27152471,131,100
27152625,5487,5
27152845,1347,39
27152933,12198,64
27153274,100,100
27153465,4550,26
27154049,3637,177
27154285,3826,47
27154567,880,19
27154596,1280,26
27154914,2061,47
27155181,843,169
27156020,129,100
27156928,672,169
27158142,2618,47
27158332,111,43
27158364,113,100
27158449,57,43
27158510,60,43
27158575,65,43
27158585,784,169
27158646,497,43
27158747,6524,177
27159049,151,9
27159148,255,43
27159241,1955,9
27159407,461,43
27159871,443,43
27160108,11852,134
27160173,1295,7
27160185,61,7
27160314,4008,128
27160475,120,95
27160669,2161,47
27160790,2483,47
27160987,8097,134
27161026,80,95
27161343,94,100
27161456,334,169
27161582,598,95
27161792,445,7
27162015,708,11
27162081,2164,26
27162351,1321,95
27162429,2624,169
27162600,1529,7
27162888,2203,47
27163819,2475,47
27164822,12843,30
27165141,1921,64
27165187,3358,47
27165216,178,100
27165344,1767,173
27165388,79,66
27165423,95,100
27165610,3615,7
27166229,221,95
27166436,2818,47
27166657,1630,95
27166988,2070,169
27167069,195,64
27167493,22261,7
27167495,103,66
27168060,57,173
27168269,38,66
27168344,5038,173
27168396,103,66
27168570,136,66
27168601,2117,47
27169274,109,100
27169282,127,66
27169290,639,47
27169959,5264,47
27170035,76,100
27170667,5351,62
27170735,82,100
27170780,2037,47
27171432,93,100
27171642,16523,11
27175901,60,47
27175998,2134,47
27176003,2464,47
27177665,13080,30
27178036,8,10
27178522,2371,47
27180931,28,47
27184307,44424,80
27184413,44321,80
27187959,63,70
27190747,13295,30
27195302,20691,7
27200105,322,176
27200669,10791,176
27201610,10888,176
27213222,250,176
27214102,8017,176
27214651,7,176
27214804,146,176
27215000,6640,176
27215931,79,43
27216073,49,43
27216127,72,43
27216181,4102,7
27216202,50,43
27216254,320,43
27216578,241,43
27216822,682,43
27217507,298,43
27217527,1719,47
27217683,2524,47
27219766,174,64
27219821,2574,5
27219886,1527,7
27220274,2652,47
27220289,33626,30
27220304,1131,64
27220546,32239,30
27220600,656,7
27221479,21,30
27221505,53886,7
27222020,43,64
27222072,7775,11
27222178,1407,158
27222188,1625,64
27222414,439,5
27222639,12,10
27222771,332,43
27222967,7604,47
27223412,30503,9
27223527,7308,7
27223543,8154,134
27223742,200,5
27223769,3583,10
27223971,1788,158
27224097,3726,62
27225077,4879,62
27225374,4240,26
27225866,690,134
27225903,2168,61
27226304,155,5
27226893,94,66
27227283,301,43
27227526,139,66
27227624,3142,149
27227708,3956,134
27228028,5475,158
27228234,120,66
27228670,4734,47
27228750,25183,80
27228940,24992,80
27229293,24621,5
27229298,187,66
27229351,1807,26
27229491,5013,10
27230691,17,10
27230793,23124,47
27230800,23077,149
27230858,2067,62
27230916,78,10
27231149,34,179
27231166,55269,7
27231816,140,66
27234030,19787,177
27234276,19536,169
27234451,162,100
27234462,19532,62
27235942,1338,61
27242917,1208,134
27243410,55316,176
27244732,55213,43
27247285,2722,7
27262703,54,47
27309507,181,31
27309694,1291,31
27310364,351,173
27310373,30,173
27311092,11131,31
27322313,2419,31
27323823,909,31
27324273,458,31
27325594,3945,123
27327671,1419,31
27327790,1123,31
27328663,497,31
27328869,8704,149
27329089,2894,64
27329760,406,173
27329913,24761,31
27330097,8122,134
27330114,964,173
27330204,9976,58
27330282,3935,11
27330481,3892,177
27330527,5351,47
27330581,662,173
27330978,3980,176
27331131,143,43
27331196,1115,173
27331312,12867,30
27331393,2860,30
27331407,113,43
27331450,344,5
27331488,342,30
27331523,61,43
27331589,61,43
27331656,479,43
27332139,526,43
27332670,378,43
27333051,407,43
27333496,65,66
27334011,10608,70
27334356,31,13
27334631,74,66
27334754,7,99
27335081,7038,47
27335593,776,11
27336218,1025,173
27336222,1279,177
27336714,78,47
27337264,784,173
27337619,2040,47
27338202,525,177
27338507,104,66
27339132,972,177
27339290,73,66
27339696,2234,47
27340158,116,66
27340505,546,149
27340536,3414,134
27340759,23790,149
27341973,2660,47
27342137,79,47
27342265,83,47
27342396,85,47
27342526,69,47
27342654,68,47
27342864,2829,47
27344302,452,134
27344614,8171,70
27344850,12941,30
27345798,4824,47
27349964,938,100
27349972,878,64
27350662,8673,47
27350702,61169,80
27350819,654,80
27351573,78588,80
27352794,7798,70
27355765,3073,47
27357828,12802,30
27358888,2085,47
27359384,8859,47
27360597,7489,70
27361290,165,100
27361703,873,100
27362724,77,100
27366701,2008,47
27368087,6938,70
27368360,8423,47
27368738,2004,47
27370632,12910,30
27370775,2060,47
27372871,2099,47
27375022,6945,70
27375035,2056,47
27376858,10810,47
27377141,2014,47
27377194,514,176
27377976,5177,176
27379199,2019,47
27381269,2011,47
27381966,6944,70
27383324,2087,47
27383432,533,176
27383549,12812,30
27383773,7580,176
27387743,6874,47
27388731,41,43
27388920,3656,70
27390343,4926,36
27391150,484,30
27391475,5734,64
27395878,1886,5
27395934,15534,30
27396070,708,95
27396357,12982,30
27397114,5963,134
27398174,5154,95
27398653,78,66
27398955,1902,155
27399179,1308,32
27399458,72,66
27399609,1168,158
27400326,108,66
27400436,1587,177
27400510,7566,32
27400922,4167,158
27401076,3015,47
27401180,9406,47
27401319,371,70
27401354,197,66
27401447,2511,155
27401568,16203,70
27401842,73,66
27402010,1184,134
27402354,2302,177
27402923,144,66
27403351,6471,134
27403439,1709,103
27403446,566,66
27403651,102,134
27403778,194,134
27404164,3292,47
27404406,398,66
27404568,240,134
27405007,123,66
27405104,72,134
27405453,4848,177
27405464,50,177
27405708,5280,134
27406540,1220,100
27407184,88,99
27407384,2165,26
27407596,1920,26
27407841,14,100
27408053,1642,62
27408162,64,99
27408590,195,100
27408779,3231,47
27408848,3347,177
27409702,775,100
27410093,400,66
27410117,2945,26
27410666,3262,47
27410853,36,100
27410916,81,99
27411317,131,66
27412077,57198,80
27412206,62,99
27412687,66,99
27412832,66,30
27412939,311,30
27413101,5711,177
27413262,7721,134
27413397,655,70
27413470,34,173
27413630,36,30
27413647,14,173
27413774,12,173
27413947,10,173
27413994,1513,30
27414031,3553,26
27414111,6691,134
27414576,52,47
27414759,19,173
27414775,68,173
27415085,13215,30
27415248,19,173
27415460,1626,100
27415558,260,103
27415877,567,103
27416418,33,96
27416736,361,96
27416982,1192,158
27417510,2077,47
27417751,38,100
27417899,11419,70
27418341,49,96
27418407,2075,100
27418508,231,66
27418640,13,96
27419707,197,66
27420342,298,66
27420351,259,158
27420623,476,47
27420729,1764,47
27420806,145,66
27420903,9,149
27421108,4893,47
27421219,8828,134
27421266,1946,158
27421488,402,5
27421814,3560,100
27421856,2924,26
27421915,1810,5
27422063,7828,134
27422089,3319,26
27422139,5020,177
27422140,395,66
27422274,10163,32
27422582,3261,47
27422668,453,66
27423150,9839,13
27423263,531,66
27423590,159,158
27424492,460,66
27425275,2693,173
27425346,9017,149
27425507,284,66
27425833,31,100
27426139,25920,7
27426228,3407,47
27426324,89,47
27426446,2740,47
27426556,289,66
27427221,333,66
27427777,277,66
27428302,13087,30
27428642,407,66
27429249,302,66
27429266,357,47
27429431,7851,70
27429593,214,66
27430184,1562,100
27431260,890,47
27432161,733,47
27433109,60,47
27433218,2192,47
27433223,1773,47
27433736,1405,100
27435555,2190,47
27435776,11,96
27435924,22,100
27437247,1796,47
27439459,2193,47
27441080,7073,13
27441201,3799,100
27441274,1759,47
27441392,12889,30
27444311,5492,47
27445124,30,100
27445179,1773,47
27445730,3050,100
27447027,1909,47
27448157,6896,13
27448175,75,70
27449013,1890,47
27449412,5460,70
27449923,4261,47
27451001,1839,47
27452974,1830,47
27454311,6284,47
27454660,47555,80
27454947,1882,47
27455057,6944,13
27456917,1843,47
27458905,1840,47
27460466,5384,9
27460637,6920,47
27460877,1900,47
27461998,513,13
27462139,12849,30
27462865,1840,47
27466813,59,70
27467581,5489,47
27467925,328,176
27468706,329,176
27470532,389,176
27471519,377,176
27472608,373,176
27473043,3859,7
27473186,4558,47
27474355,4299,7
27475131,84,43
27477808,2307,47
27477865,15744,30
27478287,2792,30
27478585,1300,158
27479208,2850,7
27479424,40,186
27479878,4510,7
27480144,2317,47
27480451,12895,30
27480601,45,186
27481027,2041,158
27482242,5243,26
27482474,8744,134
27482595,104,186
27482601,2280,47
27483317,4698,177
27483520,3053,47
27483631,1282,7
27483733,2126,64
27484807,615,158
27484939,12834,47
27485663,7096,134
27485747,339,158
27486509,3165,30
27486586,3833,158
27486700,3432,47
27486889,12313,9
27488009,1051,149
27488195,42,99
27488251,5174,58
27488871,294,66
27488913,6800,80
27489131,6743,13
27489768,87943,149
27490240,2339,47
27490337,526,66
27490691,4209,70
27490872,5660,26
27491514,1622,158
27491783,461,99
27491890,481,99
27492694,3324,47
27493242,28,100
27493293,905,158
27493374,242,134
27493471,133,99
27493921,204,66
27494679,1873,100
27494720,178,66
27495085,5756,134
27495331,418,30
27495354,7786,7
27495461,261,66
27495893,945,13
27496028,72,99
27496111,3721,47
27496222,15601,30
27496378,400,66
27496639,2027,26
27497170,43,100
27497314,3477,30
27497354,73,66
27497485,6937,13
27497665,1794,100
27497829,84,66
27498125,60727,7
27498239,4642,47
27498872,76,99
27498957,3762,70
27499352,1826,158
27499470,1131,177
27499543,10282,58
27499707,28,100
27499925,3113,47
27500860,221,134
27501330,3376,30
27501845,1323,158
27501926,792,99
27501943,1941,155
27502104,10569,134
27502221,2836,100
27502287,1412,100
27502966,5761,47
27503085,6448,47
27503305,929,177
27503554,9911,95
27503931,96,43
27503973,888,158
27504001,72,100
27504031,86,43
27504121,72,43
27504198,53,43
27504255,531,43
27504367,5457,7
27504476,9147,13
27504528,7216,134
27504789,4723,43
27508759,2311,47
27509466,62,100
27509708,66,58
27509875,2375,47
27510049,4002,7
27511220,3950,47
27511232,210,66
27511346,7709,26
27511532,94,66
27511584,13,151
27511675,113,66
27511839,151,66
27512088,174,66
27512290,15,47
27512335,627,47
27512340,209,66
27512684,99,66
27512885,1351,96
27513138,3649,30
27513624,5911,13
27514232,740,47
27514259,3084,96
27515540,54,66
27516525,89,47
27522783,11408,13
27540157,80,96
27576243,90,47
27579914,1416,70
27580094,6480,36
27581443,9376,70
27587996,4006,58
27588647,6526,36
27590301,5691,26
27590331,15,43
27590455,37,47
27590623,2336,47
27590821,6979,70
27592231,6169,58
27592786,88026,80
27592946,87929,80
27592990,1055,47
27594113,3015,47
27594755,28574,63
27597167,87,47
27597321,2981,47
27597408,2555,47
27597796,28,96
27597802,6909,70
27598020,67,96
27598237,35,96
27598511,281,96
27599154,28,96
27599602,211,96
27600372,3006,47
27600477,2019,47
27600645,3345,47
27600793,6123,96
27601174,38,96
27601267,2173,96
27601932,5,100
27601960,3829,100
27604056,2273,47
27604713,6908,70
27606872,45,100
27606932,91,96
27607195,29,96
27607339,1709,96
27607726,14145,47
27608464,2140,47
27608848,6412,100
27608904,307,96
27610669,2095,47
27611623,4483,70
27612875,2101,47
27615084,2061,47
27616108,1515,70
27617289,2046,47
27617941,4413,70
27619375,2174,47
27622021,10540,47
27622354,7130,70
27629486,7060,70
27632583,10487,47
27636550,12801,70
27643120,10147,47
27647936,16,43
27649353,9939,70
27651111,6439,36
27651532,6528,36
27653307,10591,47
27659236,6587,70
27660847,2156,47
27662332,6448,36
27663056,2081,47
27664511,28,100
27664765,3638,47
27665263,2084,47
27667470,2124,47
27667953,3920,100
27668540,3572,47
27669678,2108,47
27671884,2104,47
27672194,3593,47
27672652,4416,36
27672836,25,100
27673132,6373,36
27673373,5208,100
27674090,2087,47
27675847,3670,47
27676210,486,176
27676297,2125,47
27676730,15,43
27677066,13023,30
27677129,73,30
27678366,360,176
27678502,2085,47
27679057,364,176
27679608,250,176
27679638,3692,47
27680321,27,100
27680698,186,176
27680711,2080,47
27681610,89,176
27682669,1569,100
27683411,3650,47
27683477,216,176
27683840,33,176
27684157,150,176
27685147,17,100
27687189,3642,47
27687538,11,106
27687694,8,106
27687753,208,106
27688056,1627,106
27688902,1600,100
27690630,820,106
27690966,3699,47
27692182,16,100
27693251,1772,100
27694732,13041,36
27694741,3624,47
27695718,17,7
27696116,16,100
27696806,1984,100
27698396,3640,47
27699297,3886,47
27699331,15,100
27700110,7,100
27700187,261,100
27700196,38,100
27700521,10,61
27702175,1001,47
27702401,3082,100
27703313,3099,47
27703413,2143,47
27703463,5728,47
27705744,21,100
27706997,24843,80
27708641,2077,47
27709301,6821,47
27710859,2081,47
27713070,2196,47
27715301,2080,47
27716231,7126,47
27717513,2070,47
27719724,2031,47
27721824,2105,47
27723391,6898,47
27724030,2116,47
27726252,2109,47
27728475,2099,47
27730336,1583,47
27730691,1197,47
27733395,25763,110
27734331,11,43
27770089,86,187
27791081,1988,47
27791562,105,47
27791989,3511,47
27792291,82,187
27792697,83,187
27793169,1987,47
27793462,92,187
27793564,93,187
27793769,45,187
27794410,78,187
27795278,1988,47
27795544,3614,47
27796160,55,187
27796623,53,187
27797001,12,187
27797372,1954,47
27797541,120,187
27798176,211,96
27799205,3578,47
27799426,91,187
27799458,1999,47
27799722,95,96
27800142,39,96
27800216,304,96
27800570,261,96
27801045,22830,96
27801558,2105,47
27802883,3445,47
27803773,1982,47
27805866,2022,47
27806422,4263,47
27806665,876,176
27807968,2026,47
27808035,690,176
27810068,1986,47
27810821,4531,47
27811819,449,176
27812160,1975,47
27812583,528,176
27814178,115,176
27814244,1986,47
27814451,464,176
27815061,718,176
27815118,6159,9
27815441,5500,47
27816330,2005,47
27816810,1136,176
27819669,25753,110
27820677,3207,106
27821025,3465,47
27823992,630,94
27824181,15034,30
27824346,10634,30
27824359,75,5
27824457,12182,5
27824511,3997,66
27824567,4042,47
27824583,167,66
27824879,33,186
27824992,6140,47
27825154,33115,64
27825441,678,66
27825966,32,186
27826364,122,94
27826544,60,94
27826665,50,94
27826712,326,43
27826714,152,94
27826866,60,94
27826926,116,94
27827023,357,66
27827084,62,94
27827146,86,94
27827292,61,94
27827353,120,94
27827400,8860,158
27827473,110,94
27827582,75,94
27827718,60,94
27827726,3473,173
27827775,108,66
27827778,108,94
27827946,173,94
27828045,3247,134
27828119,59,94
27828177,152,94
27828329,59,94
27828388,121,94
27828508,60,94
27828568,116,94
27828660,22,12
27828693,34,186
27828725,58,94
27828734,3842,47
27828783,174,94
27828957,60,94
27829017,156,94
27829172,60,94
27829232,191,94
27829237,287,66
27829272,214,66
27829287,1003,100
27829423,59,94
27829488,217,94
27829705,61,94
27829766,179,94
27830192,562,43
27830247,109,94
27830355,61,94
27830557,63,66
27830558,118,94
27830627,47,66
27830737,77,94
27830754,125,94
27830935,59,94
27830994,121,94
27831137,62,94
27831199,95,94
27831225,645,100
27831302,4255,106
27831303,77,94
27831361,46,66
27831377,131,94
27831572,85,94
27831584,7598,134
27831657,120,94
27831836,37,94
27831873,167,94
27831972,65,66
27832074,217,66
27832075,94,94
27832096,224,66
27832168,58,94
27832292,139,94
27832431,59,94
27832490,72,94
27832504,199,66
27832634,72,94
27832634,3862,47
27832726,131,66
27832727,71,94
27832798,61,94
27832801,398,66
27832863,31,100
27832895,52,94
27832946,73,100
27832947,107,94
27832966,1119,66
27833126,58,94
27833261,26,94
27833275,109,135
27833287,114,94
27833390,3664,47
27833416,5696,9
27833489,124,94
27833561,401,66
27834110,661,100
27834150,243,38
27834545,17,187
27834555,220,66
27834715,480,66
27834817,21,38
27834821,30,187
27835078,195,187
27835192,47,186
27835256,10611,30
27835348,1542,80
27835522,152,187
27835599,6546,106
27835934,2729,177
27836168,368,66
27836540,3808,47
27836697,505,158
27837162,200,66
27837229,2049,38
27837505,36,187
27837773,1281,158
27837796,3,188
27837838,911,100
27837935,894,66
27838682,1642,177
27839492,36,100
27839992,2852,158
27840180,7055,5
27840545,27,187
27841045,686,99
27841162,12,187
27841168,2774,173
27841405,1511,177
27841650,13,187
27842187,27,187
27842365,163,106
27842657,17,187
27842747,2896,47
27842822,4637,106
27842945,16,187
27843101,5692,47
27843244,18,187
27843384,17,187
27843556,2053,177
27843776,21,187
27843825,15,187
27844151,127,100
27844168,30,44
27844339,238,158
27844434,16,187
27844574,17,187
27844599,5854,158
27844756,14,187
27845049,141,66
27845065,972,173
27845087,114,99
27845251,95,44
27845438,3915,100
27845444,195,44
27845451,238,100
27845496,25,187
27845574,20,187
27845667,22,187
27845870,10732,30
27846047,153,44
27846125,2232,177
27846292,377,44
27846602,202,66
27846677,93,44
27846780,2518,173
27846837,122,44
27846947,2813,9
27847243,8316,5
27847571,70,66
27847938,581,26
27848197,170,99
27848601,784,26
27848681,172,44
27848809,2521,47
27848821,7300,134
27848860,99,44
27848882,1131,100
27849022,83,44
27849194,60,44
27849258,52,44
27849275,1745,26
27849317,57,44
27849343,14,173
27849476,108,44
27849514,75,66
27849531,15,43
27849611,10,173
27849776,7,173
27849809,6282,9
27849835,297,44
27849930,9,173
27849977,6825,47
27850599,6426,177
27850799,9,173
27850874,3383,158
27850977,12,173
27851018,5943,38
27851195,7,173
27851347,7,173
27851546,7,173
27851556,1764,47
27851973,11,173
27852072,4187,100
27852111,18,187
27852116,10,173
27852125,9,173
27852829,10,173
27853171,10,173
27853299,19,173
27853452,7,173
27853525,33,187
27853600,8,173
27853957,3093,173
27854956,124,66
27855070,5867,158
27855604,145,66
27856364,6140,134
27856401,158,66
27856603,4674,30
27857152,51,187
27857221,169,66
27857254,5060,47
27857309,1629,47
27857445,28,187
27858004,63,66
27858121,8,173
27858141,397,38
27858152,9,173
27858257,14,187
27858269,7,173
27858303,32,66
27858422,6,173
27858463,11,187
27858825,10,173
27858929,6421,177
27859544,19743,2
27859931,9585,38
27860136,263,176
27861105,520,134
27861493,12,187
27861891,8462,134
27862668,87,96
27862765,48,96
27862814,61,96
27862876,35,96
27863095,36,96
27863287,143,96
27863530,35,96
27863956,27,96
27864047,365,47
27864461,2404,47
27864514,8060,64
27865652,10,96
27866078,66,96
27867055,40,96
27867457,26,96
27868971,12339,9
27869024,21,9
27869032,1550,47
27869365,31,100
27870211,60,96
27870284,5358,58
27870441,154,96
27871630,3297,100
27873652,1997,47
27875592,25,100
27876185,2490,100
27876544,932,47
27878711,1005,47
27878862,18,100
27879126,2522,100
27879597,435,58
27879813,928,171
27880344,25,96
27880479,25,47
27880653,41,47
27880985,8,171
27881045,23,47
27881114,26,47
27881179,22,47
27881245,25,47
27881310,23,47
27881462,504,47
27881864,25,47
27881961,31,47
27882056,20,47
27882125,1462,47
27882141,1568,47
27883639,1471,47
27883773,1857,47
27883816,4554,9
27884935,12,171
27885155,1467,47
27885463,54,171
27885514,9228,171
27885770,1577,47
27886673,1473,47
27887406,1562,47
27889044,1830,47
27889460,522,176
27890923,1569,47
27892557,1595,47
27894199,2045,47
27894204,215,176
27894611,341,176
27895383,390,176
27896317,2498,47
27896401,1096,176
27897357,1472,47
27897778,804,176
27898870,1486,47
27898915,1562,47
27898937,6836,171
27900547,1571,47
27902179,1576,47
27903813,1579,47
27905447,1578,47
27907080,1580,47
27907131,11,43
27908714,1569,47
27910347,1743,47
27910513,7218,22
27910530,5842,64
27910619,8792,30
27911191,7507,5
27911567,91,66
27911855,6567,158
27912224,3287,47
27912227,104,66
27912674,52,5
27912861,102,66
27913154,15,173
27913337,13,173
27913485,10,173
27913541,8,5
27913626,9,173
27913932,516,5
27914259,3511,177
27914524,12,173
27914719,10,173
27914811,61,66
27914879,8004,134
27915105,9,173
27915371,14,173
27915499,58,66
27915549,3176,47
27915847,11,173
27915892,9442,134
27915895,69,66
27915961,37,43
27916022,7,173
27916198,57,66
27916311,10,173
27916316,44,5
27916382,1394,64
27916455,7,173
27916501,176,66
27916744,89,99
27916749,655,43
27917057,1930,173
27917341,217,47
27917489,12,173
27917571,4589,47
27917600,40,66
27917673,8,173
27917829,499,66
27917845,18,173
27917863,44,64
27918262,3778,173
27918486,5351,64
27918576,221,96
27918706,197,99
27918844,1873,47
27918863,548,96
27918871,2928,43
27918885,2068,177
27919723,182,99
27919744,154,96
27920190,7935,30
27920231,231,96
27920375,2931,9
27920437,258,99
27920468,245,66
27920517,7957,58
27920903,27,96
27921994,25,187
27922103,280,66
27922117,371,187
27922293,112,99
27922645,181,99
27922883,283,99
27923328,363,187
27923378,280,66
27923539,613,26
27923571,13,17
27923598,5490,17
27923768,5035,187
27923863,9599,38
27923908,9547,38
27923928,397,99
27924032,198,66
27924131,19,173
27924163,336,187
27924446,435,99
27924498,272,66
27924560,774,99
27925047,161,66
27925258,15,100
27925302,270,187
27925359,191,99
27925565,167,99
27925691,3111,100
27925709,40,173
27925716,300,173
27925959,611,99
27926024,309,66
27926041,2541,22
27926122,1900,177
27926159,149,173
27926174,57,169
27926232,1805,187
27926638,92,169
27926870,457,66
27926921,404,169
27927593,931,99
27927743,206,169
27928180,216,187
27928404,156,10
27929110,2544,47
27933759,4025,58
27935931,55,43
27942008,322,31
27942075,316,31
27942191,139,31
27942611,3703,158
27943056,11,169
27945749,228,31
27945750,226,31
27945750,226,31
27946070,48,43
27946121,38,43
27946162,47,43
27946165,116,10
27946187,164,66
27946212,42,43
27946240,699,100
27947140,1057,70
27947569,2997,47
27948758,19,100
27950262,1515,100
27950908,27,187
27951030,16,187
27951086,72,47
27951113,114,47
27951234,4,187
27951307,4,187
27951813,2315,47
27951827,3162,47
27954473,2766,64
27955033,4500,47
27955037,4500,47
27956332,739,36
27956738,27,187
27956799,41,100
27957400,3959,13
27957413,21,187
27957507,11,187
27957514,2297,100
27957618,133,187
27957684,18,187
27957750,23,187
27957821,155,187
27958226,1100,187
27959448,8007,9
27959796,541,134
27959839,7712,58
27959919,9226,64
27960341,508,54
27960702,7213,47
27960710,7972,47
27960751,32,100
27961087,2129,100
27961260,1144,134
27961938,8293,13
27962452,1151,134
27963421,37,100
27963773,177,187
27964036,122,187
27964379,197,187
27964762,124,100
27964927,1584,100
27965203,37,96
27965267,48,96
27965998,23,96
27966182,23,96
27966484,24,96
27966715,46,96
27966717,27,100
27967061,25,96
27969319,206,96
27969393,16,100
27969812,46,96
27969871,632,100
27969988,80,96
27970075,43,96
27970201,668,96
27970234,5806,13
27970723,17,100
27971048,9,96
27971361,590,100
27971440,34,96
27971824,134,96
27971938,123,96
27972249,16,100
27972423,193,96
27972612,386,176
27972616,708,100
27972946,42,96
27973202,36,96
27973499,18,100
27973720,144,176
27974022,37,96
27974065,340,176
27974156,708,100
27974373,190,96
27974576,74,96
27974962,19,100
27974968,74,96
27974995,78,96
27975007,550,176
27975247,60,13
27975577,494,96
27976343,243,176
27977576,13,176
27977869,10,176
27978150,17,176
27978230,34,176
27978493,147,176
27978674,349,176
27980438,857,176
27986683,50,176
27986781,514,176
27988684,85,176
27988777,60,176
27988786,20,176
27988854,310,176
27988861,33,176
27990646,364,176
27992275,143,176
27992806,197,176
27993176,142,176
27993201,22,76
27993455,861,76
27993487,144,176
27993531,67,43
27993667,48,43
27993717,40,43
27993759,40,43
27993803,41,43
27993959,1745,7
27994031,5,176
27994075,263,176
27994573,25789,110
27994649,7,176
27994841,841,176
27995653,2452,76
27995854,3342,30
27997177,295,30
27997331,10310,5
27998120,46,76
27998183,39,76
27998235,643,76
27998306,1625,30
27998832,846,26
27999205,11379,7
27999363,638,30
27999598,750,54
27999768,23,64
27999776,16010,64
27999786,1444,30
27999843,2579,26
27999867,2667,173
28000532,509,54
28001143,565,158
28001384,284,169
28001482,196,30
28001720,116,158
28001750,441,30
28001816,42,169
28002571,1821,26
28002576,2271,7
28002587,6160,134
28002709,1190,189
28002837,119,158
28003062,91,155
28003251,43,155
28003500,1877,30
28003630,2355,155
28004158,3918,146
28004361,4558,173
28004395,40,173
28004668,44,169
28004725,76,169
28004889,53,169
28005276,9679,38
28005290,9648,38
28005501,8396,189
28005772,3680,7
28005788,236,99
28006067,32,54
28006697,4239,30
28007252,910,134
28007913,33,96
28007997,109,96
28008136,2472,146
28008195,68,169
28008315,394,99
28008531,691,134
28008711,35,54
28009085,24,169
28009092,18,173
28009123,40,169
28009128,6667,134
28009433,11,173
28009452,10673,149
28009466,590,134
28009543,4,173
28009556,2798,173
28009559,42,169
28009619,58,169
28009926,12,173
28010297,16094,58
28010350,10,173
28010585,11,173
28010715,1118,54
28010736,1244,99
28010870,3449,5
28010896,12,173
28010987,11349,7
28010992,243,96
28011108,974,66
28011744,206,96
28012322,32,96
28012443,1008,54
28012447,195,66
28012656,12,96
28012730,12,96
28013018,178,66
28013164,2621,173
28013263,237,30
28013321,11,173
28013343,17,96
28013358,34,54
28013415,30,54
28013753,8,173
28013883,13,96
28013918,7,173
28013931,11,96
28014005,39,96
28014041,225,30
28014088,8,173
28014186,260,96
28014258,8073,189
28014489,16,96
28014493,202,66
28014599,329,96
28014625,8,173
28014754,1448,30
28014871,9,173
28015076,43,169
28015211,10,173
28015275,236,66
28015298,15,173
28015526,682,66
28015671,11,173
28015799,9,173
28015816,6,173
28015901,12947,64
28015997,12,173
28016035,1185,30
28016116,7,173
28016305,9804,38
28016367,13,173
28016383,12,173
28016589,231,66
28016595,1939,30
28017129,135,99
28017288,648,99
28017360,56,99
28017782,258,173
28018064,1641,173
28018089,319,99
28018260,440,96
28018352,16,169
28018399,266,96
28018431,12,173
28018445,7,173
28018511,11,173
28018683,18,169
28018710,4496,26
28018808,197,96
28018858,10,173
28018883,7,173
28018926,7,173
28019024,9,173
28019194,9,173
28019280,5,173
28019306,6,173
28019383,9,173
28019449,721,99
28019493,11,173
28019632,70,96
28019685,10535,5
28019799,13,169
28019938,8,173
28019951,7,173
28019967,7,173
28020064,506,169
28020108,18,96
28020115,5207,30
28020194,9,173
28020306,9,173
28020440,7,173
28020514,7,173
28020593,6,173
28020659,232,169
28020669,29,96
28020775,388,99
28020948,9,173
28021070,376,169
28021204,83,96
28021359,87,96
28021420,1583,17
28021489,30,96
28021519,3521,173
28021550,41,169
28021594,9937,134
28021884,93,96
28022253,360,66
28022335,67,43
28022341,13,173
28022348,13571,189
28022408,65,43
28022434,16,169
28022479,182,169
28022549,45,43
28022598,42,43
28022643,107,43
28022658,9,173
28022694,3536,7
28022812,256,169
28022817,154,96
28023203,280,66
28023222,5276,5
28023270,184,17
28023423,43,169
28023453,9819,189
28023480,55,169
28023594,6136,158
28023742,874,169
28023811,3191,30
28023879,545,134
28023923,122,96
28023932,809,17
28024107,135,99
28024520,4404,22
28024628,39,96
28024768,94,134
28025013,9,173
28025057,33,96
28025131,1804,17
28025225,42,169
28025399,4244,47
28025436,116,96
28025439,5022,47
28025501,390,66
28025549,12,173
28025581,726,96
28025671,5270,134
28025781,1337,149
28025978,48,169
28026099,3287,26
28026231,32,99
28026299,910,99
28026356,23152,7
28026380,48,169
28026562,46,169
28026747,13,169
28026886,41,169
28026938,40,169
28026972,39461,149
28027002,59,149
28027119,53,169
28027154,3578,17
28027187,48,169
28027254,52,169
28027327,8,96
28027440,46,169
28027620,5179,30
28027710,28,169
28027792,13,96
28027799,341,99
28027841,12,173
28027950,301,169
28028365,11,173
28028726,20,169
28028752,37,99
28028765,25,169
28028869,57,169
28028949,1141,22
28029014,1438,58
28029403,12,173
28029473,30,169
28029700,37,173
28029828,2513,64
28031984,9851,7
28032094,8509,134
28032353,8532,134
28033133,9663,38
28033179,14,17
28033203,1531,17
28033300,39,176
28033417,159,66
28034175,8,96
28034311,6,96
28034392,2183,47
28034485,109,47
28034621,1037,47
28034730,11,173
28035016,10,173
28035467,1489,17
28035588,10,173
28036396,3122,47
28037548,8,96
28037839,6,96
28038026,5,96
28039183,102,96
28039267,96,96
28039294,9,176
28039360,8,176
28039482,134,96
28039763,3927,96
28040487,278,17
28041041,492,17
28044594,1788,47
28046370,2333,47
28052724,22867,7
28054173,986,176
28056479,17,176
28058294,13,176
28058312,13,176
28059174,15,176
28060926,12,176
28061841,12,176
28062887,11,176
28064093,11,176
28065238,11,176
28065819,248,176
28069586,10,176
28069652,10,176
28070001,11,176
28070218,9,176
28070470,9,176
28073828,723,176
28074893,76,176
28075649,11283,7
28079931,107,43
28080099,25762,110
28080101,41,43
28080145,41,43
28080188,47,43
28080238,320,43
28080560,245,43
28080809,287,43
28081098,280,43
28081564,719,30
28082769,2751,30
28082796,1286,30
28084406,588,30
28085349,171,66
28085547,21,169
28085744,39,169
28085796,2726,158
28086520,6057,80
28086942,15,173
28087127,12,173
28087200,9,173
28087344,4977,7
28087866,13,173
28087898,23,173
28087968,4571,5
28087976,13,173
28088096,4389,30
28088153,810,30
28088175,233,173
28088246,166,173
28088267,551,134
28088349,197,47
28088365,158,47
28090102,366,47
28090108,334,47
28090723,26,169
28091073,9754,189
28091402,809,30
28092210,3935,134
28092460,7,188
28092598,11339,7
28092652,7059,134
28092964,835,26
28093029,15,173
28093043,10,173
28093220,154,99
28093244,9,173
28093276,8,173
28093381,332,66
28093399,3167,99
28093536,1087,30
28093711,12984,5
28094007,6635,26
28094488,10498,80
28094544,472,47
28094548,363,47
28094700,7557,146
28095093,359,66
28095427,252,188
28095482,2492,158
28095712,51,188
28095786,9220,30
28095827,14211,47
28095915,10,173
28095960,8,173
28096192,16,173
28096266,6070,173
28096423,18,173
28096518,22,173
28096636,15,173
28096706,18,173
28096789,14,173
28096878,707,99
28097086,53,66
28097119,3642,47
28097400,12269,134
28097508,13,173
28098139,434,26
28098398,125,188
28098775,32,99
28098907,9,137
28099074,31,137
28099160,1118,188
28099239,28,99
28099269,1045,99
28099274,33,137
28099416,587,137
28099799,1967,30
28099932,40,137
28099946,11877,134
28100002,221,43
28100854,45,47
28100865,34,47
28101038,2284,188
28101069,10208,5
28101133,13,188
28101587,3789,80
28102016,641,30
28102272,5165,146
28103365,10784,22
28103559,8,179
28103588,5,179
28103606,50,179
28103955,456,99
28104520,1594,188
28104984,2415,99
28105196,1013,47
28105252,563,66
28105618,2917,30
28106188,33,66
28106209,161,149
28106370,10,173
28106471,9,173
28107052,14,173
28107279,13707,5
28107348,756,36
28107394,3745,47
28107407,553,99
28107408,33,47
28107460,4363,146
28107471,26,146
28107632,401,149
28107868,14,173
28108344,15,173
28108361,841,36
28108403,12,173
28108507,26,99
28108638,2075,30
28108649,13,173
28108731,119,43
28108818,29,99
28108855,72,43
28108870,248,99
28108931,74,43
28109009,54,43
28109066,448,43
28109178,4547,30
28109528,484,43
28109702,195,134
28109813,6272,177
28109850,574,99
28110016,467,43
28110047,10636,134
28110073,5038,47
28110084,60,47
28110486,336,43
28110807,889,30
28110877,91,99
28111289,4602,5
28111816,4217,146
28112237,4702,64
28112317,25,169
28112481,23,169
28112748,12483,134
28112827,3919,169
28112915,6,188
28113040,45,99
28113124,2000,188
28113589,9,173
28113922,9,173
28113952,7,173
28114188,14,173
28114298,8,173
28114367,1078,43
28114547,7,173
28114683,41,173
28114820,22,173
28114976,13,173
28115191,10,173
28115222,51908,80
28115286,5096,80
28115311,12,173
28115447,10,173
28115554,10,173
28115847,333,169
28116018,1924,146
28116032,1934,5
28116167,2484,47
28116429,148,169
28116693,351,47
28116745,756,169
28117050,173,47
28117227,435,47
28117476,13,173
28117490,243,169
28117716,489,47
28117765,17,169
28117821,188,169
28118321,222,169
28118667,4159,169
28118888,637,47
28120205,799,47
28120313,1707,47
28122102,3134,47
28122128,2651,47
28124908,4069,61
28125965,3926,17
28126639,38,137
28126652,1999,47
28126911,12565,36
28126919,4329,47
28127105,47,137
28127246,44,137
28128133,15,137
28129139,158,137
28129212,2605,47
28129297,2729,61
28131386,14,137
28131727,43,47
28132236,3176,62
28132290,1246,47
28133849,1683,47
28134667,1351,61
28134947,9496,38
28134963,19065,38
28135278,3010,146
28136084,1671,47
28136156,6042,47
28137839,1677,47
28139596,1656,47
28141352,1667,47
28142252,5557,47
28143111,1667,47
28144875,1675,47
28146636,1685,47
28147885,5549,47
28148394,1646,47
28150149,1663,47
28151908,1663,47
28153519,5362,47
28153671,1665,47
28155424,1683,47
28157179,1660,47
28158938,1672,47
28159019,5596,47
28160726,1677,47
28162487,1676,47
28164240,1685,47
28164688,4461,47
28165995,1713,47
28166335,76,43
28166474,55,43
28166531,55,43
28166590,10871,43
28169215,4125,47
28171627,699,61
28172573,472,61
28173050,878,61
28173379,4425,47
28174013,291,61
28174557,9,173
28174569,7,173
28174637,515,61
28174693,13,173
28174714,8,173
28174826,12,173
28174840,11,173
28174977,10,173
28174985,10,173
28175201,3185,62
28175261,1673,47
28175524,11,173
28175642,9,173
28175783,9,173
28175842,8,173
28175878,309,61
28176007,10,173
28176013,13,173
28176211,172,61
28176275,10,173
28176317,8,173
28176383,9,173
28176776,10,173
28177015,1699,47
28177122,10,173
28177294,9,173
28177301,7,173
28177424,11,173
28177453,9,173
28177488,24037,80
28177547,8,173
28177669,8,173
28177706,12,173
28177759,8,173
28177769,355,61
28177907,3769,47
28178129,442,61
28178140,60,61
28178384,3166,62
28179150,29,61
28179168,72,61
28179976,32,61
28179995,54,61
28180049,8,173
28180107,11,173
28180246,9,61
28180438,1061,61
28181012,1009,146
28181528,7622,47
28181544,24,173
28181549,5380,62
28181606,13,173
28181719,1748,47
28181808,11,173
28181893,11,173
28181956,171,61
28182012,9,173
28182015,302,146
28182029,8,173
28182127,1114,61
28182133,10,173
28182160,7,173
28183011,6282,36
28183519,487,47
28184096,1746,47
28185972,1929,47
28186928,4581,62
28187088,83,96
28187240,493,96
28187523,7,96
28187874,9,96
28187928,1267,47
28187940,210,96
28189200,1547,47
28189322,1245,47
28190714,1287,47
28191507,4151,62
28191530,16,61
28191706,770,61
28192111,1228,47
28193224,1551,47
28193383,1264,47
28193571,11279,7
28194423,1077,61
28194777,1258,47
28195134,57,43
28195195,51,43
28195249,53,43
28195274,1553,47
28195657,5869,62
28196171,1242,47
28196373,1321,61
28197026,1581,47
28197444,1265,47
28198251,1326,61
28198652,1544,47
28198839,1234,47
28199032,6250,36
28199830,54,61
28200358,1248,47
28200368,56,61
28200396,2321,47
28200513,130,47
28200757,178,61
28201522,5997,62
28201751,1222,47
28202753,2222,47
28203022,1262,47
28204413,1239,47
28204861,22937,7
28205110,2220,47
28205685,1257,47
28207016,635,146
28207077,1252,47
28207466,2316,47
28207518,4293,62
28208464,4728,47
28208529,1702,47
28208916,10,176
28209255,279,176
28209266,38,176
28209871,230,63
28209902,990,176
28210648,327,63
28211159,2089,63
28211607,1675,47
28213059,3951,63
28213238,3545,47
28213284,14047,63
28213358,1685,47
28214190,17,61
28214549,176,61
28215812,178,61
28216919,4906,47
28217063,351,61
28218283,53772,80
28219924,320,61
28220750,326,61
28221807,466,61
28221934,5427,47
28223674,414,61
28225806,971,61
28227424,5508,47
28229093,1675,47
28230821,27,176
28230856,1647,47
28232032,28,176
28232621,1663,47
28232819,27,176
28233059,5634,47
28233773,25,176
28234174,18694,7
28234380,1695,47
28234632,24,176
28236013,19,176
28236138,1702,47
28236472,19,176
28237033,17,176
28237896,1675,47
28238140,21,176
28238804,5601,47
28239660,1676,47
28239807,22,176
28240458,17,176
28241417,1684,47
28241992,19,176
28242540,20,176
28243172,1672,47
28243431,19,176
28243825,19,176
28244455,15,176
28244553,5594,47
28244925,1669,47
28245115,18,176
28246450,15,176
28246679,1696,47
28247295,19,176
28248433,1679,47
28248759,19,176
28250190,1654,47
28250194,15,176
28250288,5669,47
28250499,16,176
28251462,19,176
28252019,20,176
28252507,3185,62
28252633,18,176
28252737,73,43
28252875,41,43
28252920,62,43
28253072,11279,7
28256022,2544,47
28256041,3852,62
28258492,6344,36
28258522,2315,47
28258616,17,176
28258678,1252,47
28259149,15,176
28259891,6071,62
28260073,1226,47
28260229,14032,5
28260880,2302,47
28261344,1234,47
28262616,1237,47
28262974,19403,64
28263238,2346,47
28263888,1241,47
28264362,11322,7
28265161,1245,47
28265715,2307,47
28265960,6204,62
28266251,474,61
28266437,1244,47
28267084,467,61
28267694,2571,61
28267830,1260,47
28268071,2307,47
28269224,1220,47
28270273,688,61
28270430,2280,47
28270496,1228,47
28271084,1044,61
28271768,1247,47
28272140,5686,61
28272162,5737,62
28272787,2413,47
28273009,12,173
28273160,1242,47
28273922,334,187
28273998,22,173
28274305,168,187
28274539,219,187
28274551,1244,47
28274872,8,187
28274901,8144,134
28275267,3193,47
28275797,86,187
28275943,1258,47
28276107,12,187
28276818,26,187
28276830,33,187
28276964,23,187
28277101,13,187
28277339,1255,47
28277819,12,61
28278004,11087,61
28278154,1933,61
28278589,2306,47
28280653,56,1
28280759,1170,1
28280949,2376,47
28281538,94,43
28281635,40,43
28281678,42,43
28281980,8477,63
28282387,134,64
28282529,504,64
28282668,108,63
28283045,3302,64
28283100,3794,134
28283399,40,187
28283455,201,47
28283879,121,47
28283919,27,187
28283929,1187,1
28283983,5,187
28284006,35,47
28284057,463,47
28284227,5,187
28284429,90,187
28284474,1663,47
28284576,458,47
28284883,53,187
28284964,21,187
28285111,39,187
28285576,28,187
28285790,248,187
28286204,21,187
28286325,148,187
28286366,794,64
28287022,14220,7
28288351,740,1
28289301,10730,5
28290056,25,187
28290068,113,47
28290120,108,187
28290200,259,47
28290235,288,61
28290539,159,61
28290597,23,176
28290612,25,176
28290708,208,61
28290778,4064,47
28290985,101,187
28291262,14,187
28291348,15,187
28291735,164,187
28291883,4772,61
28292179,46,1
28292225,27,61
28292293,224,187
28292303,296,61
28292554,44,187
28292588,183,1
28292613,1936,61
28292780,95,1
28293375,96,1
28293943,1527,47
28293953,7196,47
28294003,718,1
28295164,2109,1
28295368,2194,61
28296669,8169,61
28298614,1177,1
28300125,49,1
28300173,2335,61
28300281,109,1
28300492,2111,1
28301175,6633,36
28301251,5226,47
28301486,2532,7
28302509,5,1
28302788,4415,1
28304776,1394,61
28304968,90,187
28305602,58,63
28306042,32,187
28306123,17,187
28306137,13383,63
28306184,300,61
28306241,1192,63
28306365,24,187
28306507,3903,47
28306581,34,187
28306762,489,61
28306773,59,61
28307225,209,187
28307251,6990,61
28307487,25044,63
28307689,43,187
28308281,1618,47
28310320,18,36
28310332,12622,36
28310417,30,187
28310554,3560,47
28310742,297,7
28311406,38,187
28314240,3701,47
28317726,27618,80
28318065,5304,47
28321272,1665,47
28323032,1622,47
28323461,5346,47
28323677,326,7
28324096,298,7
28324508,278,7
28324792,1683,47
28324928,379,7
28325339,359,7
28325768,1232,7
28326558,1619,47
28327415,490,7
28328237,322,7
28328315,1652,47
28328656,292,7
28328849,5262,47
28329073,266,7
28329485,377,7
28329894,357,7
28330069,1643,47
28330308,334,7
28330722,311,7
28331138,285,7
28331553,261,7
28331821,1577,47
28331966,370,7
28332379,348,7
28332794,318,7
28333209,293,7
28333454,1626,47
28333623,270,7
28334038,376,7
28334221,5271,47
28334453,351,7
28334870,322,7
28334882,59,7
28335208,1654,47
28335288,292,7
28335708,391,7
28336160,335,7
28336171,61,7
28336578,290,7
28339597,10492,47
28340928,4359,30
28341727,4423,30
28343785,4413,63
28346031,2311,61
28346109,3899,30
28346518,32,66
28347085,21,169
28347261,46,66
28347282,258,84
28347521,350,43
28347533,149,66
28347564,25,169
28347632,1544,169
28350133,292,43
28350420,29,169
28350430,207,43
28350484,28,169
28350642,273,43
28350811,27,169
28350913,169,169
28350919,236,43
28351077,7077,5
28351497,2058,30
28351703,421,66
28352065,101,66
28352069,179,169
28352111,9489,38
28352574,1392,169
28353054,167,177
28353177,62,22
28353266,229,66
28353880,3415,61
28354075,738,15
28354140,5901,63
28354606,167,66
28354627,901,169
28354646,896,30
28354717,57,30
28355403,7019,64
28355676,153,177
28355703,61,66
28355747,380,15
28355799,129,169
28355888,11,137
28356073,142,177
28356152,9,137
28356272,221,134
28356401,18,137
28356514,16,137
28356543,1060,134
28356578,3946,30
28356625,17,137
28356990,1514,177
28357143,876,26
28357651,17,137
28357708,2306,17
28357725,66,137
28357843,16,137
28357859,76,66
28358052,3736,134
28358284,48,66
28358333,9,137
28358373,615,169
28358712,2009,80
28359223,106,169
28359435,1188,177
28359547,45,96
28359570,157,169
28359983,186,169
28360037,46,96
28360418,32,96
28360477,3163,5
28360550,19,169
28360760,2745,80
28360802,31,169
28361083,14,96
28361113,33,96
28361148,3809,80
28361158,13,137
28361164,5888,26
28361247,12,187
28361881,46,187
28361938,5565,134
28362008,21,187
28362753,2960,38
28362948,7957,63
28363409,4026,64
28363478,34,187
28363518,3356,80
28363595,177,187
28363643,1858,47
28363885,1209,187
28364360,912,30
28364819,3158,15
28364850,170,169
28365100,377,169
28365350,131,66
28365356,144,47
28365604,5301,5
28365940,932,47
28366349,170,5
28366881,892,26
28366914,661,169
28367034,890,80
28367143,831,177
28367177,180,66
28367853,2447,169
28367933,46,43
28368271,8827,80
28368345,17,75
28369002,4059,30
28369634,9301,61
28370720,79,47
28371066,342,5
28371507,555,63
28371760,3367,15
28371840,1713,15
28372481,94,66
28372647,279,66
28372793,5380,63
28372861,7182,134
28373045,282,66
28373057,736,10
28373374,47414,38
28373782,57811,17
28373867,166,66
28374024,2162,26
28374119,21,169
28374125,1014,173
28374219,823,38
28374463,28,169
28374836,32,169
28374848,182,66
28374908,344,169
28375171,46085,38
28375293,14,169
28375373,56221,15
28375456,14,169
28375511,54,66
28375632,354,66
28375654,3820,63
28375689,24,169
28375855,21,169
28376002,60,10
28376123,616,173
28376178,338,17
28376230,290,26
28376244,22,169
28376309,146,10
28376557,1727,26
28376565,51885,17
28376842,24,169
28377178,27,169
28377280,3689,177
28377455,27,169
28377727,7490,61
28377822,35,169
28377995,606,26
28378240,39,169
28378317,25,169
28378337,445,2
28378390,39,169
28378859,797,2
28379287,8519,100
28379907,10,2
28380514,38918,80
28380609,3278,80
28380972,656,61
28382589,2916,62
28383954,12009,80
28385155,7983,61
28386307,33,187
28386515,42,187
28386707,44,187
28386771,17,187
28386928,26,187
28387165,49,187
28387458,24,187
28387673,152,187
28388107,46,187
28388357,21,187
28388512,30,187
28388520,109,134
28388655,1322,134
28388917,18,137
28389192,16,137
28390878,26367,63
28393121,2771,61
28393765,16,137
28395337,34,187
28396102,3020,80
28396395,41,96
28396624,41,96
28396899,39,96
28397243,29,96
28397493,26,96
28397578,26,96
28397662,11,96
28425263,3016,61
28425407,17851,110
28425534,2937,43
28428398,2986,63
28428628,480,61
28429138,2382,30
28429184,30,30
28430068,9090,63
28431675,5342,149
28431781,39,169
28431900,35,169
28432131,9340,61
28432152,66,169
28432156,27,61
28432227,5086,30
28432419,314,30
28432595,17828,80
28432880,645,30
28433563,4827,177
28433568,227,30
28433571,13569,134
28433860,235,48
28433961,1448,61
28434084,737,30
28434272,517,48
28435306,12,137
28435443,42,137
28435722,3609,17
28435765,4,2
28436010,3758,80
28436512,531,1
28436582,2117,15
28436638,25,137
28436659,14357,5
28437099,298,2
28437373,9576,38
28437451,1582,38
28437591,22,137
28437783,961,173
28437794,10,92
28437848,1448,17
28437858,17,137
28437862,305,30
28438404,1530,30
28438692,1216,61
28438838,4266,15
28439309,2227,5
28439328,2502,2
28439697,4346,177
28440052,13,173
28440069,7,173
28440129,8,92
28440170,10743,149
28440386,10,173
28440407,9,173
28440484,1913,173
28440601,11,173
28440632,7,173
28440674,26,187
28440812,7,173
28440828,4012,63
28440840,14,173
28440976,1086,30
28440978,87,187
28441202,9002,80
28441455,13,187
28441461,9527,61
28441707,27,137
28441749,19,137
28441813,6780,38
28441967,1643,146
28442133,7,30
28442263,33,48
28442663,119,169
28442730,11,137
28442799,295,38
28442882,7,137
28443013,7,137
28443105,10,187
28443156,9,173
28443177,3465,184
28443184,8,173
28443331,7,137
28443357,11,187
28443380,7,173
28443393,6,173
28443597,9,173
28443604,75,146
28443622,7,173
28443783,12,137
28443786,9,173
28443793,8,173
28443990,11,187
28444152,326,26
28444220,28,137
28444410,7,137
28444478,6,137
28444712,25,137
28444914,11,187
28444977,5,187
28444996,3458,146
28445060,16,187
28445071,5033,63
28445169,8,187
28445277,1467,26
28445461,46,187
28445561,57,187
28445822,32,187
28446132,3923,26
28446559,20,187
28446881,399,99
28447163,778,36
28447300,20,187
28447468,12,187
28447586,22,137
28447664,10,137
28447777,27,137
28447790,15,187
28447918,13,137
28447959,2311,36
28448565,41,66
28448606,1494,177
28448731,1544,146
28448798,10579,26
28448810,10,137
28449021,38,30
28449028,9,137
28449058,3436,30
28449261,81,99
28449283,59,66
28449426,45,137
28449478,34,137
28449788,22,137
28449822,42,137
28449965,23,137
28450144,19,137
28450185,72,30
28450255,6083,80
28450270,4181,63
28450342,575,36
28450355,19,137
28450432,8244,80
28450636,2512,177
28450843,80,66
28450927,2539,36
28451178,216,38
28451415,10258,5
28451530,9414,38
28451602,8,92
28451785,5740,158
28451877,9,92
28451894,170,66
28451902,93,179
28451937,172,169
28452262,64,179
28452451,10578,149
28452486,71,179
28452589,23,179
28452818,344,99
28452876,589,48
28453243,6670,134
28453269,8,92
28453822,413,179
28453890,8,92
28454233,139,10
28454334,68,43
28454406,47,43
28454458,57,43
28454472,3586,63
28454520,74,43
28454553,34,10
28454597,282,43
28454883,251,43
28455149,339,10
28455327,28,10
28455419,420,43
28455445,10,12
28455668,250,38
28455831,236,12
28455842,437,43
28455905,84,146
28455924,38,92
28456005,122,146
28456153,349,15
28456196,9179,146
28456231,13,12
28456625,10,12
28456641,115,12
28456722,919,15
28457156,1247,30
28457214,7248,61
28457385,405,61
28457424,1813,12
28457769,2697,15
28457834,360,38
28458257,5919,36
28458483,428,30
28459140,1250,76
28459929,108,99
28460295,478,92
28460440,42,66
28460472,200,99
28460485,11483,134
28460529,2320,15
28460771,495,62
28460953,4259,38
28461528,548,76
28461539,2047,63
28461987,229,48
28462182,2398,5
28462464,91,66
28462761,6932,158
28462860,5975,15
28463313,120,66
28463946,8806,63
28463957,3185,80
28465188,161,63
28465454,3635,38
28466384,15772,149
28467297,1057,61
28470281,124,61
28470317,1118,22
28470654,108,61
28470814,92,61
28470829,608,22
28472106,285,22
28473289,2078,63
28473948,379,36
28474132,6,36
28475243,27,1
28475270,234,61
28475395,9210,63
28475929,202,61
28476141,2800,30
28476190,181,61
28476540,8184,134
28476605,226,61
28476805,79,61
28477247,432,61
28477947,138,36
28478817,137,36
28479991,137,36
28480472,2454,36
28480507,700,61
28481309,10262,61
28491512,30,61
28511932,71,43
28512066,41,43
28512109,43,43
28512155,45,43
28512203,250,43
28512455,186,43
28513122,9192,61
28513302,5891,63
28513357,2658,15
28514090,535,30
28514137,9174,61
28514151,384,30
28515142,72,30
28515464,9674,5
28515627,1587,22
28516010,2090,62
28516029,2923,15
28516701,3763,30
28517278,2410,173
28518004,350,62
28518040,12533,26
28519568,11294,36
28520171,7442,134
28520809,10,173
28520995,9,173
28521373,14,173
28521399,142,2
28521576,119,169
28521652,3423,63
28521971,14,173
28522127,60,99
28522191,10,173
28522316,57,99
28522409,9,173
28522615,7,173
28522633,2984,61
28522742,15,173
28522755,83,99
28522849,1967,158
28522869,583,99
28522881,11,173
28523009,10,173
28523155,9,173
28523224,422,61
28523366,9,173
28523553,8,173
28523677,61,38
28523698,11,173
28523854,1465,30
28523864,10,173
28523925,239,30
28525203,2419,5
28525557,2954,61
28527796,7955,134
28527799,6289,30
28528081,287,30
28528512,3133,61
28529275,37,99
28529762,54,99
28529816,83,99
28529891,413,30
28530790,420,30
28531158,165,5
28531425,741,5
28531577,945,30
28531641,3572,61
28531870,2808,30
28532120,1427,36
28532491,724,5
28533075,630,5
28533547,50,99
28533782,3154,5
28534502,12,36
28534611,161,36
28534808,938,30
28534880,444,61
28534987,12223,26
28535111,1165,47
28535191,240,36
28535211,3093,61
28535850,2138,64
28535975,248,1
28536387,903,47
28536980,3654,30
28537070,273,5
28537421,1085,47
28537814,62,66
28538016,9645,64
28538291,2923,61
28538336,74,1
28538469,22262,38
28538574,1150,47
28539170,108,66
28539849,1758,47
28540371,25293,76
28540470,277,66
28540732,49,43
28541151,3945,61
28541249,3769,48
28541389,11732,38
28541626,1069,99
28541660,44,43
28541707,65,43
28541727,968,47
28541774,52,43
28541830,384,43
28541945,54,1
28542093,2393,76
28542124,3628,30
28542155,101,169
28542758,921,47
28542846,255,169
28542933,57,1
28543112,73,66
28543159,399,99
28543277,229,134
28543791,89,47
28544026,676,134
28544164,2006,47
28544173,1950,173
28544215,1415,99
28544347,393,1
28544875,283,134
28545097,5315,61
28545170,90,134
28545608,5128,76
28545878,687,30
28545899,57,1
28546286,3070,47
28546423,53,1
28546728,2246,5
28546847,1035,17
28547005,3235,63
28547142,318,66
28547314,14,12
28547331,550,12
28547374,247,5
28547510,104,66
28547612,131,43
28547712,755,26
28547933,18,17
28547962,2449,17
28548116,199,169
28548299,484,30
28548528,125,5
28548708,974,169
28548899,13,12
28548917,1413,5
28548920,76,12
28549056,506,173
28549499,3870,47
28549865,131,169
28550401,8067,61
28550428,549,173
28550667,121,48
28550783,331,63
28551571,6380,63
28551754,118,173
28553429,24149,47
28553866,88,80
28554577,56,80
28555206,29,80
28556032,1933,36
28556136,50,80
28556415,161,80
28557142,1589,80
28557290,1121,1
28558239,3136,63
28558469,162,1
28558863,3663,1
28566005,4686,2
28596292,626,61
28598179,26253,110
28598331,72,43
28607484,27,186
28608693,81415,80
28609711,20366,26
28609844,603,158
28609913,663,76
28610087,9310,64
28610402,124,66
28610470,2677,30
28610556,15,12
28610575,11,12
28610589,10,12
28610603,869,12
28610622,348,12
28610726,4188,134
28610755,3006,61
28610792,552,61
28610905,642,66
28610925,7648,5
28611242,165,94
28611280,989,158
28611612,54,94
28611664,17,12
28611686,4112,12
28611759,60,94
28611991,130,61
28612222,593,61
28612312,400,66
28612419,7367,80
28612430,430,158
28612491,229,169
28612680,11080,38
28612984,1801,22
28613039,105,66
28613351,1012,30
28613363,5723,158
28613698,5112,61
28614132,315,61
28614370,89,66
28614449,66129,61
28614589,566,169
28615286,16,12
28615313,76,12
28615447,28,12
28615471,145,66
28615553,20,12
28615841,258,12
28615959,121,54
28616112,19,12
28616135,190,12
28616159,13,12
28616181,333,12
28616262,348,173
28616439,1415,48
28616514,34,54
28616642,805,173
28616918,223,12
28616997,33,54
28617071,127,66
28617277,33,169
28617902,81,66
28618023,22,54
28618448,52,54
28618476,2446,173
28618633,4860,5
28618715,49,54
28618780,232,169
28618791,4935,61
28619034,246,22
28619479,7955,64
28620857,3826,177
28621073,176,54
28621698,107,158
28621958,68947,36
28622108,69,61
28622179,11163,61
28623132,200,54
28623631,125,54
28623700,2821,61
28623847,845,158
28623932,1423,5
28624179,426,169
28624288,2242,146
28625080,409,169
28625468,166,54
28625573,629,158
28625652,394,169
28625681,1447,134
28625718,5088,158
28625914,14,54
28626093,413,169
28626171,72,54
28626509,5720,61
28626523,5641,146
28626570,96,54
28627131,80,43
28627216,52,43
28627244,19738,38
28627256,113,54
28627273,59,43
28627337,56,43
28627396,275,43
28627456,556,169
28627714,357,43
28628076,455,43
28628536,3154,43
28629946,1094,177
28631525,90,137
28631822,28,137
28632127,27,137
28632210,32,137
28632215,58660,61
28632313,570,169
28632331,2188,58
28632500,627,169
28632513,58422,146
28632522,30,137
28632601,25,137
28632761,108,137
28632949,48,137
28633437,91,137
28633549,768,169
28633647,201,54
28633698,27,137
28633779,1755,5
28633891,21,137
28634244,4595,158
28634271,347,26
28634312,735,26
28634382,4065,146
28634492,11355,48
28634825,1244,169
28634867,56128,66
28634901,1164,173
28634967,220,26
28635218,99,26
28635503,75,26
28638469,1041,26
28690191,253,173
28690669,11750,26
28691117,1089,169
28691324,4074,63
28692097,44,173
28692207,20,173
28692731,816,173
28692808,10688,61
28693015,2451,177
28693703,12,169
28693755,39,169
28693797,3166,30
28693813,4865,61
28693835,4301,169
28693886,263,54
28693998,839,173
28694325,843,26
28694801,10,173
28694946,10,173
28694972,148,173
28695123,782,173
28695203,235,54
28695458,9034,63
28695803,2644,158
28695974,53,38
28696111,914,173
28696123,57,173
28696200,754,54
28696252,12,173
28696361,25323,26
28696498,5897,38
28696732,505,169
28697150,5418,134
28697453,174,169
28697521,756,173
28697649,14,173
28697708,379,169
28697872,13,173
28698269,12,54
28698439,107,66
28698507,10,173
28698695,10,173
28698798,5731,177
28698996,10,173
28699068,887,58
28699128,11,173
28699302,762,54
28699411,9,173
28699540,5568,158
28699556,12,173
28699632,1516,30
28699951,12,173
28700041,442,99
28700095,9,173
28700512,8253,146
28700586,877,173
28700751,97,173
28700839,251,169
28700917,8055,146
28701191,361,169
28701495,651,173
28701741,8149,169
28702222,3286,36
28702390,405,36
28702580,380,134
28702982,4901,134
28703194,95,99
28703452,508,99
28703590,621,99
28703726,407,36
28704584,7573,63
28704634,11714,26
28704661,385,36
28704954,392,168
28704971,487,5
28705082,4772,177
28705146,611,168
28705335,3106,158
28705413,262,11
28705616,7006,5
28705779,391,99
28705814,52,36
28706343,94,36
28706957,1473,36
28707557,3959,5
28707767,16547,47
28708425,16,106
28708459,30,106
28708550,5352,106
28708839,5655,158
28708896,3261,146
28709364,1427,36
28709747,180,61
28709910,14002,58
28709961,648,99
28710313,294,61
28710418,1229,169
28710919,358,169
28711226,2904,177
28711521,14,169
28711742,267,169
28712336,31,169
28712396,8310,63
28712649,1191,5
28712997,534,61
28713003,2822,11
28713143,16,169
28713235,684,169
28713533,99,43
28713640,65,43
28713673,5201,61
28713709,52,43
28713766,67,43
28713839,293,43
28713918,6940,106
28714141,358,43
28714187,39,169
28714249,18,36
28714305,136,32
28714505,545,43
28714618,30,169
28714733,111,32
28714993,1455,36
28715054,373,43
28715399,415,169
28715829,11,75
28715940,3740,177
28715964,158,169
28716283,324,169
28716336,44,179
28716669,4322,26
28716947,556,75
28717031,26,173
28717054,180,169
28717167,6745,173
28717178,20,173
28717186,1399,179
28717603,43,169
28717744,50,43
28717765,1189,169
28718043,11692,38
28718596,28648,26
28718670,83,179
28718863,3807,61
28718875,311,179
28718904,51,179
28719132,27,179
28719147,34,146
28719190,9667,146
28719395,38,169
28719510,4749,32
28720120,43,169
28720256,7691,61
28720287,116,146
28720873,212,169
28721028,7078,146
28722665,3842,61
28722685,93,54
28723851,260,54
28725402,229,54
28726807,57,54
28727437,9,54
28728108,95,54
28728562,100,54
28730082,812,22
28731645,100,54
28732222,98,54
28733111,98,54
28733815,102,54
28735680,6256,61
28735821,2852,61
28737365,97,54
28738621,3109,61
28738819,730,61
28740530,100,54
28740672,945,146
28741349,95,54
28741757,2869,61
28743819,81,54
28744131,474,36
28744605,62,54
28744646,2968,61
28745557,61,54
28746157,61,54
28746319,57,54
28747226,64,54
28747553,2949,61
28749540,106,38
28750309,66,54
28750439,2915,61
28751509,63,54
28753290,2852,61
28753530,63,54
28754641,65,54
28755840,84,54
28755947,225,54
28756079,2912,61
28758928,2903,61
28761768,2913,61
28764619,2865,61
28767422,2891,61
28769881,3212,62
28770086,2691,61
28770252,2913,61
28771077,5854,61
28771134,75,43
28771273,43,43
28771319,48,43
28771370,116,43
28773166,2875,61
28776043,2938,61
28778978,2872,61
28779053,789,61
28781390,6252,36
28781788,2888,61
28783068,1095,173
28784033,704,61
28784616,3015,61
28785559,1682,173
28786232,2824,146
28786469,724,61
28786770,3286,146
28787007,12579,38
28787014,11775,38
28787436,743,61
28787476,231,54
28787673,3688,61
28788485,52,54
28788601,48,54
28789291,2865,146
28789790,53,54
28790054,115,54
28790094,1662,146
28790184,106,54
28790381,55,54
28790472,52,54
28791676,18650,61
28791764,6153,146
28794484,3416,146
28796018,55,54
28797403,52,54
28797554,8552,63
28797998,6436,146
28798120,53,54
28798697,56,54
28799934,59,43
28799940,3427,146
28799998,45,43
28800046,62,43
28803503,3431,146
28804993,5600,146
28806153,2927,63
28806976,642,63
28808115,1058,63
28808519,83,60
28809405,1211,63
28809468,16,60
28809846,9,60
28809924,21,60
28810135,20,60
28810214,1729,173
28810264,14139,61
28810547,10593,146
28810594,133,60
28810839,7994,146
28810911,22,60
28812131,45,60
28812817,16,60
28812842,216,173
28813749,5356,173
28819551,4286,146
28821079,4181,146
28821521,72,54
28822638,24745,63
28822767,70,54
28823228,43,54
28823778,4141,146
28824278,44,54
28824799,43,54
28825261,4169,146
28825333,60,146
28825809,57,54
28826150,56,54
28826491,53,54
28827919,4235,146
28829431,4260,146
28832156,4221,146
28833692,4176,146
28833766,60,146
28837868,4091,146
28841897,4157,146
28845990,4057,146
28849983,4059,146
28853979,4143,146
28857535,63,43
28857661,46,43
28857711,50,43
28858059,4227,146
28862221,4096,146
28862564,6285,36
28863081,6540,36
28864885,3367,146
28868775,5465,146
28874066,19917,63
28874793,3392,146
28877885,6803,173
28878124,6431,146
28879133,6359,36
28882732,6338,36
28883058,4473,146
28884687,23267,146
28886332,70,43
28886408,60,43
28886472,60,43
28887563,4222,146
28893533,6333,36
28904331,6459,36
28908088,4148,146
28908405,108,146
28908707,4411,146
28912176,4367,146
28913119,2746,146
28915131,6306,36
28915806,2668,146
28916545,4101,146
28918475,2745,146
28920647,4317,146
28921223,2667,146
28924962,4141,146
28925944,6349,36
28929038,4140,146
28933114,4141,146
28936733,6306,36
28936915,13987,61
28937193,4274,146
28938066,2220,61
28940296,11106,61
28941403,3979,146
28943934,20,43
28944055,88,43
28944284,53,36
28945377,4654,146
28946249,2657,146
28946933,22,84
28946967,119,84
28947532,6453,36
28948636,26301,110
28949903,3185,62
28953087,5886,62
28953565,7285,61
28957283,55,54
28957850,55,54
28958232,55,54
28958331,269,36
28958601,26,54
28958694,52,54
28958974,4101,62
28959540,55,54
28959849,60,54
28961850,18257,47
28963075,5205,62
28964230,7333,61
28967254,109,83
28968279,4880,62
28971091,52,83
28972594,461,83
28972732,64,43
28972802,46,43
28972851,51,43
28972906,50,43
28972961,79,43
28973053,345,83
28973116,42,83
28973154,3193,62
28973396,418,83
28973461,59,83
28973812,754,83
28974097,117,58
28974321,9257,58
28974560,2818,146
28974564,1792,83
28974599,5508,146
28976349,3182,62
28976355,898,83
28977249,1831,83
28978067,2611,146
28979077,4801,83
28979529,3174,62
28980616,2741,146
28981151,4204,146
28982701,3184,62
28983420,2592,146
28985884,3192,62
28985951,2605,146
28986294,4239,146
28986933,287,84
28989076,3379,62
28990470,4515,146
28991823,2952,146
28993312,5,1
28993390,4,1
28993691,458,1
28994240,132,1
28994372,452,1
28994714,2697,146
28994924,4507,146
28995020,503,1
28995666,687,1
28995732,12719,9
28996727,1544,1
28997413,2725,146
28998306,22304,1
28999433,4994,146
29000141,2733,146
29001147,7699,61
29002875,2741,146
29004427,5224,146
29005617,2704,146
29008382,2708,146
29008947,4349,9
29009713,4466,146
29011031,2821,146
29013852,2724,146
29014181,2457,61
29014185,4279,146
29014258,31,146
29016584,2712,146
29016945,10,61
29017026,1461,61
29018488,4268,146
29018527,2912,61
29019291,2766,146
29021453,1004,61
29021464,60,61
29022056,2656,146
29022331,7558,9
29022734,5430,146
29022841,1061,61
29024294,1019,61
29024713,2797,146
29025609,603,61
29026221,1127,61
29027356,656,61
29028053,199,61
29028206,5071,146
29028259,6630,61
29030043,941,9
29030333,78,43
29030475,47,43
29030525,50,43
29030578,53,43
29030634,288,43
29030927,210,43
29031139,13122,7
29031144,1173,43
29031467,13024,9
29032034,2935,30
29033212,2445,146
29033780,3844,62
29034692,9681,5
29035178,1023,30
29035222,9150,30
29035928,3071,61
29036113,8256,146
29036910,7542,64
29037038,94,30
29037624,6748,62
29037730,6641,146
29038476,1376,75
29038491,103,169
29039688,4681,177
29039984,151,169
29040089,1937,177
29040226,5975,61
29043901,1573,22
29044151,508,83
29044536,6,188
29044551,16009,7
29044658,402,32
29044722,2188,30
29044787,8435,64
29044848,11682,38
29044881,4016,62
29044988,2223,83
29045209,342,5
29045232,15815,5
29045593,565,173
29045638,16,173
29045886,25,169
29046095,22654,48
29046118,569,169
29046205,311,75
29046363,4956,38
29046562,93,173
29046675,10,173
29046816,761,75
29047195,772,30
29047246,103,43
29047793,391,173
29048227,79,173
29048238,62,173
29048805,265,169
29048896,11977,62
29048987,174,173
29048998,60,173
29049135,21,169
29049648,11,169
29049810,11066,5
29050165,441,169
29050294,689,173
29050641,241,169
29051518,9681,32
29051570,18,30
29052143,11,173
29053245,30,169
29053315,11,173
29053471,10,169
29053743,10,169
29053900,19,169
29053917,6958,7
29054718,120,76
29056430,589,173
29056898,77,80
29059132,90,43
29060145,22082,110
29060408,987,15
29060501,1226,15
29060789,63,54
29060904,430,169
29060959,4452,62
29060980,40,43
29061092,53,43
29061194,103,54
29061209,806,30
29061291,43,43
29061381,33,106
29061427,63,43
29061624,104,54
29061689,8,169
29061820,257,43
29062002,110,169
29062105,93,54
29062243,2785,15
29062303,119,54
29062390,36,169
29062791,17,169
29062929,86,80
29063017,18,169
29063160,111,54
29063174,15,169
29063193,9491,15
29063204,9425,15
29063273,190,169
29063652,299,169
29063699,3952,5
29063752,8008,1
29063875,95,54
29064100,58,54
29064132,431,169
29064373,94,80
29064794,65,54
29064861,18703,15
29064898,1153,169
29065334,97,54
29065375,21,190
29065413,6438,62
29066360,105,54
29066656,53,80
29066709,4315,106
29066812,453,169
29067105,11827,38
29067870,94,80
29067874,492,169
29068307,56,80
29068333,93,54
29068547,484,169
29069414,532,169
29069512,1515,80
29069647,147,54
29069789,176,54
29069875,2319,106
29069968,424,169
29070294,73,54
29070453,46,80
29070501,77,54
29070993,32,80
29071347,231,80
29071850,3170,62
29072218,4932,106
29072450,323,48
29072845,227,48
29075022,3219,62
29078677,66,15
29081255,7779,61
29083531,431,169
29088497,144,54
29089141,145,54
29089849,77,54
29090353,92,54
29092062,143,54
29093126,143,54
29096037,103,38
29114374,840,61
29115221,3172,61
29116733,102,43
29116849,58,43
29116910,43,43
29116956,43,43
29117002,46,43
29117679,9718,15
29117777,70,15
29119698,409,61
29119972,2451,62
29120025,7320,5
29120834,30,186
29121610,89,186
29121920,1059,7
29122108,1446,61
29122242,1180,7
29122267,31,186
29122770,1156,1
29123047,368,5
29123169,174,173
29123638,397,169
29123892,3249,61
29123902,1616,43
29124072,248,54
29124088,502,169
29124093,120,76
29124283,938,15
29124292,152,1
29124367,2808,134
29124401,35,186
29124411,47,76
29124636,385,169
29124913,22555,48
29125057,531,169
29125266,260,54
29125308,713,15
29125595,9606,15
29125616,718,169
29125632,934,173
29125711,2468,15
29125872,15,186
29126358,819,169
29126412,473,15
29126450,2018,26
29126463,262,43
29126714,198,54
29127102,3409,62
29127151,6589,61
29127260,392,169
29127540,2,7
29127621,21,26
29127714,22,26
29127780,169,54
29127904,72,76
29128007,29,26
29128015,78,30
29128102,25771,110
29128262,2829,15
29128455,38,26
29128468,75,76
29128774,1506,7
29128803,2988,15
29128831,75,30
29129006,392,169
29129056,73,30
29129360,139,30
29129391,5996,26
29129428,554,169
29129648,131,54
29129886,11513,5
29130025,34,177
29130078,1314,177
29130159,3525,30
29130394,1367,169
29130440,140,30
29130509,3923,62
29130635,159,30
29130852,6206,38
29132453,87,186
29132499,49,191
29132509,1424,158
29132554,108,99
29132754,108,99
29132796,613,191
29132862,802,30
29132970,416,169
29133132,165,99
29133224,1171,26
29133566,441,191
29133733,9484,61
29133927,842,30
29133967,4579,15
29133979,334,30
29134424,4799,62
29134682,196,30
29134928,448,191
29136034,11,168
29136161,401,169
29136265,454,168
29136489,835,169
29136589,435,168
29136756,11388,26
29136834,426,168
29136931,3325,158
29137849,7159,173
29138403,2159,15
29138730,9549,15
29139223,1849,62
29139309,189,99
29139638,170,15
29139717,9011,7
29139754,28,191
29139959,550,99
29140176,732,3
29140190,866,191
29140307,265,54
29140349,262,54
29140380,680,80
29140394,4612,15
29140682,3832,158
29141148,206,54
29141178,183,54
29141194,192,80
29141315,303,30
29141321,438,5
29141415,3613,5
29141728,2694,158
29141916,2552,3
29142307,799,99
29142443,89,137
29142622,39,137
29142784,855,169
29142892,248,54
29142961,20,137
29143021,247,54
29143086,1002,30
29143135,24,137
29143396,32,137
29143645,3792,137
29143665,200,54
29143703,628,62
29143757,1006,169
29143772,3480,99
29144176,195,54
29144179,290,80
29144848,9734,58
29145091,193,80
29145186,150,177
29145314,6170,1
29145360,5219,158
29145532,85,43
29145623,65,43
29145693,52,43
29145749,51,43
29145804,340,43
29146029,189,54
29146072,9165,48
29146104,143,80
29146148,319,43
29146355,704,30
29146433,296,80
29146472,588,43
29146474,661,169
29146619,5526,25
29147063,790,80
29147086,438,43
29147156,992,169
29147368,774,99
29147559,6570,62
29148173,557,169
29148278,183,80
29148286,232,54
29148534,28,36
29148667,3825,36
29148680,232,54
29148823,586,169
29148830,174,80
29148845,16,92
29149111,206,80
29149189,9434,15
29149193,158,15
29149326,579,54
29149359,9472,15
29149381,73,80
29149434,567,169
29149679,3632,99
29149696,258,80
29149933,24,92
29150022,446,54
29150046,3611,137
29150122,196,80
29150257,9351,61
29150312,19,92
29150434,572,169
29150663,455,80
29150808,21,92
29151018,224,54
29151288,563,169
29151485,78,80
29151589,209,54
29151691,21,92
29151800,427,80
29151890,568,169
29151896,15367,1
29152234,235,5
29152460,3951,158
29152489,893,169
29152535,247,36
29152547,162,80
29152781,6385,26
29153028,661,36
29153403,139,80
29153408,1065,169
29153651,4474,47
29154128,9727,62
29154245,429,5
29154425,307,80
29154579,1008,169
29154924,436,80
29155188,627,168
29155226,365,168
29155346,4239,177
29155521,617,80
29156096,11157,173
29156294,611,168
29156388,209,80
29156581,51,128
29156763,22,128
29156766,3209,80
29156917,222,128
29157198,955,128
29158799,9394,15
29159585,61,47
29159774,40,47
29159964,54,47
29163125,2540,36
29163854,6568,62
29165108,306,47
29165232,184,47
29165393,588,169
29165465,1672,47
29165472,2018,47
29165598,630,15
29166437,270,54
29167227,1690,47
29167593,2176,47
29167988,272,54
29168704,56,54
29168889,7,54
29168993,1702,47
29169366,151,54
29169660,119,54
29169837,2140,47
29170056,265,54
29170475,264,54
29170753,1693,47
29171886,3868,15
29172082,2136,47
29172514,1683,47
29173275,275,54
29173660,264,54
29174276,1696,47
29174301,262,54
29174327,3973,47
29174649,7643,9
29174950,182,54
29175705,32592,80
29175717,533,54
29176048,1688,47
29176279,14,54
29177809,1693,47
29178007,451,54
29178387,3709,47
29178914,145,54
29179572,1697,47
29181283,9472,15
29181346,1713,47
29182220,3738,47
29183113,1713,47
29183218,10339,61
29184889,1699,47
29185397,9327,15
29186020,3752,47
29186672,1722,47
29188439,1714,47
29189849,3708,47
29190215,1722,47
29191991,1718,47
29193538,5281,61
29193684,3685,47
29193753,1692,47
29194856,9459,15
29195514,1714,47
29197273,1709,47
29197501,3695,47
29199033,1703,47
29199153,9374,61
29200793,1697,47
29201321,3946,47
29202643,22083,110
29203131,93,43
29203207,21,15
29203303,50,43
29203356,64,43
29203423,42,43
29203469,571,43
29204000,2048,1
29204044,186,43
29204184,9655,15
29204233,579,43
29204815,220,43
29205380,1914,47
29206099,7246,1
29207391,2279,47
29207675,3879,158
29207995,6530,15
29208859,1852,158
29209762,2949,47
29209795,6616,62
29210042,692,169
29210315,50,30
29210722,10770,48
29210748,1250,158
29210790,570,169
29210902,12472,5
29211145,1803,61
29211380,49,30
29211385,566,169
29211501,22598,48
29211891,1547,76
29212066,647,169
29212333,76,92
29212587,232,32
29212727,569,169
29212740,2369,47
29212748,9,92
29212824,9,12
29212835,202,12
29212840,2063,32
29212845,6,12
29213126,4545,48
29213281,1019,7
29213290,2389,177
29213355,572,169
29213506,7,92
29213646,9341,15
29213879,12,92
29213972,626,169
29214041,9530,3
29214097,9818,38
29214113,14874,38
29214251,41,30
29214262,9183,26
29214540,9025,15
29214708,265,7
29214752,12,92
29214896,2657,1
29214973,6,92
29215030,6961,7
29215053,161,99
29215144,656,169
29215206,7,92
29215233,2869,47
29215380,8114,47
29215743,7746,99
29216084,7361,30
29216112,8720,15
29216170,49,30
29216294,1197,169
29216327,7243,158
29216410,6823,62
29217204,9568,137
29217513,6058,26
29217518,586,169
29217593,49,54
29217610,810,177
29218233,43,54
29218370,23,12
29218401,5039,12
29218416,19,12
29218539,35,54
29218622,2176,47
29219433,95,54
29222008,7,92
29223310,4869,15
29223505,2793,62
29223579,4453,177
29223632,17632,58
29224063,574,169
29224414,3109,5
29224447,1286,3
29224555,644,26
29224618,710,26
29224683,961,169
29224705,4756,30
29225063,122,43
29225312,1711,26
29225388,20863,36
29225651,4848,7
29225684,4808,47
29225821,309,54
29226006,16,36
29226017,2314,26
29226204,5294,1
29226559,1243,99
29226922,875,169
29227221,3278,3
29227827,1013,99
29228076,7021,5
29228241,728,168
29228339,859,26
29228678,14102,26
29229048,1308,169
29229052,141,54
29229224,137,54
29229237,5941,5
29229382,607,168
29229577,2880,38
29229665,119,43
29229793,55,99
29229854,424,99
29229988,1,99
29230007,138,54
29230097,96,43
29230300,136,54
29230687,5688,48
29230693,460,99
29230834,16587,47
29230871,701,177
29231296,233,54
29231525,4686,158
29231637,42832,146
29231701,4508,1
29231719,4973,146
29231960,4481,15
29232048,1010,191
29232095,135,54
29232390,668,99
29232655,1277,3
29233075,249,99
29233566,163,54
29233949,2295,47
29234432,2172,99
29234438,33,43
29236249,53,15
29236354,99,1
29236407,6487,5
29236429,24,62
29236439,355,15
29236623,67,15
29236634,20,15
29237047,927,15
29237114,898,47
29237553,8201,1
29238021,358,47
29238034,59,47
29238263,1321,30
29238414,64,47
29238501,311,47
29238921,307,47
29239374,989,47
29239403,44,158
29239552,381,32
29240044,6105,80
29240687,1802,47
29241266,62,26
29242399,152,128
29242847,693,47
29243789,613,47
29244655,14340,9
29244790,2651,47
29246749,23006,7
29247792,20069,47
29248073,40,47
29248205,5823,48
29248280,1712,47
29249409,14565,80
29249455,1851,80
29250046,1736,47
29251700,3340,62
29251774,43228,80
29251812,1713,47
29253575,1712,47
29255338,1689,47
29255976,12,92
29256099,9,92
29256181,8,92
29256427,7994,58
29256594,12,92
29257105,1698,47
29257271,15,92
29258233,13,92
29258457,9,92
29258865,1722,47
29260625,1695,47
29262386,1715,47
29263694,8670,9
29263983,40303,80
29264147,1682,47
29267947,9597,61
29279262,11303,7
29281401,10842,9
29284515,11704,61
29287732,82,43
29289680,41,43
29289724,71,43
29289799,48,43
29289850,252,43
29290107,211,43
29290324,505,43
29290833,284,43
29291429,5036,15
29291467,1051,15
29292641,1025,9
29292827,3651,1
29292935,3555,62
29293092,1725,146
29293352,196,3
29293755,4888,146
29293971,5952,5
29294819,4018,15
29295198,13006,26
29295627,698,3
29296162,9436,15
29296487,3243,62
29296578,72,137
29296778,5401,15
29296862,9465,61
29297050,16,134
29297076,1388,134
29297291,4828,158
29297599,1502,158
29297657,11,92
29297739,6,92
29297789,81,137
29298401,9,92
29298653,8,92
29298837,306,134
29298923,9,92
29298944,4535,26
29299729,1311,62
29299793,10,92
29300317,10,92
29300384,7,92
29300559,1145,134
29300884,23,92
29300920,1360,48
29301122,8347,146
29301260,22605,48
29301286,26,92
29301625,23,92
29301984,19,92
29302091,1555,47
29302149,414,54
29302361,18,92
29302861,87,92
29302887,11430,48
29303116,15171,7
29303546,315,54
29303587,25797,110
29303735,1457,47
29303915,270,177
29303945,340,3
29304211,92,177
29304529,354,146
29304872,534,80
29305174,1548,70
29305185,3615,146
29305256,1916,47
29305325,471,80
29305417,452,54
29305444,787,32
29305528,30,158
29305543,3665,30
29305734,567,192
29305794,1928,80
29306211,242,54
29306272,425,32
29306301,121,128
29306309,9539,61
29306533,135,177
29306814,69,32
29307085,3284,38
29307227,160,54
29307264,1760,47
29307470,4350,70
29307489,48,128
29307580,5302,64
29307633,11485,58
29307669,5061,134
29308065,19,92
29308132,4533,80
29308500,277,54
29308634,3990,84
29309034,1419,47
29309115,19,92
29309225,209,54
29309297,2234,30
29309324,67,32
29310001,10235,26
29310065,1192,43
29310147,4969,146
29310191,44,177
29310250,65,92
29310340,5925,26
29310423,240,47
29310445,409,32
29310562,1543,47
29310683,61,47
29310711,18,92
29310792,20,47
29310842,28,47
29310887,39,47
29310897,11385,48
29311580,6,47
29311635,36,47
29311740,33,47
29311823,4207,70
29311866,18,92
29311916,130,192
29311930,39,47
29311997,5371,47
29312211,2052,47
29312316,2527,192
29312448,23,92
29312666,6,80
29312818,6,80
29312931,71,128
29313132,19,92
29313280,26,80
29313383,14,137
29313535,70,128
29313635,77,92
29313641,7,80
29313887,35,80
29313916,2838,22
29313930,6283,158
29313934,77,137
29314013,56,128
29314105,81,92
29314348,1458,47
29314491,352,99
29314680,10087,134
29314929,27,99
29314959,2236,99
29315117,5097,146
29315555,1300,177
29315732,267,192
29315893,1310,47
29316031,4342,70
29316828,31,26
29316995,31,137
29317109,15,137
29317234,15,137
29317300,2562,47
29317343,7472,1
29317369,903,80
29317699,54,128
29317717,346,10
29318073,541,38
29318122,24,137
29318274,4020,192
29318295,166,80
29318423,27,137
29318435,88,128
29318537,38,137
29318641,15,137
29318713,15,137
29319067,30,137
29319188,14,137
29319381,49,54
29319507,52,128
29319635,485,80
29319901,2718,47
29320033,92,128
29320045,52,54
29320124,652,3
29320164,3811,146
29320375,8315,70
29320392,349,54
29320507,2444,26
29320704,54,128
29321297,35,128
29321312,5380,158
29321332,2767,30
29321424,11,137
29321528,8,137
29321620,214,54
29321918,114,38
29321934,5931,58
29322026,54,128
29322078,9,137
29322291,194,54
29322647,3087,47
29322652,11,137
29322736,9,137
29322817,8,137
29322883,8,137
29323050,7738,5
29323064,5312,192
29323074,109,38
29323197,244,54
29323511,5485,47
29323722,214,54
29323751,20630,26
29323795,926,26
29323972,3537,146
29324128,972,62
29324189,64,128
29324416,997,30
29324650,518,54
29324790,1374,26
29324810,3998,134
29324859,5286,134
29325594,3072,80
29325869,1639,47
29326353,136,128
29326637,99,128
29326800,1774,128
29327263,12,137
29327424,10,137
29327455,4128,146
29327590,13,137
29327635,1224,47
29328247,11,137
29328701,10,137
29328757,406,80
29328850,10,137
29328920,1245,47
29328975,9,137
29329044,2826,47
29329851,109,80
29329989,2060,80
29330201,1253,47
29331485,1201,47
29331522,2736,146
29331898,4170,47
29332236,92,80
29332559,56,80
29332937,9207,61
29332990,61,30
29333129,15797,80
29335083,1242,47
29336330,33,47
29336376,7571,47
29336594,5789,9
29338033,235,54
29339141,417,80
29339562,306,54
29339934,109,38
29340155,239,54
29340547,230,54
29342098,327,54
29343492,90,54
29343749,202,54
29343791,2010,70
29344715,162,54
29345539,2537,146
29345878,4124,70
29347155,159,54
29348568,216,54
29348609,365,80
29348945,22538,80
29349219,156,54
29350003,4185,70
29350017,157,54
29351928,88,54
29353039,96,54
29353041,37,26
29353997,162,54
29354184,4216,70
29355130,25,47
29355225,165,54
29355322,24,47
29355515,6214,47
29355825,1259,47
29356152,288,54
29357095,236,54
29357418,240,54
29357877,235,54
29358281,233,54
29358409,4106,70
29358669,2620,146
29359650,1272,47
29360929,1280,47
29362518,8637,70
29363766,2592,146
29364762,1284,47
29365843,9300,61
29366035,1267,47
29368925,2565,146
29369971,1267,47
29371157,4568,70
29371244,1241,47
29374132,85,43
29374804,3199,62
29375727,8082,70
29376129,42,43
29376174,48,43
29376225,90,43
29377582,2337,9
29377804,2653,146
29379247,3188,62
29380394,2556,146
29381545,6035,9
29382430,3169,62
29382887,2592,146
29385417,2579,146
29385602,3172,62
29386513,6273,58
29386640,9404,61
29387935,2576,146
29388772,3774,62
29390017,272,54
29390213,182,38
29390224,13,38
29390323,286,54
29390459,2690,146
29390551,7303,5
29391079,22662,48
29391147,13044,48
29391331,11361,48
29392052,223,54
29392302,1648,54
29392547,7006,62
29392825,7327,1
29393085,2594,146
29393971,3757,54
29395617,2588,146
29395957,84,54
29396075,9572,61
29396486,18,54
29398142,2567,146
29398854,1905,47
29399064,36,47
29399320,3015,47
29399551,3462,62
29400647,2592,146
29400856,1930,47
29401125,7563,1
29401251,1494,47
29402862,1892,47
29403012,3167,62
29403178,2693,146
29403814,2950,47
29404863,1952,47
29405809,2597,146
29406177,3191,62
29406867,1927,47
29408345,2832,146
29408676,3876,54
29408868,1967,47
29409366,3175,62
29410414,28,54
29410652,41,54
29410843,15,100
29410871,1956,47
29411115,2523,146
29411178,49,54
29411505,47,54
29412539,3172,62
29412875,1930,47
29413636,2564,146
29414877,1939,47
29415709,3182,62
29416137,2573,146
29416881,1933,47
29417169,9462,61
29417224,36,47
29417286,7370,47
29418648,2658,146
29418886,1987,47
29418889,562,62
29419136,14863,38
29421014,1908,47
29421247,2745,146
29423019,1942,47
29423918,105,1
29425026,1891,47
29425075,104,1
29425707,1400,64
29426193,3173,62
29426321,4521,47
29426641,6679,61
29427031,1944,47
29427147,3724,64
29429046,1903,47
29431049,1953,47
29431530,294,47
29431961,307,47
29432391,304,47
29432821,306,47
29433051,1947,47
29433251,303,47
29433681,314,47
29434113,310,47
29434544,304,47
29434974,304,47
29435055,1918,47
29435404,302,47
29435995,2300,47
29437059,498,47
29437428,25,47
29437670,1284,47
29438660,291,47
29439069,1271,47
29439211,302,47
29439237,2342,47
29439645,310,47
29440495,1323,47
29440809,310,47
29442030,1293,47
29442211,298,47
29442644,306,47
29443080,298,47
29443435,1273,47
29443514,302,47
29443947,309,47
29444381,312,47
29444814,311,47
29444840,1277,47
29446240,1297,47
29460532,57,43
29462411,22,146
29462482,47,43
29462532,50,43
29465075,2634,146
29467645,2638,146
29470220,2608,146
29471060,437,113
29472765,2593,146
29474849,6899,61
29475297,2755,146
29477990,2609,146
29478625,1219,47
29478692,2982,47
29479708,23,74
29479903,1270,47
29480537,2534,146
29481305,1240,47
29481381,11428,48
29481396,4603,48
29481527,22779,48
29481567,11348,7
29481676,36,61
29481713,1460,61
29482747,25,74
29483059,2745,146
29483274,8890,47
29483420,137,61
29483589,8859,64
29483821,51,47
29483880,879,61
29484350,161,61
29484894,1137,61
29485362,119,47
29485634,5084,58
29485745,2642,146
29485967,19,47
29486032,620,61
29486174,4888,47
29486476,9845,61
29487296,4066,61
29487471,9612,38
29487530,9599,38
29488335,2562,146
29490718,9795,61
29490834,2642,146
29491090,4964,47
29491299,3070,61
29492458,5970,64
29493201,11349,7
29493415,2557,146
29494309,2910,61
29495909,2608,146
29496104,3104,47
29497220,3010,61
29498457,2571,146
29500229,2932,61
29500967,2504,146
29503165,2942,61
29503469,2567,146
29504835,6075,7
29505535,14689,38
29506037,1829,146
29506044,2930,61
29508272,10240,61
29508949,2946,61
29511024,13,137
29511136,9,137
29511160,144,36
29511265,22490,7
29511829,2968,61
29514738,2939,61
29514883,11,137
29514962,9,137
29515841,10,137
29516216,11,137
29516286,8,137
29516671,11,137
29516954,8,137
29517160,10,137
29517315,8,137
29517647,2987,61
29517685,10,137
29517887,8,137
29518003,8,137
29518117,8,137
29518308,8,137
29518502,9,137
29518614,8,137
29519215,11,137
29519561,10,137
29519642,7,137
29519717,7,137
29519880,8,137
29520055,8,137
29520219,10,137
29520572,2967,61
29523478,2920,61
29526334,2985,61
29529256,2881,61
29532135,2912,61
29534197,14728,7
29534985,2938,61
29537860,2925,61
29540723,2918,61
29543641,3483,61
29545613,8016,9
29546932,14,43
29547128,4035,61
29548926,242,43
29549057,11313,7
29549173,254,43
29549431,384,43
29549822,225,43
29550202,3556,62
29550727,1039,146
29550938,2592,146
29551161,3083,61
29551447,11014,61
29552179,9433,5
29552857,25783,110
29553487,13119,64
29553506,2813,146
29553560,11731,7
29553756,4112,62
29554181,4104,61
29554810,12,137
29554903,8,137
29555294,2367,26
29555523,12,137
29555899,13,137
29556070,9044,58
29556265,4817,146
29556319,15,137
29556539,5938,158
29557212,975,169
29557595,143,186
29557871,3255,62
29558255,5827,61
29558518,1638,30
29558552,1372,169
29559281,917,22
29560115,646,169
29560406,10969,7
29560427,66,137
29560604,107,137
29560720,571,30
29560833,1047,169
29561021,4640,146
29561127,3793,62
29561683,17,137
29561818,536,30
29561906,1156,169
29562075,330,35
29562224,11,137
29562378,8,137
29562498,9,137
29563225,10,137
29563310,10711,5
29563570,957,169
29563663,10,137
29563841,7,137
29563931,7,137
29564023,5065,61
29564140,282,191
29564179,11,137
29564472,5190,134
29564488,16,137
29564496,12380,47
29564784,6619,158
29564922,946,62
29565291,9083,146
29565403,143,2
29565819,2129,26
29565871,17,137
29565921,254,2
29566063,74,30
29566151,12,137
29566302,11,137
29566479,3437,146
29566554,11,137
29566595,301,10
29566604,30,10
29566631,12,137
29566667,47,10
29566728,13,137
29566800,59,10
29566993,15,137
29567192,11,137
29567288,113,2
29567320,11,137
29567509,78,30
29567624,10,137
29567687,9014,26
29567758,66,30
29568048,234,30
29568411,518,30
29568806,883,169
29568861,4168,22
29568944,16,137
29569076,69,15
29569087,5101,61
29569188,58,74
29569196,21,137
29569201,70,30
29569334,12,137
29569434,5834,62
29569507,890,30
29569825,13,137
29569947,3881,146
29570060,240,15
29570083,10,137
29570213,12,137
29570271,543,2
29570311,6081,15
29570496,5544,38
29570811,12,137
29571057,503,2
29571279,23,36
29571293,84,137
29571793,520,2
29571825,57,36
29572576,1166,99
29572801,564,30
29572834,66,30
29573198,110,36
29573457,141,74
29573741,839,169
29573751,150,179
29573881,3342,146
29573950,43,179
29574022,11,137
29574082,476,179
29574095,20,36
29574235,15,137
29574245,6287,61
29574274,100,36
29574653,101,36
29574826,6713,158
29574969,3987,179
29575098,190,134
29575279,4331,15
29575301,2217,134
29575372,82,99
29575578,3245,99
29575711,10269,61
29576205,10256,10
29576572,9888,15
29577156,2908,146
29577613,41,10
29577808,5212,62
29577916,1212,9
29578021,14,38
29578046,2494,26
29579085,593,43
29579145,1052,9
29579153,19,10
29579278,2536,35
29579342,14,137
29580004,2214,146
29580673,30,10
29580680,30,137
29580705,5753,179
29580922,218,99
29581058,5349,58
29581076,18946,15
29581147,5311,99
29581455,13,137
29582117,11,137
29582125,85,47
29582250,9,137
29582608,10224,61
29582845,582,35
29582979,14,137
29583131,7,137
29583253,7,137
29583411,8,137
29583746,10,137
29586269,453,146
29586289,3011,146
29586721,9507,38
29586727,786,38
29588351,179,47
29588401,6497,9
29588576,571,47
29589305,4090,146
29590229,4387,10
29590322,19,10
29590490,16,10
29590700,20,10
29590789,33,10
29591068,24,10
29591157,57,10
29591320,43,10
29591424,30,10
29591769,28,10
29591980,94,10
29592084,18917,15
29592202,39,10
29593336,2833,146
29596517,1653,62
29597453,171,100
29597667,11,137
29597704,1754,36
29599579,126,100
29599754,1541,134
29599859,127,100
29600308,4276,137
29601086,22,100
29601145,15,100
29601262,70,100
29601427,102,100
29601622,1176,100
29603643,23380,38
29604354,773,100
29607634,53,2
29616200,8091,61
29628552,752,61
29629132,13,61
29629286,8,61
29629456,17,61
29629465,50,61
29629707,457,61
29630819,10473,61
29631297,284,61
29631845,9,61
29631873,15,61
29631905,148,61
29632261,381,61
29633014,384,61
29633332,67,43
29633733,3604,61
29633975,22064,110
29635288,50,43
29635343,48,43
29635394,38,43
29635435,249,43
29635689,257,43
29635949,433,43
29636384,7266,9
29637275,81,61
29637419,6161,61
29637603,10381,61
29637730,2146,15
29637754,9820,15
29638026,2702,146
29638071,163,43
29638409,1597,62
29638831,2127,62
29639329,2735,158
29640113,2194,62
29640119,3323,10
29640666,3152,146
29640941,3665,36
29641106,576,15
29641224,13,137
29641305,2782,22
29641368,13,137
29641779,1661,62
29642146,12,137
29642195,9929,26
29642784,6392,15
29642915,11,137
29642952,13174,5
29643510,3804,158
29643520,7,61
29643677,2458,62
29643793,3327,146
29644620,4296,36
29645226,3977,103
29645402,9558,38
29645773,6529,22
29645845,9721,38
29646325,2243,62
29646816,372,2
29646833,4845,9
29646899,101,2
29647058,6446,146
29647257,3623,103
29647390,921,168
29647600,1365,5
29647685,37,158
29647920,820,158
29648287,14911,38
29648464,1171,61
29648609,415,168
29648735,696,168
29648738,4407,62
29648937,4566,36
29649103,29,48
29649143,809,100
29649155,434,2
29649176,9208,48
29649863,13,10
29650059,5752,61
29650290,132,5
29650473,11,61
29651032,337,168
29651071,5849,192
29651118,1161,100
29651435,106,168
29651595,361,5
29651823,956,26
29651960,1427,168
29651969,246,5
29652120,49,137
29652183,2177,54
29652349,83,137
29652964,2679,35
29653015,34,137
29653240,8,137
29653280,95,193
29653370,4293,62
29653386,4880,64
29653410,14,137
29653470,4785,146
29653616,5721,36
29653701,79,5
29653824,89,137
29654279,461,168
29654338,2521,61
29654558,11539,9
29654631,1070,5
29654730,15,137
29654815,4525,26
29654882,14,137
29654973,14,137
29655089,15,137
29655232,14,137
29655776,8026,61
29655812,60,61
29656409,184,5
29656427,20,137
29656607,15,137
29656660,1936,5
29656816,13,137
29656857,2670,5
29656916,13,74
29657244,2424,103
29657262,598,26
29657525,160,10
29657674,21,74
29657907,12556,192
29657979,3355,62
29658124,4,100
29658170,4246,100
29658202,3196,146
29658324,63,10
29658494,1259,103
29658594,106,10
29658787,2993,64
29659169,1017,26
29659274,90,10
29659400,29,10
29659419,2936,26
29659450,44,10
29659508,50,10
29659724,7249,5
29659981,43,54
29660060,3417,36
29661020,20,54
29661175,17,54
29661250,16,54
29661333,2627,146
29661555,3559,62
29661616,29,99
29661682,3727,99
29661778,1699,35
29661904,16492,64
29661909,71,99
29662360,4318,103
29662365,1109,168
29662391,23,54
29662454,5740,26
29662631,9547,48
29662794,9524,38
29662798,20,54
29663410,23,54
29663503,123,168
29663575,87,36
29663627,324,36
29663635,25,173
29663749,39,36
29663792,505,168
29663812,535,61
29663849,7660,36
29663900,4885,146
29664047,21,54
29664063,3678,194
29664147,861,35
29664217,22,54
29664313,1270,173
29664812,18845,110
29665341,9465,15
29665453,1527,99
29665862,1742,173
29666011,1474,168
29666260,4812,58
29666412,3948,108
29666608,4027,7
29667036,11099,189
29667109,661,179
29667272,4235,61
29667564,24,100
29668007,294,191
29668349,319,30
29668377,4841,5
29668701,303,179
29668722,3123,146
29668793,1631,99
29668960,418,30
29669487,440,191
29670358,573,191
29670565,92,192
29670839,511,192
29670884,1410,7
29671213,7402,192
29671336,804,191
29671356,7320,128
29671383,7231,192
29671442,252,134
29671703,399,134
29671801,1167,99
29671831,6714,146
29671846,6828,61
29679069,25,47
29679133,2335,47
29681759,3454,47
29681798,2987,36
29682365,9793,61
29682767,4535,61
29682833,3865,62
29682961,9842,61
29683810,840,137
29685877,3205,9
29686010,1697,47
29686526,3686,47
29686697,2022,47
29687241,7380,61
29687490,6197,48
29687771,1722,47
29687963,12602,58
29689531,1705,47
29690222,4509,47
29691296,1702,47
29693057,1704,47
29693725,1663,48
29694560,2235,61
29694819,1695,47
29696579,1753,47
29697332,9602,15
29698464,1723,47
29700243,1742,47
29701801,360,176
29702021,1707,47
29703789,1724,47
29705372,53,176
29705557,1740,47
29707444,1719,47
29708410,9802,61
29708492,59,61
29709225,1737,47
29711111,1734,47
29712875,1712,47
29714639,1735,47
29715491,524,61
29716045,3233,61
29716150,6936,61
29716520,1730,47
29718282,1730,47
29719206,975,61
29719732,90,43
29721702,41,43
29721746,39,43
29721781,108,186
29721789,39,43
29721832,312,43
29722147,208,43
29722359,239,43
29722601,547,43
29723399,600,15
29723712,995,61
29723932,454,61
29724072,5803,15
29724559,52,30
29724845,10480,5
29725056,1726,47
29725159,3773,47
29725452,3609,61
29725473,4671,64
29725478,4827,62
29725607,215,30
29726007,107,61
29726128,9901,61
29726442,6980,61
29726485,4808,36
29726818,1728,47
29727103,2623,158
29728028,31,137
29728433,4518,10
29728584,1729,47
29728701,2464,128
29729065,2195,47
29730015,2143,9
29730282,7195,15
29730305,2565,62
29730570,926,61
29730708,3334,47
29730719,4744,146
29731274,1729,146
29731318,3451,47
29731925,13056,192
29731993,1497,128
29732025,1206,61
29732559,6957,48
29732648,18,48
29733063,9758,146
29733225,13257,26
29733894,72,137
29734102,9668,38
29734129,9540,38
29734178,2285,47
29734337,240,128
29734398,449,30
29734905,2727,47
29735189,937,30
29735376,11116,189
29735570,1279,61
29735698,18024,58
29735745,1276,128
29735748,2295,189
29736041,59,61
29736042,56,137
29736486,4889,61
29736549,3251,47
29736748,4816,146
29736961,66,1
29737641,1230,128
29737760,58,80
29737765,4552,47
29738058,5697,7
29738111,106,189
29738166,64,137
29738230,1329,70
29738401,98,137
29738539,543,191
29738659,28,137
29738675,212,30
29738719,98,1
29738929,329,30
29738961,32,54
29739053,52,137
29739109,14,54
29739222,1632,191
29739346,483,128
29739366,1428,137
29739889,3159,47
29739973,249,134
29740213,62,1
29740325,38,54
29740352,239,128
29740411,8470,134
29740665,760,1
29740780,31,54
29741064,185,128
29741220,30,54
29741377,6220,9
29741380,76,54
29741648,4829,146
29741658,13,54
29742046,6214,62
29742380,7419,80
29742431,5573,47
29743027,598,48
29743106,3282,47
29743237,52,31
29743288,35,31
29743288,847,191
29743315,361,30
29743357,76,31
29743447,5265,48
29743796,835,99
29744093,103,31
29744368,353,64
29744414,7762,61
29744699,12,191
29745000,13,191
29745014,31,31
29745033,826,99
29745053,110,61
29745054,68,31
29745203,61,31
29745264,61,31
29745325,59,31
29745383,60,31
29745486,6568,7
29745514,1391,191
29745768,12,26
29745889,93,30
29746081,394,30
29746153,282,31
29746336,16,26
29746436,5162,146
29746458,3545,47
29746482,6033,5
29746518,1464,26
29746706,37,54
29746931,7324,192
29746946,412,191
29747026,5143,146
29747306,134,31
29747500,885,31
29747526,146,158
29747709,502,191
29747817,5060,70
29748241,663,176
29748251,5977,47
29748265,1398,1
29748445,59,31
29748504,119,31
29748545,18,15
29748623,59,31
29748742,46,31
29748848,35,31
29749217,680,31
29749385,341,128
29749493,1885,134
29749885,676,191
29750063,2326,47
29750065,682,31
29750095,234,30
29750302,1140,2
29750464,219,30
29750561,32,54
29750792,25788,110
29750848,14,191
29750849,75,31
29750943,71,31
29750943,114,191
29751020,4106,3
29751081,181,191
29751472,7759,1
29751481,8052,11
29751527,26,54
29751681,282,30
29751692,62,31
29751754,127,31
29751773,283,191
29751778,10341,134
29751881,71,31
29751950,41,137
29751969,2334,26
29752015,738,176
29752055,58,31
29752065,4160,7
29752169,6515,61
29752437,5377,47
29752586,384,191
29752692,20,54
29752798,677,94
29752813,849,48
29752884,4441,70
29752891,7281,5
29753124,1157,158
29753179,5829,62
29753201,269,191
29753533,242,94
29753597,176,191
29753620,3443,95
29753835,346,94
29753985,7961,146
29754004,910,26
29754181,280,43
29754200,639,137
29754232,290,94
29754245,389,191
29754306,2238,158
29754400,21,137
29754548,17,137
29754551,11020,192
29754659,383,99
29754739,23,137
29754882,369,94
29754963,32,137
29755267,4104,22
29755483,1226,158
29755829,1190,146
29755914,2034,128
29756108,53,54
29756224,15,54
29756620,56,184
29757128,3205,47
29757162,17,54
29757177,1879,80
29757324,4392,70
29757832,4296,47
29758533,594,128
29758629,4629,61
29758993,154,2
29759024,2113,61
29759412,120,128
29759826,562,176
29760244,23089,38
29760357,54,38
29760467,1318,47
29761721,8709,70
29761881,4528,146
29762042,14,181
29762260,3504,47
29762371,606,80
29762667,13,181
29762848,9,181
29763172,14,181
29763275,4000,61
29763733,16,181
29763762,1762,47
29763948,1297,47
29764413,14,181
29764495,56101,80
29764705,450,62
29765145,24,181
29766374,3040,146
29766558,1297,47
29767211,9282,61
29767386,4066,95
29768303,1756,47
29769510,5782,9
29770187,1765,47
29770432,4229,70
29771397,114,137
29771994,98,137
29772069,1753,47
29772228,3906,95
29772328,3988,134
29772657,223,137
29773047,122,137
29773778,171,137
29773952,1748,47
29774015,118,137
29774260,117,137
29774770,4342,70
29775834,1765,47
29776454,6649,61
29776579,41,189
29777719,1789,47
29779114,6914,70
29779123,57,189
29779164,35,189
29779222,36,189
29779257,35,189
29779294,34,189
29779331,33,189
29779602,1777,47
29780527,21,54
29780640,26,54
29780857,15,54
29781485,1765,47
29782485,24,54
29783039,6379,61
29783365,1783,47
29783399,27,54
29783711,26,54
29785249,1739,47
29786068,12203,70
29786346,10,38
29786601,903,2
29786716,3914,2
29787028,1763,47
29788924,1774,47
29789356,6833,61
29790814,1791,47
29792055,1324,47
29793586,422,176
29793908,1753,47
29794862,760,176
29795175,1303,47
29796126,6540,61
29796895,1758,47
29797815,106,176
29798271,1298,47
29798274,9349,70
29798426,101,176
29798852,86,176
29799985,1747,47
29800315,95,176
29800445,674,176
29801361,1298,47
29802601,7229,61
29803072,1756,47
29804329,1305,47
29805979,312,61
29806131,67,43
29806437,893,61
29806946,25806,110
29807625,6691,70
29808044,81,2
29808124,60,43
29808198,74,43
29808276,54,43
29808334,191,43
29809767,3753,61
29810250,273,1
29810512,928,61
29810996,2684,146
29811104,4309,5
29811729,148,36
29811822,1920,1
29811879,266,158
29812029,10050,134
29812307,1372,158
29812859,61,70
29813111,4931,3
29813406,1173,61
29813440,4161,61
29813536,56,61
29813672,5949,26
29813678,3689,146
29813800,1870,7
29813927,61,70
29814523,79,137
29814679,4228,61
29814695,76,137
29814931,3316,47
29815229,139,137
29815276,1670,158
29815318,199,36
29815546,3845,47
29816225,85,137
29816237,7133,7
29816831,198,137
29816908,4218,62
29816973,180,94
29817153,203,94
29817215,286,128
29817226,462,137
29817355,5789,146
29817356,154,94
29817571,188,94
29817670,5333,61
29817757,147,94
29817935,751,128
29818007,200,31
29818030,109,137
29818206,245,31
29818277,4404,47
29818320,1418,158
29818451,301,31
29818634,1910,5
29818752,1562,31
29819328,121,99
29819502,2398,47
29819767,3987,128
29819966,546,128
29820095,2991,61
29820489,543,99
29820567,6893,5
29820598,301,31
29820612,5937,5
29820817,541,146
29820958,386,31
29821054,18,137
29821263,16,137
29821489,548,128
29821506,272,146
29821598,3166,95
29821995,1446,47
29822207,2623,158
29822335,3719,137
29822425,20,137
29822552,15,99
29822596,3178,99
29822606,71,128
29822648,8208,192
29822719,5395,47
29822953,5961,61
29823046,505,76
29823079,6365,146
29823262,6150,61
29823428,11173,189
29823579,1453,47
29823584,9202,189
29823590,1072,7
29823611,23,137
29823839,23,137
29823846,86,128
29824062,18,137
29824262,20,137
29824298,11669,58
29824521,5672,7
29824732,36,137
29824938,664,158
29825104,1821,47
29825278,1321,158
29825338,19,137
29825787,890,158
29826147,134,137
29826333,4978,9
29826885,45,128
29826984,795,47
29827798,2662,47
29828069,3916,5
29828256,3769,47
29828961,3954,61
29828981,11389,26
29829278,164,191
29829437,5642,146
29830486,74,47
29830559,673,99
29830582,1936,47
29830643,2292,95
29830662,799,26
29831140,171,191
29831186,832,7
29831318,2207,9
29831328,2707,5
29831545,303,191
29831590,547,3
29831633,9027,51
29831966,27,137
29832007,1696,5
29832038,202,191
29832198,26,5
29832330,181,47
29832340,27,158
29832473,662,99
29832485,278,191
29832557,2998,47
29832563,2590,47
29832888,7100,61
29832982,965,191
29833311,2772,192
29833345,204,76
29833357,535,30
29833414,43,92
29834519,3486,158
29834555,1150,168
29834726,36,92
29834755,36,189
29835079,772,30
29835295,1954,47
29835583,1732,168
29835660,4124,47
29835832,74,92
29835910,5737,146
29836035,837,30
29836235,213,191
29836916,302,191
29837231,706,30
29837253,7143,146
29837313,3266,47
29837348,9065,5
29837380,47,168
29837477,846,168
29837833,27,192
29837860,200,191
29837881,1333,192
29838336,224,191
29838621,586,30
29839859,4975,47
29839933,3670,31
29839972,5950,61
29839988,4047,192
29839990,129,61
29840189,551,30
29840471,4002,158
29840617,3498,168
29840669,9624,51
29840670,2234,47
29841155,2911,192
29841327,18,137
29841590,2730,58
29841667,604,99
29841752,5198,146
29841757,8,137
29841961,15,137
29842403,15,137
29842495,513,26
29842761,946,99
29842928,3030,47
29843591,136,137
29843637,2082,61
29843958,48,189
29843994,34,189
29844029,1191,168
29844043,36,189
29844078,49,189
29844115,35,189
29844164,36,189
29844201,44,189
29844241,42,189
29844243,516,3
29844285,35,189
29844328,44,189
29844364,36,189
29844409,35,189
29844424,25,137
29844446,31,189
29844482,33,189
29844587,132,137
29844655,834,192
29844673,3639,158
29844740,11023,189
29844846,657,176
29844906,5,47
29844909,1040,3
29845139,3234,168
29845193,3510,47
29845643,10979,189
29845666,15439,7
29845820,37,137
29845842,1108,192
29845860,5337,61
29845955,208,137
29846030,2395,47
29846234,1220,176
29846239,28,137
29846458,941,137
29846746,7914,62
29846912,5314,146
29847785,970,176
29848520,2825,47
29848773,3395,47
29850043,1180,168
29850433,5776,51
29850445,59,51
29851183,3764,61
29852196,2635,146
29854451,1675,47
29854888,4201,61
29856166,1648,47
29856218,3632,51
29856590,39,92
29856667,10984,189
29857128,110,92
29857468,2312,9
29857500,43,92
29857843,1674,47
29857936,50,92
29859065,3905,61
29859090,20,61
29859138,53,47
29859521,1647,47
29859546,44,92
29859560,1909,47
29861195,1686,47
29861649,181,47
29861845,23,47
29861902,39,47
29861968,864,47
29862140,445,62
29862931,1175,47
29862966,4468,61
29862970,312,47
29863325,1095,47
29864406,28,47
29864730,928,47
29865067,31,47
29865139,3167,58
29865694,3096,47
29866119,9128,70
29867197,1681,134
29867369,4393,61
29867648,10933,189
29868101,1827,2
29871698,3971,61
29875247,6565,70
29875605,3609,61
29878633,10962,189
29879151,3975,61
29881813,6699,70
29883063,3639,61
29886671,3958,61
29888515,6534,70
29889567,10972,189
29890606,3628,61
29890690,1097,61
29891819,4489,61
29892532,210,43
29893157,25805,110
29894174,4131,61
29894246,60,61
29894723,52,43
29894778,64,43
29894845,58,43
29894908,65,43
29895051,6578,70
29895266,4841,62
29896057,334,3
29896526,345,3
29897058,4181,146
29897423,510,3
29897750,10334,5
29897922,4776,61
29897974,4532,47
29898109,5244,51
29898302,4916,61
29898435,573,30
29899906,4545,158
29900100,1499,62
29900128,1986,11
29900187,1791,158
29900531,10934,189
29900622,6892,15
29900867,1102,26
29901215,7414,146
29901306,7622,26
29901631,6741,70
29902548,7694,47
29902772,2769,95
29903157,5141,61
29903527,108,137
29903753,18,92
29903811,160,192
29903835,232,30
29904032,2007,192
29904036,44,137
29904162,104,137
29904281,30,30
29904318,356,30
29904494,4226,22
29904527,28,137
29904656,18,92
29904708,37,137
29904865,55,30
29905049,1126,15
29905088,828,30
29905512,21,92
29905576,159,11
29905771,86,11
29906027,3946,95
29906173,94,128
29906303,895,30
29906324,72,38
29906392,439,61
29906410,1044,192
29906436,1160,47
29907369,382,128
29907637,1243,47
29907677,1649,192
29907877,75,92
29908073,1546,30
29908181,76,92
29908295,4857,61
29908459,2655,168
29908565,7768,146
29908734,21886,5
29908742,68,99
29908856,2117,99
29908892,1321,47
29909059,81,128
29909313,8,92
29909552,12,92
29909593,3479,15
29909759,3909,158
29910151,537,30
29910260,1960,47
29910270,7838,47
29910312,7344,192
29910320,664,128
29910572,59,36
29910631,90,134
29910712,5882,36
29910792,986,134
29910912,2086,168
29911410,2326,99
29911504,10958,189
29911690,317,128
29911745,3722,22
29912098,1034,168
29912169,132,134
29912233,1498,47
29912484,807,128
29913128,3991,61
29913160,6525,70
29913235,1692,168
29913412,6292,137
29913576,9885,61
29913857,1276,47
29913916,745,30
29915030,656,168
29915177,1580,47
29915497,4125,22
29915510,39,22
29915548,2007,168
29916064,185,191
29916153,3935,158
29916278,9623,51
29916312,5197,146
29916527,1058,191
29916762,3747,47
29916785,1150,30
29916802,21,92
29917064,7120,61
29917136,61,61
29917454,9071,134
29917638,12705,58
29918241,238,191
29918252,9510,62
29918697,832,30
29918907,472,191
29919235,659,99
29919394,4356,94
29919700,211,191
29919861,9,92
29919937,9793,99
29920139,1793,191
29920181,10,92
29920468,4155,47
29920474,18,92
29920815,15,92
29920904,238,30
29921065,140,31
29921266,58,94
29921323,185,94
29921573,121,94
29921694,58,94
29921752,437,94
29921770,9586,61
29921949,4257,11
29922189,61,94
29922250,60,94
29922310,189,94
29922439,10906,189
29922499,119,94
29922618,47,94
29922654,905,191
29922725,121,94
29922846,53,94
29922898,57,94
29922955,144,94
29923159,120,94
29923279,58,94
29923337,150,94
29923407,7059,146
29923487,47,94
29923534,37,94
29923603,145,94
29923663,4018,47
29923747,313,38
29923769,127,38
29923770,128,94
29923959,29,54
29923964,13100,94
29923973,11429,94
29923998,43,38
29924043,99,54
29924176,7730,61
29924274,397,30
29924448,10,38
29924505,61,54
29925004,54,158
29925013,152,30
29925409,902,191
29926088,62,169
29926284,7572,51
29926945,7051,134
29927134,220,30
29927135,183,31
29927246,88,2
29927476,138,31
29927480,223,22
29927679,83,169
29927802,164,22
29928041,74,5
29928113,153,31
29928145,20,5
29928371,199,169
29928372,191,31
29928494,5919,158
29928562,96,31
29928583,1016,169
29928658,59,31
29928835,106,31
29928836,105,31
29929477,86,173
29929496,59,173
29929711,11,173
29929922,9,173
29930081,4189,70
29930228,14,173
29930395,4843,146
29930480,8577,192
29930516,7,173
29930761,8,173
29930901,9,173
29930908,9226,169
29931634,52,173
29931844,4294,61
29932230,21,173
29932330,9,173
29932689,24,173
29933031,10,173
29933398,10911,189
29934040,2571,80
29934181,11483,134
29934385,7949,51
29935179,3129,146
29936108,3996,61
29936578,2367,47
29937310,27,80
29938357,3711,146
29939311,33849,80
29940044,7199,61
29941137,6227,62
29941322,9310,61
29942533,2341,47
29942540,6239,51
29942731,2650,13
29946228,1641,47
29946290,23,13
29946521,28,13
29946672,1615,47
29947254,9100,61
29947730,796,134
29947931,1627,47
29948294,1620,47
29948487,12952,70
29948496,10947,189
29949465,5227,134
29949638,1656,47
29949921,1600,47
29951340,1639,47
29951542,1607,47
29951812,84,1
29952631,7188,9
29953043,1646,47
29953168,1599,47
29954712,1672,47
29954811,1627,47
29955274,9458,61
29956135,11171,38
29956401,6723,61
29956416,1680,47
29956434,1609,47
29958081,1608,47
29959409,10994,189
29959677,1602,47
29961318,1609,47
29962952,1615,47
29963055,7438,61
29964579,1600,47
29966207,1607,47
29966280,2649,9
29967851,1620,47
29968287,10580,70
29969318,1669,47
29969487,1607,47
29970358,10922,189
29970440,4996,61
29971017,1637,47
29971108,1612,47
29972718,1719,47
29972728,1673,47
29974411,1602,47
29974479,1645,47
29975259,9160,61
29975436,4218,61
29975510,59,61
29976030,1617,47
29976180,1634,47
29977651,1605,47
29978935,384,43
29979651,3732,61
29981372,10893,189
29981436,47144,43
29983319,4166,61
29986423,15125,80
29986665,41912,181
29987384,6151,62
29987420,5958,51
29987423,6890,61
29988328,6193,70
29989204,554,173
29989825,13,173
29989890,8,173
29989924,10,173
29990035,4,13
29990057,38523,13
29990320,567,173
29991018,13,173
29991043,9330,61
29991366,494,173
29991659,36920,13
29992139,11,173
29992295,10933,189
29993533,4915,62
29993541,6539,51
29993840,34738,70
29994252,3540,61
29997190,620,61
29997816,2873,47
29997862,2428,47
29998244,6745,61
29998380,998,173
29998399,30109,146
29998498,62,38
29998515,15,38
29998591,160,38
29998795,305,61
29998809,29769,146
29999435,9253,61
29999719,12,173
29999946,1038,173
30000276,2410,47
30000733,1634,47
30001216,14,173
30001548,723,173
30002300,10,173
30002445,1640,47
30002686,2414,47
30003133,37,70
30003189,10989,189
30004146,1632,47
30005156,2401,47
30005174,3521,61
30005849,4091,47
30005886,6086,134
30007510,6915,62
30007569,2388,47
30008637,4093,61
30008708,60,61
30009987,2402,47
30009991,18589,47
30011013,9966,58
30012364,11031,134
30012397,2398,47
30012731,4953,61
30014123,10943,189
30014423,5968,62
30015962,13,173
30015979,10,173
30016216,14,173
30016437,12,173
30016965,1112,173
30017315,11264,70
30017729,228,61
30018243,14,173
30019047,48,173
30019242,499,173
30019978,11,173
30020388,3458,62
30020720,588,173
30022286,9288,61
30022382,24,47
30022608,3560,47
30022655,2395,47
30023205,14,173
30023845,3180,62
30025054,34,47
30025114,11014,189
30026238,3558,47
30027025,3182,62
30027456,1941,134
30029870,3555,47
30031590,9297,61
30033263,9409,58
30033418,51,137
30033503,3552,47
30033817,62,38
30033829,13,38
30033888,92,137
30034798,4247,61
30035192,9306,61
30036058,10966,189
30037269,1652,47
30037303,2395,47
30038314,17,139
30038339,570,139
30038580,208,139
30038963,1650,47
30038985,4973,61
30039216,251,139
30039701,2391,47
30039813,972,139
30040657,1631,47
30042098,2399,47
30042348,1669,47
30043953,3979,61
30044051,1634,47
30044502,2402,47
30045750,1646,47
30046911,2392,47
30047074,10950,189
30047451,1645,47
30047939,3513,61
30049150,1642,47
30049317,2399,47
30050258,9344,61
30050846,1626,47
30051453,3866,61
30051721,2401,47
30052537,1657,47
30054128,2403,47
30054241,1640,47
30055319,3557,61
30055939,1641,47
30056539,2414,47
30057636,1646,47
30058042,10987,189
30058877,3869,61
30058952,2401,47
30059342,1642,47
30059618,9312,61
30061030,1663,47
30061348,2400,47
30062720,1668,47
30062746,3561,61
30063801,2410,47
30064415,1668,47
30066204,2403,47
30066308,3837,61
30068667,2405,47
30068988,4968,61
30068991,10971,189
30070147,4435,61
30070399,3188,62
30071082,2389,47
30071872,2656,146
30073479,1973,47
30073584,3643,62
30074465,3573,146
30074580,3852,61
30075558,2825,47
30075727,3088,47
30076458,10,173
30076483,45,173
30076624,7,173
30076909,2630,64
30077120,35,173
30077265,23,173
30077348,10,173
30077403,25,173
30077415,49,173
30077667,21,173
30077976,2996,146
30078142,10,173
30078388,3601,61
30078433,44,173
30078442,2235,47
30078493,7,173
30078759,30,173
30078831,9,173
30078837,35,47
30078840,36,47
30079888,1779,64
30079980,10886,189
30080737,1659,47
30080962,2655,146
30080972,9703,61
30081472,92,84
30081927,1396,61
30082021,196,84
30082436,1689,47
30082924,9883,70
30083555,2723,146
30084054,738,61
30084190,3995,47
30084515,2254,134
30084795,1361,61
30085106,8659,62
30085207,134,38
30085215,12,38
30086254,4092,146
30086545,4029,61
30086572,9529,61
30086804,9843,134
30087428,8137,11
30087439,2792,47
30090211,2430,47
30090279,431,146
30090513,4473,61
30090952,10949,189
30091038,5225,146
30091778,7888,58
30092294,9413,51
30092305,61,51
30092638,3089,47
30093658,4979,47
30094986,6514,61
30096199,3040,146
30096666,13602,134
30098775,4608,47
30099175,2531,146
30100140,4606,58
30100560,6551,70
30100571,60,38
30101438,4473,61
30101695,2725,146
30101840,10915,189
30102480,9576,51
30103448,5406,47
30104066,9370,139
30104356,2673,146
30105648,8184,62
30105912,3759,61
30106155,9382,61
30107026,2613,146
30108911,4350,47
30109577,2751,146
30109669,5492,61
30110412,249,134
30110679,181,134
30111156,1069,134
30112247,87,134
30112263,7990,146
30112394,2086,134
30112400,6815,51
30112789,10920,189
30113694,8210,47
30113833,6941,62
30115161,2627,61
30116791,4094,70
30117469,9581,61
30117789,28,61
30118065,15155,61
30118511,14923,61
30120248,6802,146
30120647,4018,64
30121972,9263,47
30123424,10044,38
30123432,5543,38
30123706,10895,189
30124202,45302,80
30126988,8998,146
30131291,10287,47
30135698,1148,61
30135920,8830,146
30138714,6572,70
30138723,10921,189
30141642,10623,47
30144690,9101,146
30148372,749,61
30149119,3739,61
30149620,12564,189
30152324,8271,47
30153729,3313,146
30154671,36,1
30155299,101,1
30155765,96,1
30156629,970,1
30156977,4127,146
30157298,973,30
30157655,479,61
30157835,7440,3
30157920,7137,70
30158098,12402,5
30158285,188,76
30158477,13191,158
30158870,4454,36
30158907,5724,64
30159195,36,61
30159233,200,61
30159273,820,30
30159511,4380,61
30159899,954,76
30160294,10193,61
30160540,11074,189
30160576,471,62
30160605,11156,47
30160868,529,169
30160873,898,62
30160959,7126,51
30161070,3426,146
30161202,7,92
30161408,7,92
30161637,9068,134
30161704,8,92
30162256,660,169
30162263,2593,1
30162290,8,92
30163143,10,92
30163337,8,92
30163347,753,146
30163776,11647,169
30163867,10,92
30164088,563,128
30164556,4138,36
30164668,25765,110
30164723,283,99
30165150,121,128
30165161,290,99
30165434,4365,47
30165513,229,146
30165571,239,76
30165615,18,92
30165653,1118,38
30165708,810,146
30165870,106,5
30166008,1785,128
30166065,418,169
30166077,93,61
30166206,8281,70
30166394,14,92
30166490,49,61
30166506,10,92
30166691,7462,146
30166705,146,76
30166744,4753,61
30166858,9,92
30166927,10565,38
30166947,6452,38
30167245,44,61
30167392,7,92
30167485,5,92
30167534,6,92
30167614,466,62
30167870,110,137
30167924,252,191
30167946,34,92
30168076,30,137
30168091,51,61
30168376,5598,64
30168477,67,22
30168490,39,22
30168524,501,191
30168598,5556,192
30168711,6012,51
30168866,159,61
30168964,89,128
30169403,44,137
30169462,30,137
30169496,226,191
30169502,994,169
30169670,39,137
30169676,19,92
30169792,25,137
30169809,892,139
30169819,413,191
30169831,42,137
30169964,62,128
30170124,25,92
30170214,43,61
30170513,213,191
30170595,44,92
30170788,504,191
30170928,45,61
30170955,891,139
30171057,26,137
30171110,111,128
30171190,3748,5
30171360,36,92
30171469,8417,134
30171477,140,61
30171646,588,191
30171768,5309,47
30172399,72,61
30173126,10998,189
30173129,4896,47
30173281,4205,139
30174067,2225,1
30174079,112,61
30174144,5004,146
30174191,2743,3
30174276,78,92
30174638,3039,61
30174789,43,137
30174937,18,92
30174981,4564,70
30175141,76,92
30175451,6435,51
30175456,500,76
30175599,33,137
30175839,17,92
30176161,39,137
30176165,22,92
30176195,1661,76
30176538,31,137
30176553,28,92
30177124,3864,47
30177365,20,92
30177736,17,92
30177808,2003,61
30178085,181,76
30178533,20,92
30178827,219,191
30179087,265,128
30179271,611,191
30179350,5577,158
30179392,21,137
30179991,3717,36
30180017,79,128
30180092,20,92
30180245,7027,134
30180351,34,92
30180373,217,191
30180460,2752,146
30180464,15,92
30181010,3778,47
30181142,758,191
30181153,1029,128
30181320,24,92
30181378,6792,61
30181729,55,92
30182276,42,92
30182709,47,99
30182775,545,99
30182884,32,92
30183151,2630,146
30183281,29,92
30183363,84,128
30183433,1625,99
30183442,20,92
30183941,555,76
30184203,10914,189
30184323,20,92
30184839,6129,47
30185375,219,191
30185513,236,99
30185770,10,22
30185773,3320,146
30185777,730,99
30185849,5310,22
30186154,6001,158
30186326,304,191
30186565,105,99
30186740,440,99
30186869,164,191
30187077,108,22
30187094,486,191
30188110,145,61
30188182,60,61
30189031,3020,146
30189714,10666,47
30189826,10327,134
30190270,92,61
30190383,6071,61
30190964,878,128
30191058,5988,62
30191159,1863,47
30191259,291,36
30191326,776,139
30191454,59,47
30191615,26,36
30192039,3714,146
30192483,78,76
30192839,391,191
30192858,674,76
30192951,221,128
30193136,1803,22
30193245,329,22
30194782,91,17
30194888,1030,17
30194950,723,47
30194961,59,47
30195200,467,76
30195742,3599,146
30195887,437,47
30196393,298,61
30196485,8794,9
30196779,267,76
30197045,3277,62
30197124,156,22
30197265,247,76
30198992,1576,22
30199757,4156,70
30200444,9516,61
30200543,4284,134
30200713,76,61
30200799,2451,61
30201108,1546,22
30201151,9270,61
30202009,481,137
30202648,82,137
30203484,10938,189
30204039,393,137
30205325,288,22
30205872,44,137
30210141,3957,146
30210196,3274,146
30210250,6431,38
30215634,19332,38
30218549,12165,70
30218558,10929,189
30229498,11057,189
30232196,10248,61
30232744,6683,9
30236662,1529,61
30238133,247,43
30238401,8935,3
30238820,25761,110
30239216,1175,61
30240470,18676,189
30240532,44,43
30240580,45,43
30240627,113,43
30241042,3944,84
30243473,704,158
30244083,1085,173
30244302,3926,158
30244361,8479,70
30245559,632,128
30245662,15611,61
30245767,12,36
30245818,1236,61
30245911,456,22
30245917,17,173
30246069,5,48
30246333,34,173
30246459,4367,146
30247406,4573,61
30247414,3195,134
30248660,170,76
30248731,43,30
30248750,48,95
30248776,23,95
30249208,38,30
30249266,103,76
30249523,1032,76
30249742,861,137
30250761,3419,146
30250846,13,92
30251031,4775,158
30251055,1064,134
30251232,553,48
30251423,57,92
30251948,66,92
30251959,18388,61
30251992,51,61
30252042,821,5
30252137,1691,134
30252305,80,92
30252328,266,184
30252442,827,17
30252526,359,64
30252676,119,92
30252832,655,84
30253000,399,17
30253078,1172,47
30253198,17211,64
30253289,54,92
30253344,58,30
30253371,137,92
30253399,50,184
30253458,16912,184
30253504,852,84
30253720,154,128
30254044,1077,30
30254135,16102,5
30254176,16121,146
30254266,702,47
30254288,324,99
30254345,15949,9
30254652,449,99
30254678,138,92
30254703,15535,62
30254951,15460,134
30255082,6570,38
30255128,6831,38
30255131,10410,61
30255202,84,92
30255633,105,30
30255765,14603,3
30255962,58,36
30257775,266,47
30257895,155,137
30259461,3937,58
30259560,3976,48
30260897,9,92
30262487,4004,61
30270579,369,47
30270667,30,195
30270842,25,137
30270857,18,195
30270887,256,137
30270932,5,195
30270963,608,195
30270991,6025,5
30271021,3216,158
30271069,1857,192
30271378,4268,84
30272891,33,137
30272976,383,137
30273387,21,137
30273568,449,84
30273600,167,76
30273806,13,137
30273853,21,137
30273914,155,76
30274123,25,176
30274318,27,176
30274524,14,2
30274647,14,137
30274664,4627,61
30274676,43,137
30274754,30,137
30274804,23,158
30274948,20,195
30275047,1908,76
30275129,34,195
30275260,18,137
30275643,2940,146
30276067,611,137
30276496,9402,36
30276522,23,2
30276776,95,2
30276862,3221,62
30276900,6740,38
30277105,43,2
30277187,166,128
30277222,506,48
30277738,79,128
30278452,5197,76
30278521,2955,146
30278648,9118,70
30278656,196,128
30278780,23,181
30279289,3699,61
30279924,86,92
30280081,3156,62
30280254,24,181
30280622,84,92
30280838,81,92
30281148,18,181
30281412,3026,146
30281759,58,92
30281804,24,181
30281818,79,92
30282174,13,181
30282178,69,92
30282641,57,92
30282933,3962,61
30283237,6579,62
30283911,259,92
30284263,12,92
30284601,11,92
30284806,8,92
30284999,366,48
30285030,10,92
30285474,10,92
30285611,8,92
30285780,7,92
30286899,7771,61
30287170,9882,9
30287221,11300,61
30287969,9,9
30288089,13873,36
30288502,9217,146
30289047,7,173
30289191,9571,61
30289750,3560,173
30292126,9405,58
30293478,7530,173
30294722,7003,61
30294744,59,61
30295244,5,48
30296982,72,70
30297657,6603,146
30301728,6286,61
30301732,16453,38
30304254,5373,146
30304321,59,146
30307959,6458,61
30308033,60,61
30309566,5249,146
30311010,9622,61
30312506,25,48
30314417,5987,61
30314493,59,61
30314752,5686,146
30314817,60,146
30320389,5483,146
30320830,263,61
30320865,9639,61
30321158,7222,61
30321234,11111,61
30324167,11880,30
30324532,129,43
30325132,68,30
30325279,3100,9
30325549,107,30
30325811,6577,146
30325914,62,36
30326125,81,30
30326250,1195,36
30326560,6119,7
30326713,6402,36
30326804,638,84
30327389,117,30
30328263,170,30
30328359,7088,61
30328623,967,9
30328706,249,30
30328935,15,54
30329374,43,54
30329436,327,30
30329851,9411,9
30329939,7310,76
30330011,244,30
30330381,187,30
30330603,44,54
30330893,6615,158
30330999,4898,22
30331323,74,54
30331662,43,173
30331721,685,158
30331851,57,54
30332341,6710,146
30332383,3985,137
30332488,584,95
30332493,57,137
30332615,316,137
30332694,11426,7
30332828,67,137
30332991,1647,36
30333081,397,62
30333107,5447,5
30333219,102,195
30333353,44,54
30333786,3671,92
30334383,46,54
30334594,53,195
30334666,6093,36
30334924,41,195
30335256,3472,95
30335400,163,195
30335414,6720,61
30335566,234,128
30335793,53,195
30336329,47,195
30336756,53,195
30336826,212,195
30337203,42,195
30337773,30,195
30337980,31,195
30338177,5301,158
30338190,21,195
30338204,953,158
30338343,21,195
30338480,12872,58
30338994,5806,146
30339556,4952,9
30339735,15,92
30342511,11,92
30343153,2126,128
30343197,26,92
30343310,9857,30
30343622,6144,158
30343672,25500,146
30343793,6997,5
30344200,11035,61
30344455,6572,61
30344482,11353,7
30345144,329,137
30346291,6733,38
30346362,6433,38
30347773,3945,9
30347887,3632,192
30348172,224,48
30348243,143,192
30348396,36,62
30348407,9677,61
30348415,427,192
30348658,4978,62
30349084,418,192
30349383,173,191
30349805,4193,184
30349948,71,191
30350261,1470,9
30350332,94,191
30350366,124,191
30350558,18,92
30350681,24,54
30350747,481,99
30350811,256,191
30351410,83,191
30351474,3059,95
30351539,8,92
30351672,314,191
30351768,4955,9
30352055,315,191
30352261,1375,99
30352379,409,191
30352478,40,5
30352495,27,5
30352722,169,5
30352789,22,92
30352809,409,191
30352993,7089,61
30353000,6338,158
30353092,125,76
30353394,567,99
30353553,573,76
30354070,24,54
30355190,354,99
30355445,3734,48
30355587,259,99
30355849,1939,36
30355988,2119,7
30356027,277,184
30356377,102,184
30356407,4149,36
30356683,17,146
30356754,3327,9
30357055,1946,184
30357331,3306,146
30358293,25,80
30358719,169,99
30358730,76,80
30358986,32,80
30359109,587,184
30359294,31,80
30359357,423,137
30359377,22617,48
30359575,330,99
30359691,3853,158
30359756,3758,36
30359974,947,22
30360028,44135,7
30360061,4211,61
30360125,61,80
30360346,184,48
30360378,83,76
30360418,659,158
30360659,7206,64
30360782,268,99
30360930,1935,48
30361052,468,99
30361177,60,137
30361868,55,80
30362299,402,99
30362353,53,80
30362788,572,99
30363116,31,192
30363150,137,80
30363361,94,80
30363570,75,80
30363965,6514,38
30364211,4054,61
30364753,4938,36
30365108,80,80
30365398,4239,192
30365432,63,128
30365817,156,128
30366110,75,80
30366241,60,76
30367039,327,76
30367445,3710,62
30367938,1758,76
30368264,3696,61
30369760,142,80
30370344,851,76
30371155,3320,62
30371963,2840,61
30373147,4890,22
30373436,260,80
30373455,6434,9
30374139,7560,64
30374293,1101,80
30374866,220,61
30375096,752,61
30375395,31,92
30375870,22999,61
30376032,4954,61
30378422,11869,22
30379255,40,54
30379389,18,92
30380926,5067,61
30381071,37,54
30381781,20,92
30381943,3003,9
30382350,63,54
30382354,28,92
30382811,57,54
30383207,24,92
30383476,78,92
30383736,55,54
30384410,56,54
30385020,44,54
30385214,24,54
30385610,47,54
30385726,59,54
30385992,3936,61
30386258,46,54
30386555,39,54
30389930,3508,61
30390003,60,61
30393439,3826,61
30393512,61,61
30395398,83,92
30395921,81,92
30396696,20,92
30397267,3550,61
30397340,62,61
30397523,20,92
30397803,18,92
30398685,25,92
30398950,78,92
30400037,24,92
30400264,16,92
30400816,3860,61
30402149,22,92
30402688,50,92
30403274,81,92
30403520,16,92
30404135,21,92
30404525,78,92
30404673,3507,61
30404871,15064,61
30404986,20,92
30405621,10,92
30406084,22,92
30406221,19,92
30407239,22,92
30407565,18,92
30408142,15231,61
30408182,21,92
30408431,18,92
30410526,9495,61
30410932,111,43
30412252,7157,110
30416362,4011,167
30418623,11377,48
30419966,3789,137
30422282,68,137
30423591,71,43
30423665,80,43
30423680,100,54
30423746,5352,61
30423750,73,43
30423816,20,92
30423826,49,43
30423841,2895,9
30423862,9559,61
30423864,668,99
30423960,3732,36
30424087,721,128
30424169,6485,38
30424180,6479,38
30424258,134,54
30424497,5635,64
30424844,588,80
30424862,181,92
30425050,22593,48
30425169,28560,48
30425214,88,54
30425362,6498,192
30425388,818,76
30425587,43,169
30425642,135,54
30425673,5090,48
30426013,39,92
30426218,60,54
30426238,538,92
30426627,491,99
30426723,53,54
30426816,3270,62
30426844,158,92
30427013,189,92
30427182,44,169
30427241,41,54
30427338,26,54
30427388,202,92
30427526,1575,99
30427593,629,80
30427657,73,30
30427794,45,54
30427798,1115,92
30428365,1103,30
30428833,70,92
30428870,307,128
30428924,1343,92
30429058,4842,61
30429523,683,92
30430083,5968,62
30430152,6792,64
30430175,643,128
30430299,521,99
30430439,1742,92
30431660,23,80
30432025,202,92
30432244,2161,92
30432446,25,80
30432843,22,80
30432965,2008,3
30433024,7,167
30433353,889,30
30433456,23,80
30433879,6518,61
30434002,597,80
30434069,713,5
30434104,21124,61
30434570,418,99
30434723,1570,30
30434944,542,80
30435241,1460,99
30435494,5989,3
30435722,868,80
30435741,4011,169
30436042,1705,95
30436098,172,191
30436548,1108,5
30436606,714,76
30436661,1018,80
30436989,62,137
30437013,653,99
30437077,373,191
30437212,15475,137
30437229,1282,92
30437247,858,80
30437397,1383,95
30437667,415,191
30437672,1939,99
30437789,2294,184
30437937,5871,80
30438303,2025,30
30438378,448,191
30438591,1698,95
30439298,9828,92
30439347,795,47
30439464,46,54
30439591,1179,47
30439662,149,186
30440173,696,47
30440332,5386,61
30440779,928,47
30440825,78,184
30440877,716,47
30440914,15,184
30441289,60,54
30441295,6,169
30441324,4,169
30441332,253,184
30441364,4,169
30441394,27,169
30441593,233,184
30441643,740,47
30441677,79,54
30441723,162,99
30441728,981,47
30441886,935,99
30442096,70,54
30442230,1226,30
30442345,5906,9
30442407,748,47
30442734,1645,47
30442833,221,5
30443108,47,169
30443169,724,47
30443192,8,169
30443341,1252,99
30443932,727,47
30444022,153,54
30444410,961,47
30444701,750,47
30444970,135,54
30445102,495,128
30445420,970,47
30445468,741,47
30445653,6053,61
30446238,747,47
30446430,965,47
30446532,4664,80
30446667,167,128
30447007,743,47
30447304,307,76
30447314,695,99
30447443,1009,47
30447616,11,169
30447747,163,128
30447771,775,47
30448280,765,76
30448598,746,47
30448713,264,128
30449080,74,92
30449218,115,92
30449365,749,47
30449421,74,48
30449523,6966,48
30449557,110,92
30449671,205,128
30449793,374,92
30450080,52,92
30450129,738,47
30450186,57,92
30450300,404,128
30450381,29,92
30450620,65,92
30450894,769,47
30451068,6,62
30451660,744,47
30451670,37,92
30451700,3457,61
30452194,142,128
30452422,748,47
30452476,34,54
30452931,59,54
30453185,772,47
30453432,36,54
30453569,26743,80
30453883,6,62
30454007,742,47
30454770,744,47
30454968,6825,9
30455098,3804,61
30455169,59,61
30455533,747,47
30458902,3495,61
30459213,17,61
30460071,750,47
30460255,998,47
30460836,737,47
30461210,17,92
30461599,826,47
30462430,4025,61
30462460,62,92
30462832,996,47
30463629,736,47
30463890,207,92
30464099,4,38
30464249,10,61
30464256,22,61
30464354,13,61
30464369,225,92
30464448,9,61
30464620,981,47
30465356,746,47
30465431,15,61
30465624,983,47
30465776,156,92
30466119,751,47
30466467,4994,61
30466487,11227,61
30466934,5871,9
30466939,1632,92
30467112,991,47
30467852,750,47
30468841,972,47
30469642,749,47
30469839,533,92
30470570,973,47
30471309,749,47
30471398,3839,61
30472068,748,47
30472295,970,47
30473068,759,47
30474029,965,47
30474796,745,47
30475174,3540,61
30475757,972,47
30476529,749,47
30477506,960,47
30478216,752,47
30478649,3901,61
30479184,948,47
30479952,743,47
30480922,961,47
30481626,761,47
30482488,3682,61
30482592,15846,47
30483358,751,47
30486100,3954,61
30489995,3776,61
30493547,142,176
30493709,5052,61
30494957,237,176
30494978,9,92
30495082,4,92
30495109,2860,92
30496050,277,176
30496184,9588,61
30497331,8,43
30497662,125,176
30498413,864,30
30498667,25794,110
30498696,4086,61
30498800,3659,92
30499497,1283,92
30499693,7073,9
30500540,1140,30
30502719,4381,61
30502867,15,62
30503048,56,186
30503345,11,62
30503413,26404,80
30503437,284,158
30503629,13,62
30503719,5,62
30503867,7,167
30503900,5,167
30503982,4,167
30504047,12,62
30505472,87,167
30505520,11313,48
30505744,806,30
30506401,22481,48
30506441,89,158
30506589,54,158
30506810,107,30
30506983,22821,61
30507060,22785,128
30507109,303,30
30507185,71,30
30507228,1163,9
30507311,22497,128
30507351,1050,9
30507432,22400,30
30507528,549,158
30508176,6420,38
30508210,6429,38
30508229,21623,38
30508519,21234,9
30508613,992,30
30508795,11332,7
30508943,30,54
30510241,3918,192
30510316,3943,134
30510856,112,186
30511229,13684,80
30522442,27,54
30526631,25811,110
30530559,3031,15
30530697,27,54
30531120,28,54
30531246,28,54
30531342,26,54
30531659,985,99
30531790,4364,61
30531796,59,54
30531916,9641,61
30533279,243,40
30533533,751,36
30533570,893,99
30533578,47,54
30533766,140,40
30533881,5183,36
30534121,39,40
30534209,46,54
30534222,190,40
30534304,38,54
30534809,14,62
30534984,563,99
30535046,41,54
30535061,24204,192
30535548,29,54
30535568,279,134
30535778,2258,15
30535882,1559,15
30535886,350,134
30535920,192,134
30536027,190,99
30536121,1435,134
30536135,5516,61
30536372,534,99
30537489,1083,99
30537567,3824,134
30537732,60,54
30538049,65,54
30538196,143,76
30538533,62,54
30538648,28,54
30538741,41,54
30538940,25,92
30539022,59,99
30539790,23,99
30539825,975,99
30540076,13605,192
30540725,54,54
30541611,4156,61
30541730,1333,99
30541901,22434,7
30542423,86,54
30543179,738,47
30544007,64743,80
30544663,728,47
30545421,719,47
30545548,14424,61
30545703,10450,61
30546183,726,47
30546945,723,47
30547232,22091,47
30551567,81,54
30553610,80,54
30553928,26,54
30554571,91,54
30554767,27,54
30556092,7221,61
30556808,67,54
30557164,71,54
30557686,82,54
30557836,26,54
30563250,6509,61
30569696,6073,61
30575706,6449,61
30577589,5591,61
30582094,6079,61
30582191,45,61
30583419,9564,61
30583731,76,43
30585669,42,43
30585713,61,43
30585776,13966,43
30588173,6488,61
30594600,6449,61
30595292,478,92
30595778,1088,92
30597207,4005,92
30599539,6437,38
30599546,6064,38
30600719,3423,134
30600769,13560,48
30601048,6610,61
30601466,205,92
30601658,11307,48
30602024,14,48
30602040,218,92
30602851,1733,61
30604633,3730,134
30605171,1811,134
30606966,6352,7
30607661,289,61
30607777,22201,36
30608036,15652,36
30608546,1629,134
30608651,296,196
30609509,803,196
30610295,16,196
30610545,18364,196
30611510,189,134
30612347,403,92
30612454,3918,134
30612537,398,92
30613514,844,9
30614177,1850,48
30614372,6018,9
30616488,6085,134
30616530,307,92
30616903,399,47
30616947,1366,47
30616998,97,92
30617706,95,92
30618163,155,92
30618317,1769,47
30619305,3683,134
30619316,60,134
30619564,29994,80
30620110,2002,47
30620481,2109,9
30622150,1257,47
30623376,4819,9
30623458,773,47
30624282,413,47
30626110,45,54
30627478,46,54
30628111,44,54
30628191,27,54
30628892,19370,196
30628910,421,92
30629857,224,92
30630705,834,92
30632080,2381,61
30632667,582,92
30636410,41,54
30638870,44,54
30638988,20,54
30640739,24,54
30640827,17,54
30648239,18325,196
30648302,60,196
30649817,34325,80
30666554,18367,196
30666630,59,196
30670131,87,43
30670545,3629,61
30670619,546,61
30672117,45,43
30672164,56,43
30675667,965,61
30675678,22,61
30676766,3381,61
30676892,1406,15
30680148,3248,61
30683397,674,61
30683574,11285,48
30683707,95,137
30683877,7,48
30684082,70,137
30684132,621,61
30684265,14122,137
30684561,10,61
30684756,8,48
30684924,18643,196
30685673,1736,15
30685695,41,54
30686342,46,54
30687134,7697,38
30687229,7673,38
30687943,3122,61
30688944,1511,15
30690264,45706,80
30690904,1572,15
30691129,3628,15
30691181,5670,61
30691977,651,15
30692486,72,15
30692606,1585,15
30693259,1807,15
30694104,10,61
30694429,1702,15
30695166,1151,15
30695410,54,15
30696010,59,15
30696334,1550,15
30696651,61,15
30697740,9496,15
30697883,3263,61
30697981,2226,15
30698912,17477,192
30700447,2199,15
30701084,3354,61
30703630,18515,196
30704396,3318,61
30707221,1782,9
30707418,1648,15
30707568,158,15
30707650,3321,15
30707652,3652,61
30708587,2472,11
30709184,7127,9
30709185,1510,15
30711241,4895,61
30711362,14,62
30712977,4846,62
30717823,13672,62
30720383,9,61
30722119,15594,196
30723689,2707,9
30726874,3971,9
30727612,7681,38
30730830,8,48
30735916,36454,80
30737369,721,80
30738582,213,80
30754449,15,61
30754570,18760,61
30756531,3622,43
30757363,22153,110
30759307,12929,36
30759329,2894,76
30762699,311,76
30762903,9400,186
30763347,144,137
30765227,11294,48
30766508,23814,48
30771062,3956,146
30772412,52,43
30772868,302,92
30774450,432,99
30775020,94,61
30775374,2995,26
30775580,797,99
30775636,13555,36
30776891,217,22
30776998,156,92
30777214,640,26
30777332,3824,22
30778403,387,26
30778455,1079,26
30778558,141,48
30778669,60,137
30778824,4812,62
30779026,159,92
30779038,141,196
30779102,78,137
30779227,3368,196
30779503,7121,61
30779596,1588,26
30780137,1175,26
30780216,15,186
30781219,715,26
30781839,404,40
30782034,43,2
30782250,630,186
30782356,76,40
30782585,2730,196
30782596,1193,40
30783266,5614,146
30783748,32,54
30783862,95,92
30784066,151,92
30784384,299,92
30784567,1372,96
30785115,102,2
30785238,429,92
30785339,6788,196
30785343,16834,146
30785796,224,92
30785954,2990,9
30786015,3744,22
30786055,113,92
30786509,69,96
30786582,4877,61
30786757,1515,96
30786802,59,40
30786950,85,40
30787186,28,40
30787461,50,92
30787521,125,40
30787672,48,92
30787799,2587,7
30788295,70,2
30788487,112,2
30788927,744,40
30789201,8829,36
30789321,4235,146
30789716,495,96
30790263,6648,22
30790269,101,36
30790295,5638,5
30790395,65,54
30790618,22396,7
30790935,78,1
30791194,582,96
30791321,97,22
30791441,7425,61
30791526,6019,22
30791757,47,54
30791854,434,99
30791881,49,54
30792040,1059,96
30792060,7226,196
30792317,2220,99
30793145,1454,96
30793151,43,1
30793214,59,76
30793224,53,54
30793435,3610,76
30793602,4593,146
30793849,552,169
30793905,3580,137
30794757,536,96
30795315,396,96
30795848,1425,96
30795936,44,47
30795964,792,169
30796132,681,47
30796136,2727,47
30796830,2159,47
30797354,15,38
30797546,5237,22
30797572,1690,96
30797868,518,169
30797965,22211,36
30798319,4176,62
30798649,2991,76
30798899,1986,47
30799032,125,61
30799275,5778,196
30799290,25,196
30799290,1116,96
30799624,123,61
30799946,2206,61
30800710,648,96
30800934,1999,47
30801372,598,96
30802158,3622,48
30802200,5693,61
30802908,11458,48
30803781,746,9
30804709,747,9
30805591,1148,48
30805937,18482,196
30806594,144,22
30808235,1688,47
30808321,1130,47
30809150,135,22
30809971,1659,47
30811643,1651,47
30813121,22490,7
30813316,1751,47
30813344,14,9
30813654,1000,9
30815051,112,9
30815109,2214,47
30815299,221,9
30815852,162,9
30816208,1080,9
30817325,2545,47
30817463,6332,9
30817622,758,169
30819904,1660,47
30821578,1687,47
30823270,1698,47
30824357,23387,196
30825016,1689,47
30825576,1148,47
30826761,1688,47
30826769,1141,47
30827958,1138,47
30828497,1685,47
30829150,1172,47
30830192,1715,47
30830384,1151,47
30831592,1143,47
30831955,1690,47
30832737,1133,47
30833691,1689,47
30833926,1132,47
30834568,3980,51
30835113,1133,47
30835420,1682,47
30835638,11282,7
30836300,1162,47
30837151,1684,47
30837487,1136,47
30837798,14,176
30838057,101,196
30838075,51,196
30838166,6679,196
30838677,1204,47
30838733,11,176
30838828,2958,61
30838884,1847,47
30839072,73,176
30839892,277,176
30839930,1125,47
30840737,1963,47
30840991,280,176
30841055,1136,47
30841667,286,176
30841826,9923,61
30842712,1676,47
30842931,76,43
30844383,1716,47
30845178,9387,22
30845279,41,43
30845323,49,43
30845374,44,43
30845421,54,43
30845806,10992,22
30845823,8530,61
30845848,26,186
30845897,3666,61
30846061,889,186
30846114,1655,47
30846179,12728,36
30846237,4182,196
30846280,17428,36
30847016,8662,7
30847698,2359,30
30847782,1668,47
30847846,11403,5
30848814,26,186
30848926,6168,186
30849453,1684,47
30850229,817,9
30850355,7918,196
30851192,1686,47
30851253,267,169
30851620,195,1
30852107,13568,169
30852561,59,1
30852578,3700,48
30852612,63,137
30852679,479,1
30852803,70,92
30852874,1667,47
30853343,10599,38
30853361,60,137
30853722,101,137
30854036,368,137
30854294,111,137
30854359,169,1
30854501,2114,96
30854515,341,137
30854552,1707,47
30854636,336,40
30854709,2593,76
30854729,80,137
30854884,355,1
30855393,63,137
30855583,323,1
30855678,10056,137
30856289,1681,47
30856368,10599,192
30856433,20,92
30856485,457,1
30856809,48,92
30857244,4549,47
30857408,22,92
30857823,294,96
30857929,9038,62
30857939,211,76
30858024,2173,47
30858127,1106,96
30858207,8523,196
30858273,153,196
30858445,8289,22
30858513,1327,40
30859176,839,80
30859342,41,92
30859577,634,96
30859888,350,1
30860244,2264,47
30860277,2740,99
30860426,463,96
30860520,11183,2
30860591,6200,22
30860601,38,22
30860901,673,96
30861239,4848,80
30861263,5703,7
30861997,252,96
30862219,4746,9
30862261,555,96
30864201,25802,110
30864252,2178,99
30864667,28,173
30865372,53,47
30865539,654,47
30865669,1002,76
30866063,1408,96
30866896,1678,47
30866900,1853,47
30867452,13935,48
30867504,172,94
30867710,1331,94
30867850,954,186
30867992,7536,9
30868111,3959,76
30868184,3651,61
30868383,6114,196
30868914,5330,158
30868964,507,96
30869032,11463,26
30869192,2271,47
30869391,1598,186
30869407,3608,47
30869501,2116,48
30869877,2076,99
30869905,623,96
30870059,423,1
30870881,9821,5
30870944,20,54
30870990,21,54
30871264,21,54
30871342,17,54
30871399,68,1
30871403,106,96
30871418,364,137
30871420,43,54
30871438,1161,186
30871483,2183,47
30871507,30,54
30871571,44,54
30872081,465,76
30872200,72,1
30872319,46,54
30872376,220,137
30873028,2303,47
30873406,678,22
30873476,140,137
30873719,1746,47
30874388,3570,22
30874434,7798,196
30874973,342,76
30874977,349,137
30875376,1922,47
30875495,1542,47
30875505,4517,76
30875602,796,9
30875720,699,158
30875866,33,54
30876003,46,1
30876046,10002,22
30876316,102,1
30876562,7408,62
30876689,520,99
30876970,303,96
30877059,1612,47
30877115,8835,137
30877302,1785,47
30877477,158,96
30877975,1457,26
30878681,2143,47
30878840,569,169
30879095,1886,47
30879123,432,22
30879488,317,99
30879768,465,1
30879935,4530,7
30880113,344,169
30880734,5165,2
30880848,1984,47
30880856,340,169
30881009,1674,47
30881241,496,1
30881855,741,173
30882168,8470,196
30882385,515,192
30882714,1720,47
30882886,2595,47
30883132,946,192
30883439,995,169
30883662,331,192
30884448,2204,47
30884454,9969,38
30885165,240,80
30885529,1559,47
30885540,60,80
30885574,62881,80
30886221,4638,134
30886666,1683,47
30887066,4470,9
30887112,2837,47
30887661,547,158
30888397,3438,47
30888761,38,158
30889894,12771,48
30890456,49110,22
30890609,901,196
30890867,10137,47
30890890,930,7
30891297,9974,158
30891817,4281,196
30891858,47878,47
30892349,3684,134
30892590,698,9
30893506,7304,9
30897980,26,54
30898450,8498,169
30898581,25,54
30898722,24,54
30900278,437,96
30900654,46,54
30900857,1507,9
30902415,332,96
30903080,348,96
30904134,246,96
30904524,30,54
30904869,242,96
30905130,26,54
30905341,29,54
30905446,515,96
30905738,30,54
30905835,34,54
30906356,1330,96
30907118,549,176
30907876,424,96
30908280,412,176
30908784,153,96
30911379,406,176
30914073,396,176
30924503,3998,196
30929331,70,43
30931186,22134,110
30931302,58,43
30931365,61,43
30931432,46,43
30931483,43,43
30933371,4145,196
30933625,328,1
30933809,1169,186
30933870,4988,43
30933887,4984,43
30936729,1587,173
30936920,22,173
30937509,6426,196
30937680,12468,48
30937734,413,186
30937754,22969,48
30937868,2255,48
30938103,5062,61
30938474,392,137
30938973,35,62
30940570,95,134
30942193,43299,80
30948632,22,173
30948725,481,26
30948967,935,169
30949057,19,54
30949308,43,54
30949679,263,30
30949706,2651,9
30949973,1906,7
30949989,1033,62
30950349,653,158
30950406,10687,47
30950705,8134,5
30950724,3919,63
30951706,91,1
30951767,4853,22
30951854,2180,103
30952061,11837,7
30952080,26,30
30952292,1004,158
30952379,1221,3
30952537,4351,192
30952591,1492,80
30952814,28,54
30952871,23,54
30953265,28,137
30953327,34,137
30953687,47,137
30953699,76,61
30953708,4004,26
30954178,75,92
30954187,1485,47
30954236,513,192
30954486,6960,103
30954548,21,92
30954969,19,92
30955045,6770,196
30955057,343,1
30955372,30,92
30955709,61,92
30955943,639,169
30956140,7,167
30956146,36,92
30956384,7302,3
30956397,2595,92
30956879,129,167
30957116,39,1
30957127,28,1
30957175,88,1
30957289,47,167
30957843,25,137
30958429,103,137
30958617,27,137
30958686,155,1
30959002,121,137
30959169,75,137
30959297,691,169
30959368,34,186
30959648,7148,134
30959791,1759,5
30959855,133,137
30959999,17526,47
30960100,146,137
30960153,5692,61
30960410,13087,137
30960440,33,186
30960588,5110,75
30960688,2936,5
30960750,293,38
30960761,59,186
30960814,1343,186
30961105,24,99
30961163,13478,169
30961618,422,96
30961696,7518,196
30961849,9,76
30961885,9,76
30962050,25795,110
30962432,1303,63
30962554,62,1
30962891,563,96
30963040,8,186
30963118,36,186
30963179,2044,103
30963244,188,186
30963509,280,103
30963854,199,96
30963998,400,103
30964451,9426,61
30964465,1001,188
30964521,26,186
30964606,62,186
30964771,18676,61
30965278,281,63
30965322,55,186
30965463,101,186
30965765,66,1
30965774,415,186
30965842,184,61
30966431,305,99
30966753,2983,99
30966839,68,1
30966854,5921,134
30967365,3282,158
30967410,523,1
30967767,777,63
30968774,34,173
30968820,1058,63
30968953,5120,61
30969155,6334,196
30969214,223,173
30969215,43,196
30969281,216,173
30969588,22239,36
30970075,9,173
30970222,7,173
30971347,558,63
30971370,684,47
30971564,1129,47
30972143,22462,7
30972336,6018,9
30972790,6986,134
30972801,20,134
30973986,5228,61
30974575,4134,62
30975033,29,176
30975433,3805,196
30975489,50,176
30975772,45,176
30976078,53,176
30976712,57,176
30977054,49,176
30977747,46,176
30978127,1668,47
30978129,1145,47
30978253,41,176
30978554,5492,9
30978614,620,63
30980231,2718,80
30980255,264,1
30980980,1481,196
30981206,9521,61
30981552,607,63
30982043,9686,92
30982055,1129,47
30983051,111,54
30983367,12,112
30983626,107,54
30983881,11,112
30983975,10,112
30984457,389,9
30984662,1125,47
30984706,1156,63
30985270,3274,9
30985810,1159,47
30986030,714,63
30986132,135,54
30986528,7092,134
30986992,1141,47
30988138,1134,47
30989296,1136,47
30990442,1137,47
30991601,1138,47
30992033,20236,80
30992754,1137,47
30993898,1122,47
30994629,20,7
30995028,1139,47
30995065,21,7
30995483,19,7
30995894,19,7
30996197,1129,47
30996307,20,7
30996720,20,7
30997130,20,7
30997333,1141,47
30997539,21,7
30997950,19,7
30998360,19,7
30998490,1125,47
30998668,46,176
30998770,19,7
30999180,19,7
30999590,19,7
30999615,1148,47
30999940,47,176
31000000,19,7
31000410,19,7
31000762,1123,47
31000821,19,7
31001230,20,7
31001640,18,7
31001891,97,176
31001915,1154,47
31002050,19,7
31002193,1652,47
31002461,20,7
31002872,20,7
31003091,1154,47
31003284,20,7
31003695,19,7
31003862,1685,47
31004113,27,7
31004249,1117,47
31004439,34,176
31004543,24,7
31004969,25,7
31005305,29,176
31005371,1133,47
31005391,22,7
31005574,1668,47
31005814,21,7
31006225,20,7
31006518,1126,47
31006635,20,7
31007009,80,176
31007045,21,7
31007245,1670,47
31007455,20,7
31007664,1111,47
31007865,20,7
31008280,31,7
31008731,21,7
31008785,1115,47
31008939,1676,47
31009153,22,7
31009587,24,7
31009904,1147,47
31010014,24,7
31010447,27,7
31010876,23,7
31011300,22,7
31011726,22,7
31012180,26,7
31013180,29,92
31015732,112,43
31019739,38,186
31020222,3359,47
31023759,34,92
31023847,3933,169
31024881,41,1
31026934,19,30
31028706,17,7
31028711,1091,99
31028720,71,43
31028795,65,43
31028865,45,43
31028914,63,43
31029037,7,76
31029095,33,54
31029118,20,7
31029147,10588,63
31029268,40,54
31029285,37,54
31029498,1415,173
31029534,18,7
31029669,5638,47
31029906,6122,5
31029946,19,7
31030359,21,7
31030490,423,186
31030770,19,7
31030993,12,173
31031147,16,30
31031183,20,7
31031325,26,186
31031362,9371,26
31031385,360,30
31031407,408,186
31031596,19,7
31031696,5639,99
31031714,248,1
31031833,218,1
31031978,2157,47
31032006,24,7
31032039,909,30
31032126,56,137
31032182,2670,26
31032249,406,1
31032339,26,186
31032441,423,186
31032490,30,92
31032500,1096,15
31032944,44,137
31032998,933,30
31033050,443,92
31033055,696,30
31033374,40,137
31033424,3976,196
31033920,1732,15
31033989,152,30
31034051,27,186
31034142,2283,47
31034192,16903,80
31034196,1020,186
31034547,12145,80
31034647,1531,95
31034728,443,26
31034809,33,54
31034997,602,36
31035248,22210,36
31035260,21,7
31035300,18,12
31035322,2658,12
31035365,372,47
31035507,4773,169
31035607,112,15
31035639,7785,36
31035671,22,7
31035778,377,47
31036034,711,137
31036188,29,47
31036268,8142,62
31036386,601,47
31036433,1687,47
31036598,8529,3
31036618,114,137
31036903,62,137
31037016,1103,47
31037122,42,186
31037264,1220,186
31037333,74,137
31037492,880,95
31037532,1759,99
31037600,6481,158
31038011,82,196
31038144,134,47
31038197,754,47
31038350,991,47
31038590,4932,5
31039015,325,1
31039355,520,95
31039426,870,99
31039734,46,54
31039963,8,196
31040024,17,54
31040084,4602,196
31040093,102,196
31040235,60,54
31040330,61,54
31040352,10,15
31040392,5742,9
31040438,16,54
31040484,16,54
31040595,2468,63
31040629,143,95
31040773,138,5
31040816,4134,99
31040845,957,95
31040936,5196,134
31040940,45,137
31041241,195,1
31041569,1257,47
31041663,59,54
31041901,230,47
31041912,92,5
31041967,48,137
31042158,41,95
31042218,55,137
31042422,429,47
31042554,200,15
31042596,216,95
31042847,333,95
31043218,9419,61
31043548,8097,5
31043622,281,63
31043626,3942,48
31043739,17,7
31043894,431,63
31044173,22,7
31044259,111,173
31044377,56,137
31044429,25769,110
31044486,2758,63
31044488,50,137
31044555,13,173
31044606,1058,7
31044624,31,186
31044657,4840,196
31044686,48,196
31044753,439,95
31044756,220,186
31044795,44,137
31044821,122,137
31045140,31,186
31045626,832,3
31045848,4881,7
31046015,61,137
31046079,1738,26
31046122,268,173
31046159,111,137
31046179,1708,95
31046202,48,186
31046629,71,137
31046807,71,137
31046848,29126,80
31046927,8499,63
31047350,2504,192
31047616,1193,186
31047654,420,173
31047925,97,99
31048158,794,99
31048522,11616,26
31048601,9508,61
31048726,6473,134
31049473,6845,196
31050088,238,173
31050544,77,5
31050655,7675,137
31050736,247,99
31050757,7908,7
31051044,676,99
31051151,75,5
31051266,516,173
31051378,8975,47
31051644,538,36
31051754,845,48
31053345,14079,36
31053441,379,173
31053535,15,54
31054061,11,173
31054369,14,54
31054728,387,173
31054851,14,54
31055200,2718,48
31055221,13,54
31055250,7,173
31055364,39,54
31055679,879,30
31056260,7604,196
31056589,13,54
31056791,146,176
31057332,14,54
31057403,4136,134
31057631,31,54
31057984,9882,63
31058797,268,176
31059602,49,176
31059886,219,176
31060330,20291,196
31060507,33,176
31060822,30,176
31062461,32,176
31062951,85,176
31063480,83,176
31064412,44,176
31066230,2901,15
31066243,1641,15
31066320,9439,61
31066673,33,15
31068532,3184,62
31075998,30088,80
31080969,16281,47
31087653,14123,196
31089806,414,15
31090383,571,15
31091648,46,176
31092100,45,176
31092388,42,176
31092871,80,176
31092981,2265,15
31093566,88,176
31094509,48,176
31094530,9366,61
31095555,84,176
31096166,3166,62
31096230,84,176
31096819,1620,15
31096865,159,176
31097221,20,176
31097406,5211,196
31097532,18,176
31098357,156,176
31098960,349,176
31099333,3175,62
31099479,411,61
31100077,399,176
31100988,464,176
31101783,86,176
31102131,112,43
31102574,24,176
31103342,563,15
31103538,25787,110
31104115,59,43
31104177,58,43
31104237,41,43
31104282,327,43
31104411,35,176
31104611,275,43
31104890,352,43
31105136,647,186
31105244,381,43
31105462,24,176
31105804,202,176
31106200,882,30
31106270,121,30
31106461,663,176
31106486,1377,84
31106689,3076,63
31107243,8,30
31107294,764,30
31107514,114,47
31107925,827,5
31107932,42,47
31108049,599,176
31108265,72,47
31108690,3715,47
31109154,60,186
31109179,4099,196
31109222,44,167
31109335,125,137
31109378,1592,186
31109764,8597,15
31109922,651,61
31110331,10466,134
31110364,5485,5
31110431,275,30
31110589,3676,61
31111320,98,30
31111605,204,173
31111630,4110,80
31111840,18,54
31111894,36,54
31111916,11,173
31112065,209,30
31112168,497,64
31112407,82,30
31112422,3713,47
31112712,89,30
31112910,129,30
31113141,55,30
31113224,61,173
31113263,3859,196
31113308,179,30
31113771,118,30
31114159,306,99
31114527,32,137
31114580,8124,137
31115193,186,76
31115759,1414,80
31115948,95,30
31116006,35,92
31116189,4256,48
31116228,68,92
31116267,2884,47
31116342,5,173
31116361,1429,99
31116364,110,30
31116768,168,103
31116839,590,92
31116959,208,103
31117024,8,167
31117068,5882,196
31117115,6,61
31117192,4,61
31117203,1413,80
31117297,110,30
31117640,4477,3
31117656,1739,61
31118352,7,167
31118494,121,30
31118509,394,1
31118659,2374,80
31118709,3839,62
31118752,7,167
31118761,337,99
31118823,20,54
31119153,739,1
31119168,3857,47
31119177,35,167
31119290,1195,173
31119667,10,47
31119825,9615,15
31119984,52,47
31120129,14,54
31120808,46,47
31120855,17,54
31121077,3941,80
31121098,1865,1
31121421,5460,80
31121434,37,47
31121455,17,54
31121611,1338,186
31121823,52,47
31121890,44,47
31121971,21,54
31122062,53,47
31122152,41,47
31122260,6,47
31122286,47,47
31122370,42,47
31122388,14,54
31122541,56,47
31126035,10,167
31126109,8,25
31126280,12,167
31126366,78,137
31126510,8,167
31126862,4036,3
31126919,6988,63
31127032,80,99
31127121,7,54
31127227,46,167
31127249,82,30
31127307,11,54
31127332,6,54
31127410,11087,5
31127505,3471,192
31127706,9,54
31127871,82,30
31127907,6,54
31128201,81,30
31128272,48,54
31128483,71,137
31128645,40,54
31128699,16,137
31128774,15,137
31128807,581,99
31129295,18,137
31129636,5489,134
31129642,1506,1
31129646,7754,137
31129763,2141,47
31129776,8,47
31129918,71,47
31130208,40,47
31130272,39,47
31130386,41,47
31130420,2770,36
31130537,104,47
31130611,33,47
31130746,1949,99
31130803,46,167
31130973,104,47
31130985,26,167
31130995,5333,192
31131101,45,47
31131104,747,54
31131307,53,47
31131372,117,47
31131498,112,47
31131726,113,47
31131852,129,47
31131931,2103,47
31132059,291,54
31132091,105,47
31132125,61,92
31132230,108,47
31132355,6,47
31132418,427,92
31132588,158,47
31132767,107,47
31132892,113,47
31132964,431,92
31133147,571,54
31133239,4855,36
31133455,175,92
31133467,804,99
31133495,202,47
31133664,18,38
31133671,11,38
31133744,125,47
31134059,2355,47
31134133,530,54
31134306,117,92
31134808,1010,103
31134947,13609,63
31134966,311,54
31135044,44,186
31135134,968,186
31135472,11,54
31135662,10,54
31135822,110,47
31135859,454,99
31135959,107,47
31136095,114,47
31136230,109,47
31136502,4740,103
31136505,423,47
31136945,1734,15
31136949,5221,47
31137011,171,173
31137049,723,61
31137575,8503,134
31137763,399,99
31137945,22191,36
31138045,22392,7
31138171,739,99
31138196,426,36
31138622,241,15
31139074,99,24
31139205,106,173
31139217,32,173
31139629,14,173
31140848,216,173
31141939,68,173
31141952,57,173
31142173,4020,47
31142738,83,173
31142749,73,173
31143154,874,80
31143288,3819,80
31143293,105,173
31143304,94,173
31143831,135,173
31143905,66,173
31144222,92,80
31144532,377,61
31144856,77,173
31144884,50,173
31144975,3559,80
31145003,519,61
31145753,619,61
31147249,79,196
31148697,51,47
31148972,2142,47
31149226,11848,47
31149615,50,173
31149727,51,173
31150347,215,173
31150576,7,173
31150951,499,173
31151166,2043,47
31153239,1947,47
31155193,1917,47
31157146,2225,47
31157325,14,54
31157607,10,54
31157792,11,54
31157978,606,54
31159403,1958,47
31160494,20,7
31160902,21,7
31161102,424,47
31161311,20,7
31161414,1938,47
31161608,17867,47
31161719,20,7
31162128,19,7
31162536,19,7
31162944,20,7
31163352,20,7
31163369,1914,47
31163761,21,7
31164169,19,7
31164577,20,7
31164986,18,7
31165236,301,54
31165319,1918,47
31165395,20,7
31165803,20,7
31166212,20,7
31166621,20,7
31167032,23,7
31167273,1908,47
31167443,20,7
31167855,21,7
31168266,19,7
31168676,20,7
31169087,19,7
31169202,1917,47
31169497,20,7
31169907,20,7
31170318,19,7
31170728,20,7
31171138,20,7
31171176,1944,47
31171550,20,7
31171962,19,7
31172376,18,7
31172787,19,7
31173145,1919,47
31173208,87,7
31173665,51,7
31174111,20,7
31174523,20,7
31174933,20,7
31175118,1948,47
31175345,20,7
31175634,5646,2
31175754,19,7
31176165,19,7
31176576,21,7
31176988,24,7
31177079,1917,47
31177407,22,7
31177823,22,7
31178233,20,7
31178641,19,7
31179003,1942,47
31179050,20,7
31179458,20,7
31179868,21,7
31180278,20,7
31180687,21,7
31180953,1914,47
31181095,20,7
31181503,19,7
31181912,20,7
31182321,20,7
31182729,20,7
31182904,1938,47
31183137,20,7
31183549,20,7
31183957,19,7
31184366,19,7
31184774,20,7
31184857,1929,47
31185183,21,7
31185194,72,7
31185593,21,7
31186002,21,7
31186412,19,7
31186809,1933,47
31186820,20,7
31187230,21,7
31187641,19,7
31188050,21,7
31188460,31,7
31188532,84,43
31188763,1987,47
31188876,19,7
31189285,20,7
31189694,20,7
31190102,19,7
31190511,21,7
31190774,1928,47
31190921,19,7
31191329,19,7
31191656,1805,47
31191738,19,7
31192146,19,7
31192555,19,7
31192727,1950,47
31192964,19,7
31193056,20826,146
31193372,18,7
31193488,1785,47
31193783,21,7
31194192,19,7
31194601,20,7
31194679,2019,47
31195009,19,7
31195319,1802,47
31195418,20,7
31195816,1510,1
31195827,21,7
31196508,155,173
31196704,2160,47
31196827,9,173
31197152,1818,47
31197237,208,173
31197437,18,7
31197564,8,173
31197846,20,7
31198116,218,173
31198254,19,7
31198346,7,173
31198664,19,7
31198898,2336,47
31198983,1807,47
31199072,20,7
31199134,546,173
31199481,18,7
31199683,10420,196
31199889,20,7
31200301,19,7
31200307,235,173
31200565,7,173
31200710,19,7
31200815,1813,47
31201119,20,7
31201198,22,48
31201231,3288,61
31201275,2008,47
31201278,664,48
31201529,20,7
31201938,19,7
31201962,370,48
31202134,227,173
31202347,24,7
31202366,973,48
31202397,9,173
31202646,1872,47
31202756,20,7
31203166,19,7
31203289,2649,47
31203524,802,48
31203576,19,7
31203586,233,173
31203597,59,173
31203828,982,173
31203985,20,7
31204132,721,173
31204151,5823,63
31204347,5502,48
31204398,21,7
31204540,1819,47
31204729,3695,61
31204869,263,173
31204904,55,173
31205227,63,173
31205296,19,7
31205480,6,173
31205587,241,173
31205598,60,173
31205713,20,7
31205837,6,173
31205890,214,173
31205993,2930,47
31206123,19,7
31206152,8,173
31206398,1775,47
31206973,20,7
31207387,20,7
31207599,1964,64
31207680,600,173
31207803,20,7
31208178,1813,47
31208223,20,7
31208234,47,7
31208955,2476,47
31209109,19,7
31209134,16,173
31209274,502,61
31209522,20,7
31209934,20,7
31210000,1791,47
31210028,13847,63
31210087,9931,196
31210207,7518,48
31210245,249,173
31210257,59,173
31210344,20,7
31210754,19,7
31211073,26,173
31211166,19,7
31211377,196,173
31211471,2103,47
31211578,19,7
31211839,1778,47
31212162,9562,61
31212396,12,173
31212540,236,173
31212862,20,7
31213274,19,7
31213585,2873,47
31213636,1806,47
31213683,19,7
31214092,20,7
31214493,41755,80
31214501,19,7
31214912,20,7
31215322,20,7
31215469,1816,47
31215732,19,7
31216143,22,7
31216460,4227,62
31216507,3733,47
31216554,19,7
31216964,19,7
31217300,1784,47
31217373,19,7
31217783,20,7
31218192,20,7
31218603,21,7
31219012,19,7
31219130,1808,47
31219423,25,7
31219973,10622,196
31220277,3810,47
31220687,4447,62
31220962,1793,47
31222794,1804,47
31223848,7560,63
31224107,3849,47
31224625,1807,47
31225137,5369,62
31226097,64,2
31226457,1804,47
31226707,3539,2
31227541,3022,76
31227863,169,84
31227994,3856,47
31228290,1818,47
31230123,1808,47
31230369,9011,47
31230508,4860,62
31230595,9691,196
31231884,3666,47
31231957,5450,134
31235367,9124,62
31235597,3687,47
31237435,5405,2
31239302,2743,47
31240288,10110,196
31240362,59,196
31242620,2516,47
31243138,972,47
31244125,1010,47
31245150,276,47
31245173,102,47
31245444,1312,47
31245448,11031,47
31246792,1321,47
31246797,10710,134
31248137,1301,47
31248399,512,63
31248947,269,63
31249483,503,63
31249487,1279,47
31250399,9814,196
31250505,539,63
31250775,1326,47
31252675,1299,47
31254022,1320,47
31255397,1327,47
31256483,10888,47
31256771,1311,47
31258083,1313,47
31259431,1308,47
31260215,10256,196
31260783,1322,47
31262135,1331,47
31263493,1319,47
31264851,1276,47
31266139,1315,47
31267486,1310,47
31268839,1327,47
31270190,1322,47
31270473,9935,196
31270547,59,196
31271537,1322,47
31272884,1323,47
31274233,1318,47
31274930,139,43
31280409,10105,196
31280964,589,146
31281231,23,146
31281917,13,173
31281926,9937,146
31281951,119,173
31282432,354,146
31282532,3793,47
31282629,2237,47
31283061,11,173
31284178,284,173
31284189,60,173
31284538,10,173
31284585,246,173
31284598,62,173
31284886,2015,47
31284895,6,173
31285995,7639,62
31286300,207,173
31286311,49,173
31286358,2945,47
31286618,10,173
31286909,2646,47
31287528,604,146
31287743,210,173
31288133,38,84
31288160,7688,146
31288163,10,173
31288184,612,54
31288754,220,173
31289066,483,54
31289347,2966,47
31289430,14,173
31289589,2929,47
31290447,35477,80
31290515,9744,196
31290991,8610,134
31291617,11320,7
31292123,26,54
31292247,13,54
31292347,3333,47
31292527,3673,47
31292657,20,54
31293635,481,62
31293808,19269,63
31295270,4,173
31295574,2,173
31295586,1,169
31295699,2598,47
31295710,2,173
31296245,3800,47
31296380,183,173
31296551,13,173
31297392,189,173
31297607,8,173
31298095,13,173
31298106,63,173
31298327,1993,47
31300083,4314,47
31300276,10132,196
31300341,1967,47
31301163,58,92
31301590,56,92
31301669,11050,134
31301673,267,92
31302354,3699,47
31302415,305,92
31302726,211,92
31303122,1206,92
31303260,11418,7
31303537,4049,36
31304244,12047,36
31304442,1298,47
31305791,1317,47
31306065,4388,47
31307139,1330,47
31308487,1307,47
31309835,1318,47
31310138,1065,62
31310448,9752,196
31310465,23,196
31310501,3913,47
31311186,1321,47
31311647,64878,36
31312533,1304,47
31313398,3910,63
31313881,1312,47
31314247,58,176
31314456,2985,47
31314907,2097,7
31315229,1315,47
31316577,1314,47
31316965,11668,7
31317322,1764,7
31317452,1306,47
31317924,1306,47
31318744,7,36
31318798,1342,47
31318981,16,36
31319150,15,36
31319156,70,36
31319272,1316,47
31320146,8184,196
31321356,13385,134
31328907,51,92
31329407,8177,62
31331919,25,92
31332579,102,7
31332688,533,92
31332989,1762,7
31333261,314,92
31334390,188,92
31335004,1782,7
31335062,628,92
31337020,1763,7
31337330,237,92
31338117,461,92
31339037,1785,7
31339121,354,92
31339543,427,92
31340289,426,92
31340939,425,92
31341053,1772,7
31342065,424,92
31342816,463,92
31343070,1785,7
31343381,459,92
31345119,1780,7
31347139,1764,7
31349156,1788,7
31351198,2100,7
31353619,1113,7
31354832,805,7
31356055,442,7
31356882,20,7
31357295,18,7
31357706,20,7
31358118,20,7
31358532,19,7
31358944,19,7
31359356,19,7
31359769,19,7
31360181,18,7
31360592,19,7
31361004,20,7
31361331,13375,43
31361416,20,7
31361828,21,7
31362012,25801,110
31362241,20,7
31362653,20,7
31363065,18,7
31363481,21,7
31363892,19,7
31364301,20,7
31364710,19,7
31367003,3933,63
31369793,427,92
31375180,6,167
31376377,4,188
31377173,1652,47
31377287,3606,47
31377514,10075,158
31377644,10549,134
31378237,13,173
31378256,18,173
31378837,1841,47
31378984,424,173
31379813,202,173
31380195,471,173
31380206,29,173
31380694,238,173
31380818,143,47
31380941,3764,47
31381000,205,173
31381211,126,173
31381387,175,173
31381577,788,99
31381604,455,173
31381621,11308,7
31382128,1826,173
31382189,2640,47
31382831,19,192
31382881,107,192
31383336,3793,192
31383766,134,137
31384325,7094,137
31384717,3475,47
31384872,2601,47
31384938,12,173
31384971,7,173
31385240,6267,63
31385766,1896,173
31385809,99,192
31386430,123,192
31386749,454,99
31387349,53,80
31387363,5890,192
31387492,1887,47
31387704,9,173
31387986,1491,192
31388198,1023,99
31388246,1630,47
31388848,9678,36
31389006,379,95
31389387,1794,47
31389495,513,192
31389788,9937,134
31389896,3920,47
31390058,533,192
31390624,289,192
31391158,313,192
31391224,1861,47
31391358,13855,63
31391618,7,188
31391653,1085,99
31391704,134,137
31391923,2870,95
31391939,376,192
31392113,695,80
31392226,27,40
31392621,377,192
31392678,277,188
31392771,352,99
31392799,356,40
31393019,9746,137
31393123,1792,47
31393135,6,188
31393272,209,192
31393298,11424,7
31393490,352,99
31393853,3762,47
31394042,10645,80
31394957,1801,47
31395548,380,99
31395774,12,173
31395936,25,99
31396231,8,176
31396722,178,176
31396787,2819,47
31397130,8098,169
31397624,2752,47
31397960,9131,137
31398024,578,99
31398199,22217,36
31398231,2002,173
31398615,806,99
31399408,114,96
31399646,2125,47
31399727,314,96
31399744,8227,134
31400427,3734,47
31401782,1851,47
31402041,3780,63
31403676,1887,47
31404201,2888,47
31404771,362,176
31404792,8030,80
31404959,22491,7
31405567,1785,47
31406709,7,63
31406784,1531,63
31407780,17980,47
31407944,1363,47
31408131,17840,47
31408196,588,63
31408207,47,63
31408863,3029,63
31409351,1302,47
31414413,29,2
31418009,25,62
31432003,9,176
31432875,1293,47
31433072,10,176
31434226,1306,47
31435575,1303,47
31436891,1292,47
31438181,1301,47
31439526,1293,47
31440874,1301,47
31442222,1304,47
31443570,1317,47
31447731,68,43
31449673,45,43
31449720,45,43
31449768,42,43
31449813,234,43
31450050,216,43
31450270,251,43
31450524,254,43
31450969,194,76
31451388,154,76
31454249,357,76
31454685,1264,173
31454715,41,76
31454910,231,76
31455231,470,76
31455452,8132,169
31455742,66,137
31455888,110,76
31455997,11236,137
31456876,2888,63
31457124,111,76
31457255,2079,137
31457524,700,76
31457966,426,92
31458435,311,76
31458758,278,76
31458917,442,92
31459301,1009,76
31459736,426,92
31461383,1265,63
31462115,95,2
31462496,99,2
31462643,9,173
31462780,12,173
31462811,48,2
31463218,11478,7
31463267,13,173
31463521,14301,36
31463540,44,2
31463543,662,40
31463722,8216,169
31464600,9933,62
31464620,305,99
31464847,12636,2
31464944,562,99
31465689,2574,40
31466007,642,99
31466668,256,99
31466955,692,99
31466988,5077,47
31467059,226,47
31467385,3061,47
31468360,159,173
31468370,2434,173
31468531,22,173
31468767,26,186
31469101,1237,186
31469357,231,137
31469794,1181,137
31470494,2398,47
31471248,8541,137
31471722,641,173
31472134,180,96
31472331,412,96
31472541,38,96
31472698,4967,47
31472730,2268,63
31472852,219,173
31472935,2126,47
31473427,2043,99
31473652,367,173
31473679,325,96
31474155,647,96
31474526,175,173
31474530,6354,62
31474802,490,96
31474890,11357,7
31475073,1994,47
31475294,267,96
31475321,419,173
31475444,428,92
31476160,113,96
31476393,318,96
31476414,840,99
31476548,536,158
31476678,1156,96
31477091,1796,47
31477275,5038,99
31477836,358,96
31478404,521,96
31478815,211,47
31478924,2026,47
31478936,524,158
31479042,202,47
31479075,295,40
31479359,2617,47
31479546,307,40
31479811,18,158
31480032,731,158
31480299,491,32
31480302,148,137
31480451,485,173
31480689,1162,137
31480883,8277,62
31480929,339,188
31480977,118,158
31481002,1821,47
31481121,4,188
31481139,549,158
31481622,1093,32
31481851,7581,137
31481980,3174,47
31482305,11,176
31482789,1076,176
31482838,2029,47
31482932,4078,158
31483610,14968,137
31483689,79,173
31483948,22,24
31484175,792,24
31484200,371,173
31484460,464,176
31484574,18787,2
31484915,2567,47
31484928,512,96
31485069,514,24
31485159,3864,47
31485287,349,173
31485546,325,176
31485864,718,96
31486304,3385,76
31486359,4659,63
31486534,31344,7
31486554,2346,173
31486596,110,96
31486717,6067,169
31486809,426,96
31487248,1564,96
31487493,2568,47
31488181,107,176
31488892,520,96
31489067,4102,47
31489158,7699,62
31489573,72,96
31489622,325,176
31489692,43,96
31489865,626,76
31490071,1830,47
31490316,119,176
31490398,17872,47
31490619,252,76
31491831,305,176
31491858,145,176
31492138,318,176
31494824,15,173
31495912,310,173
31496257,181,173
31496699,3744,47
31496818,17921,47
31496857,3338,62
31497070,425,173
31497876,359,173
31498889,1350,173
31500473,2653,47
31503156,2704,47
31505896,2705,47
31506119,13739,137
31508637,2706,47
31509903,43,73
31510114,13647,137
31510476,105,73
31511393,2705,47
31514096,2696,47
31516854,2684,47
31519545,2637,47
31522228,2696,47
31524930,2679,47
31527611,2670,47
31530291,2680,47
31532973,2683,47
31534131,79,43
31534671,25794,110
31535713,3280,47
31536105,48,43
31536155,53,43
31536211,42,43
31536256,270,43
31536528,214,43
31536745,349,43
31537097,261,43
31537321,800,186
31537401,1806,47
31539235,1800,47
31539371,5613,62
31540021,1887,47
31540081,3059,63
31541073,2397,47
31541370,147,173
31541381,34,173
31541449,11,173
31541856,1636,76
31541922,1863,47
31542129,115,173
31542252,6708,169
31542531,10,173
31542617,44,173
31542641,27,173
31542679,177,173
31542722,79,3
31542886,8,173
31543345,417,186
31543364,127,173
31543375,61,173
31543515,1906,47
31543613,254,76
31543818,1905,47
31544121,41,173
31544981,6344,62
31545076,3183,63
31545242,59,173
31545384,8,173
31545431,1849,47
31545733,1936,47
31545815,81,173
31545898,14,173
31546916,68,173
31547285,2356,47
31547365,25,186
31547460,60,186
31547537,415,186
31547698,1937,47
31548030,2103,64
31548165,26,186
31548447,414,186
31548679,70,173
31549451,667,64
31549478,67,173
31549654,1897,47
31549661,2262,47
31550066,3109,63
31550447,22,173
31550459,6961,169
31550999,26,186
31551091,415,186
31551323,6414,62
31551338,28,173
31551563,1934,47
31552026,291,173
31552232,1871,47
31553489,145,96
31553517,1977,47
31553890,16,173
31554073,6,173
31554125,1842,47
31554852,301,173
31554863,61,173
31555054,269,99
31555245,11,173
31555359,1496,99
31555533,1924,47
31556017,4550,63
31556022,2508,47
31556332,155,3
31556503,38,179
31556699,26,173
31556752,7,179
31556916,572,38
31557006,222,3
31557250,3476,146
31557272,25,173
31557495,1940,47
31557499,162,38
31557736,6714,62
31558325,21,173
31558532,3008,47
31558540,48,96
31558770,843,99
31558818,939,3
31559246,303,173
31559462,1909,47
31559636,11,173
31559656,8,173
31560244,9,173
31560291,93,96
31560301,84,173
31560860,42,3
31561184,47,96
31561420,2218,47
31561467,349,173
31561551,416,96
31561587,1786,47
31561626,16,173
31562089,99,146
31562183,164,137
31562419,689,96
31562607,33,137
31562611,299,173
31562634,43,173
31562703,201,38
31562954,11,173
31562958,12977,63
31563020,14255,137
31563117,56,173
31563186,8,173
31563228,47,173
31563296,5,173
31563306,179,38
31563372,106,173
31563436,42,173
31563561,6386,36
31563676,1929,47
31563713,1696,99
31563720,327,47
31564061,318,47
31564070,25,47
31564095,808,186
31564365,104,173
31564448,6344,62
31564475,10,173
31564489,35,47
31565136,53,173
31565236,12,173
31565631,1875,47
31566072,1442,64
31567244,439,92
31567525,1941,47
31567837,429,92
31568601,473,168
31568936,100,176
31569164,1139,99
31569478,2067,47
31569776,218,96
31570114,59,173
31570122,1319,47
31570237,13441,36
31570477,9,173
31570605,212,99
31570738,1169,96
31570790,7120,62
31570852,119,173
31570947,266,176
31570979,1082,99
31571070,126,73
31571108,13644,137
31571475,1306,47
31571534,158,173
31571554,1943,47
31572236,72,96
31572825,1318,47
31573076,89,96
31573100,829,32
31573175,45,96
31573235,22500,7
31573316,49,173
31573512,2233,47
31573590,53,96
31573852,166,176
31574109,43,96
31574178,10,173
31574182,1306,47
31574718,44,96
31574809,1726,173
31574910,10,173
31575469,137,176
31575527,1320,47
31575573,8,173
31575729,7,173
31575768,2133,47
31576606,61,96
31576877,1310,47
31577905,24,47
31577909,3182,62
31577962,199,47
31578225,1352,47
31578640,10,176
31578651,61,176
31578960,38,176
31579927,35,176
31580533,94,176
31581092,6455,62
31581635,8,173
31581869,17,176
31582011,324,173
31582218,9,173
31582367,6,173
31582491,246,173
31582751,7,173
31582824,309,173
31583109,120,176
31583146,8,173
31583232,603,173
31583609,12,173
31583864,6,173
31583931,512,173
31584481,13724,137
31584521,13115,47
31591139,12180,137
31598043,43,96
31599586,50,96
31606546,19,7
31606955,20,7
31607363,19,7
31607771,24,7
31608181,19,7
31608591,19,7
31609005,21,7
31609422,21,7
31609833,21,7
31610242,21,7
31610651,21,7
31611059,20,7
31611468,20,7
31611876,20,7
31611987,21,176
31612286,19,7
31612695,19,7
31613103,19,7
31613475,21,176
31613512,19,7
31613920,19,7
31614329,19,7
31614674,20,176
31614738,19,7
31615147,20,7
31615201,21,176
31615557,20,7
31615965,19,7
31616121,17,176
31616375,20,7
31616784,20,7
31617113,32,176
31617192,20,7
31620531,80,43
31621396,22080,110
31629530,7554,134
31633499,40,43
31633542,38,43
31633583,40,43
31633627,352,43
31633746,18,7
31633981,226,43
31634161,9486,38
31634167,19,7
31634210,250,43
31634462,445,43
31634582,34,7
31634859,816,99
31635003,19,7
31635414,22,7
31635726,421,186
31635826,21,7
31635999,3663,47
31636237,21,7
31636433,1297,95
31636649,18,7
31636812,590,99
31636962,2468,158
31637043,153,137
31637059,19,7
31637467,19,7
31637593,1872,173
31637878,19,7
31637922,447,99
31638288,20,7
31638518,433,99
31638699,18,7
31639068,410,99
31639109,19,7
31639487,13681,137
31639520,22,7
31639658,2956,47
31639832,11,173
31639865,7,173
31639890,6709,62
31639930,20,7
31639978,416,99
31640343,20,7
31640471,65,99
31640589,512,99
31640757,19,7
31640771,463,92
31640850,1023,32
31641033,1078,173
31641167,20,7
31641575,18,7
31641631,664,99
31641984,21,7
31642127,10,173
31642393,19,7
31642447,825,99
31642644,3120,47
31642749,2254,173
31642802,19,7
31643172,2499,47
31643213,19,7
31643235,457,92
31643617,30,54
31643627,20,7
31644034,19,7
31644046,3926,3
31644069,200,3
31644306,30,54
31644446,19,7
31644478,1046,99
31644548,338,3
31644742,31,54
31644856,18,7
31644998,4336,9
31645220,21,54
31645268,20,7
31645312,117,3
31645673,1959,47
31645678,19,7
31645807,2626,47
31645933,23,54
31646055,326,11
31646062,24,186
31646089,20,7
31646093,658,99
31646130,286,186
31646261,36,54
31646416,18,92
31646499,19,7
31646597,3488,62
31646636,54,54
31646787,8,92
31646835,13403,137
31646836,221,92
31646910,18,7
31647292,816,99
31647297,42,92
31647314,583,186
31647324,17,7
31647642,1898,47
31647733,21,7
31647978,8,92
31648041,4,92
31648097,380,92
31648142,18,7
31648235,21,54
31648441,2992,47
31648486,258,92
31648554,20,7
31648590,498,99
31648751,73,92
31648844,5468,32
31648901,20,54
31648965,19,7
31649223,110,186
31649239,822,99
31649374,18,7
31649549,2007,47
31649614,8034,134
31649786,20,7
31649800,408,92
31649827,363,186
31650199,22,7
31650611,20,7
31650671,996,99
31651021,18,7
31651159,3606,9
31651431,21,7
31651442,2602,47
31651558,14,173
31651565,1867,47
31651848,19,7
31652175,2241,3
31652259,19,7
31652557,10385,38
31652609,37,54
31652669,20,7
31652922,22,54
31653078,19,7
31653467,1947,47
31653487,18,7
31653826,15,54
31653900,20,7
31653904,945,158
31654073,2678,47
31654237,16,54
31654400,85,54
31654543,3564,3
31654576,141,54
31654756,215,54
31654781,478,99
31654976,73,158
31655430,2393,47
31656087,1946,173
31656541,1254,99
31656763,2614,47
31657504,467,158
31657546,705,92
31657871,1042,47
31658049,183,158
31658294,13859,137
31658570,1022,158
31658917,976,47
31659388,2623,47
31659901,1507,47
31660293,4323,134
31662011,2628,47
31663555,13191,47
31663938,1310,47
31664423,740,47
31665241,1661,47
31666920,1316,47
31666958,1312,47
31667057,13082,47
31667588,12636,62
31668265,1343,47
31669205,11,62
31669247,1458,62
31669463,202,80
31669574,1310,47
31669678,624,80
31669986,28836,80
31670947,1339,47
31672254,1324,47
31672499,10097,196
31673563,1303,47
31674935,1308,47
31676181,1306,47
31676743,4676,61
31677490,1319,47
31678838,1319,47
31680131,1315,47
31680210,7692,134
31681455,1317,47
31682807,1317,47
31684073,1324,47
31685422,1299,47
31697740,9910,196
31705371,1300,47
31706931,24,43
31707708,10312,196
31707921,22131,110
31707962,1907,61
31708868,56,43
31708926,45,43
31708974,46,43
31709023,59,43
31709560,1321,47
31709955,1908,186
31710802,6487,61
31710909,1305,47
31712259,1319,47
31712480,48,186
31713610,1400,47
31713620,86,186
31713836,6186,62
31714013,80,54
31714245,610,186
31714377,88,54
31714586,154,54
31714956,220,54
31715024,1457,47
31715400,93,54
31715528,164,54
31715648,269,137
31715702,61,186
31715947,97,54
31716203,169,54
31716340,14587,137
31716497,1377,47
31716521,95,54
31716546,65,186
31716572,63,3
31716945,349,173
31716961,156,54
31717039,13,173
31717261,6525,61
31717403,13537,137
31717824,438,173
31717910,1317,47
31718203,10,173
31718279,4146,9
31718408,10,173
31718823,63,186
31719150,10,173
31719260,1333,47
31720234,442,173
31720592,164,54
31720615,1406,47
31720873,1635,96
31720886,2208,99
31720924,1433,3
31721100,111,186
31721690,11,173
31721887,469,3
31721986,1155,158
31722027,1338,47
31722422,300,3
31722631,267,173
31722907,211,3
31723101,1034,99
31723134,450,3
31723370,16,173
31723384,1330,47
31723557,10979,64
31723572,246,173
31723764,3208,61
31723816,9,173
31724007,63,186
31724150,3095,99
31724300,405,186
31724736,1322,47
31725818,1102,3
31726016,10670,38
31726084,1485,134
31726089,1324,47
31726960,4476,61
31727310,247,99
31727441,1318,47
31728613,919,99
31728791,1329,47
31728795,2072,58
31728826,980,1
31730009,2551,3
31730143,1304,47
31730153,10571,61
31731012,123,137
31731375,3819,61
31731496,1318,47
31731623,715,63
31731692,808,99
31731779,14018,137
31732189,1102,63
31732287,554,92
31732577,1092,99
31732642,1094,1
31732850,1626,47
31733855,1394,99
31734045,103,54
31734063,782,3
31734388,146,54
31734506,1986,47
31734705,243,54
31734944,6521,58
31735013,390,54
31735130,4637,61
31735357,1367,99
31735613,1856,3
31735689,11,38
31735887,374,54
31736455,70,158
31736466,327,54
31736529,1444,47
31736564,4581,63
31736880,210,54
31737001,1069,99
31737270,11,171
31737389,120,171
31737418,39,54
31737515,690,54
31738004,1316,47
31739356,1319,47
31739664,4118,61
31739751,178,191
31740683,1395,47
31740838,447,191
31741608,3707,63
31742013,3227,58
31742097,182,191
31742194,9780,47
31742206,1338,47
31742496,437,191
31743557,1336,47
31743729,4994,61
31744321,1397,62
31744743,226,191
31744910,1358,47
31745246,362,191
31745404,906,15
31746276,2128,47
31746304,2110,162
31748412,1354,47
31748658,3779,61
31749772,1352,47
31750964,4048,162
31751132,2104,47
31751564,21,7
31751973,334,7
31752272,335,54
31752703,22434,7
31753433,11822,47
31753945,29,54
31754196,31,54
31754213,32,54
31758264,9473,61
31760673,353,54
31762225,10001,196
31762432,237,54
31762733,10258,38
31763948,12617,62
31764126,3355,63
31766909,11845,47
31767187,4389,58
31768108,5849,63
31775186,21,7
31775597,20,7
31776009,20,7
31776421,22,7
31776565,12625,62
31776834,27,7
31777262,25,7
31777681,19,7
31778104,20,7
31778517,19,7
31778571,9339,61
31778783,11739,47
31778927,20,7
31779342,21,7
31779761,21,7
31780181,23,7
31780600,20,7
31781011,20,7
31781425,20,7
31781859,24,7
31782275,21,7
31782694,23,7
31783105,21,7
31783514,19,7
31783923,18,7
31784334,22,7
31784745,19,7
31785154,19,7
31785563,18,7
31785971,19,7
31786380,19,7
31786789,19,7
31787197,19,7
31787606,19,7
31788015,19,7
31788424,18,7
31788833,18,7
31789191,369,62
31789242,19,7
31789650,19,7
31790059,20,7
31790468,20,7
31790877,19,7
31791286,18,7
31791694,19,7
31792103,20,7
31792512,19,7
31792921,18,7
31793330,19,7
31793335,64,43
31793739,20,7
31794148,18,7
31794407,9949,196
31794456,31,196
31794486,9386,61
31794557,19,7
31794965,19,7
31795294,40,43
31795336,42,43
31795374,18,7
31795380,35,43
31795783,19,7
31796192,17,7
31796600,19,7
31797009,19,7
31797417,20,7
31797826,19,7
31798010,41,54
31798241,18,7
31798387,267,54
31798650,27,7
31798815,30,54
31799059,19,7
31799467,19,7
31799880,19,7
31800289,19,7
31800697,18,7
31801105,19,7
31801367,2459,54
31801515,19,7
31801924,19,7
31802333,20,7
31802742,20,7
31803151,21,7
31803560,19,7
31803727,3767,54
31803969,18,7
31804313,10110,196
31804380,19,7
31804626,122,173
31804788,19,7
31805197,18,7
31805257,122,173
31805303,8,173
31805606,19,7
31805663,123,173
31806015,20,7
31806424,19,7
31806572,147,173
31806583,60,173
31806834,19,7
31806872,146,112
31807242,19,7
31807491,127,112
31807575,9463,61
31807652,20,7
31808061,19,7
31808469,19,7
31808879,20,7
31809287,19,7
31809697,18,7
31809734,13,112
31809844,11,112
31810033,10,112
31810107,20,7
31810126,10,112
31810187,10,112
31810250,13,112
31810298,10,112
31810448,10,112
31810515,18,7
31810811,103,38
31810898,204,47
31810923,19,7
31810937,102647,38
31811245,2692,47
31811287,45,47
31811332,20,7
31811365,193,47
31811565,9460,61
31811640,65,47
31811741,21,7
31811761,47,47
31811766,18,112
31811780,266,173
31811857,44,47
31811932,29,47
31811969,39,47
31811982,15,112
31812014,44,47
31812145,14,112
31812149,269,173
31812154,19,7
31812418,9760,196
31812563,19,7
31812769,153,173
31812924,12,112
31812970,10,112
31812972,18,7
31813046,10,112
31813053,9,112
31813102,10,112
31813381,19,7
31813411,10,112
31813485,9,112
31813510,9,112
31813791,19,7
31813927,2632,47
31814200,20,7
31814608,19,7
31815017,19,7
31815317,14,112
31815426,20,7
31815437,10,112
31815627,15,112
31815677,11,112
31815835,19,7
31815895,11,112
31815995,12,112
31816001,33,112
31816042,12,112
31816126,12,112
31816235,11,112
31816243,19,7
31816488,11,112
31816611,6587,47
31816652,19,7
31816715,19,112
31817062,20,7
31817152,102692,47
31817470,19,7
31817879,19,7
31818290,20,7
31818699,20,7
31819108,18,7
31819518,20,7
31819926,18,7
31820334,20,7
31820744,19,7
31821154,19,7
31821562,19,7
31821651,8873,63
31821972,18,7
31822380,18,7
31822789,19,7
31823198,19,7
31823627,18,7
31824036,19,7
31824183,10153,196
31824257,60,196
31824396,20,54
31824445,19,7
31824479,30,54
31824670,5,112
31824783,169,54
31824853,20,7
31825016,140,54
31825263,19,7
31825672,19,7
31825784,93,54
31825922,67,54
31826081,20,7
31826204,235,54
31826489,22,7
31826507,140,54
31826899,19,7
31827031,427,54
31827046,90,54
31827168,66,54
31827308,20,7
31827717,29,7
31827734,67,54
31827872,68,54
31828007,73,54
31828116,91552,7
31828898,3693,54
31834819,2359,63
31837923,2411,63
31838456,27,112
31838646,23,112
31839214,15,112
31839294,18,62
31839380,16,112
31839704,3889,47
31840418,13,112
31840526,16,112
31840672,13,112
31840905,17,112
31841081,12,112
31841161,15,112
31841261,10,112
31842304,453,112
31842518,137,54
31842758,17,112
31842843,65,54
31842850,11,112
31842980,66,54
31843055,11,112
31843077,69,54
31843167,64,54
31843264,17,54
31843447,68,54
31843463,25,112
31843539,66,54
31843632,65,54
31843785,25,112
31844041,24,112
31844366,17,112
31844501,16,112
31844583,12,112
31844697,13,112
31844794,17,112
31844839,13,112
31844990,14,112
31845971,18,196
31845981,18,112
31846031,16,112
31846091,12,112
31846423,19,112
31846470,16,112
31846535,17,112
31846633,20,112
31846787,17,112
31846830,16,112
31846901,17,112
31847039,19,112
31847133,4,112
31847175,3,112
31848308,14,112
31848346,10,112
31848433,15,112
31848489,15,112
31848714,13,112
31848721,26,112
31848759,12,112
31848877,13,112
31849011,15,112
31849121,14,112
31850599,5,112
31850661,11,112
31850845,9,112
31850968,9,112
31851093,9,112
31851246,9,112
31851354,13,112
31851756,11,112
31851854,14,112
31852201,11,112
31852608,9,112
31852654,6,112
31852710,8,112
31853105,10,112
31853127,7,112
31853375,29,112
31853596,10,112
31853694,9,112
31853819,12,112
31853900,13,112
31854095,15,112
31854146,14,112
31854237,14,112
31854340,14,112
31854372,10,112
31854515,12,112
31854592,14,112
31854661,11,112
31854728,21,112
31879731,38108,43
31884687,12620,62
31904875,1739,63
31907473,1851,63
31910024,1266,63
31911976,703,96
31913295,774,96
31914881,4903,63
31915080,1157,96
31919847,3884,47
31923872,1930,47
31924303,127,54
31925828,1937,47
31926578,8,1
31926703,49,1
31927450,63,1
31927785,1958,47
31927822,1506,1
31927901,9668,196
31929362,9351,61
31929435,61,61
31929728,1498,1
31929746,1941,47
31931701,1953,47
31931869,14370,1
31933658,1944,47
31935614,1931,47
31937541,12647,62
31937555,10020,196
31937571,1948,47
31938716,9427,61
31939526,1947,47
31941481,2013,47
31942550,61,80
31943228,62,80
31943498,3030,47
31943691,24,80
31944479,154,80
31944722,1285,80
31945258,41745,80
31946551,3784,47
31947542,9706,196
31948143,9435,61
31948215,61,61
31950190,12590,62
31950318,3739,47
31954099,3809,47
31957249,9986,196
31957581,9328,61
31957905,3777,47
31961677,3788,47
31962782,3182,62
31965509,3989,47
31966130,62,43
31966908,9389,61
31968091,40,43
31968134,60,43
31968197,40,43
31968241,205,43
31968449,221,43
31968672,456,43
31969130,271,43
31969523,1962,47
31971363,111,173
31971493,265,173
31971539,1961,47
31972645,2517,196
31972810,409,15
31973369,16,15
31973555,1976,47
31973559,1776,15
31974032,317,173
31974248,496,15
31974956,1480,7
31975566,11,15
31975571,1924,47
31975612,3890,15
31976349,9366,61
31976469,7,15
31976478,7,15
31976487,7,15
31976496,9,15
31976505,56,15
31976571,1760,7
31977457,9536,15
31977525,1976,47
31978364,9730,15
31978591,1732,7
31978621,10387,38
31978997,363,173
31979168,3492,62
31979514,14,173
31979541,1955,47
31979580,10,173
31979642,154,173
31979653,52,173
31980042,363,15
31980596,15,173
31980781,8,15
31980905,15,173
31981845,2438,196
31981882,1960,47
31982445,407,173
31982577,12343,47
31982659,4836,62
31982917,534,173
31983269,1149,15
31983851,1941,47
31984418,364,15
31984650,2391,196
31985052,758,15
31985665,9359,61
31985788,15,12
31985806,2003,47
31985810,219,12
31985815,1744,15
31986628,132,12
31987021,69,196
31987090,677,196
31987094,673,173
31987495,4729,62
31987831,1950,47
31987854,477,173
31987902,9516,15
31988082,41,173
31989290,262,196
31989342,671,173
31989485,1512,15
31989789,293,47
31990136,451,196
31990202,1736,47
31990427,21,47
31990448,705,80
31990825,503,196
31990924,230,15
31990979,1136,173
31991185,828,15
31991319,3403,80
31991590,8866,63
31991776,5950,80
31991979,1435,47
31992223,3342,62
31992558,13,12
31992575,68,12
31992596,6,12
31992655,76,173
31992697,494,12
31992739,6,12
31992842,102,12
31992923,346,15
31993229,179,12
31993415,253,12
31993454,1533,47
31993483,19,173
31993722,159,12
31993735,8,12
31993745,154,12
31993982,659,38
31994004,8,12
31994009,20,173
31994074,21028,15
31994133,253,12
31994392,249,12
31994984,1321,47
31995443,955,11
31995564,3344,62
31996333,1767,47
31996526,500,196
31996631,7876,58
31996671,214,15
31997611,473,196
31997635,9431,15
31998107,1632,47
31998593,503,196
31998907,3231,62
31999757,1366,47
32000658,20,173
32001016,1119,196
32001166,2368,47
32001218,25,173
32001963,21,173
32002032,13,173
32002042,38,173
32002136,3241,62
32002184,179,196
32002194,25,196
32002375,370,196
32002549,21,173
32002803,4336,196
32003546,2581,47
32003791,28758,80
32004363,20,173
32004543,2491,58
32005191,879,11
32005376,3382,62
32005419,9352,61
32005599,21,173
32006109,2000,47
32006640,22,173
32007129,4154,196
32007151,9466,15
32007272,7629,11
32007499,19,173
32008079,19,173
32008126,2490,47
32008757,3393,62
32010628,1413,47
32011641,10012,196
32012038,2736,47
32012150,3825,62
32013713,19,173
32013889,169,36
32014339,22,173
32014816,9381,61
32014950,22,173
32015017,12,173
32015082,106,22
32015360,861,22
32016047,21,173
32016455,20,173
32016587,21194,15
32017152,21,173
32017366,61,173
32017618,13,173
32017795,45,173
32018271,68,173
32021591,9841,196
32024147,9363,61
32031434,10220,196
32031509,56,196
32033518,9360,61
32037786,9533,15
32041656,9781,196
32042876,9366,61
32045444,9,176
32045499,15,176
32045889,20,176
32046299,14,176
32046887,15,176
32047256,9644,15
32051066,7032,196
32051439,5985,196
32052243,545,61
32052531,90,43
32054528,64,43
32054595,46,43
32054645,42,43
32054690,333,43
32055026,382,43
32055267,820,186
32055411,389,43
32055802,272,43
32056790,9480,15
32056890,103,15
32056903,586,15
32057182,1882,47
32057353,171,36
32057660,414,186
32057996,4718,15
32058268,3192,62
32058287,9498,61
32058658,39,173
32059077,2275,47
32059256,44,173
32060738,45,173
32060782,40,173
32061292,49,173
32061341,2521,47
32061425,39,173
32061437,20,173
32061450,6274,196
32061456,3686,62
32061462,66,196
32061463,860,99
32061678,747,186
32062034,74,173
32062229,535,5
32062873,50,173
32062899,629,15
32063181,67,1
32063361,17,1
32063401,1031,63
32063616,4929,15
32063622,64,1
32063800,52,173
32063910,2719,47
32064104,1331,99
32064469,855,186
32064807,65,173
32064923,5204,63
32065141,3239,62
32065274,45,1
32065622,45,173
32066122,488,30
32066164,31,173
32066295,444,186
32066606,9443,15
32066658,2963,47
32066786,45,173
32067009,433,30
32067122,51,173
32067133,41,173
32067326,42,173
32067460,7230,162
32067495,40,173
32067660,631,30
32067717,6428,196
32067724,9347,61
32067983,789,3
32068125,70,1
32068170,44,173
32068183,35,173
32068378,3182,62
32068909,17,173
32069400,4746,58
32069650,2524,47
32070242,18,173
32070666,3818,80
32070753,51,173
32071465,104,173
32071557,3404,62
32071897,4716,47
32072171,93,173
32072214,2037,47
32072467,14,62
32072498,67,62
32072666,7,36
32073345,135,173
32073554,111,173
32074006,416,83
32074139,6722,196
32074148,94,173
32074159,59,196
32074294,2169,47
32074421,662,83
32074833,3635,162
32074955,3622,62
32074993,54,38
32075070,91,173
32075082,1134,83
32075701,138,173
32075712,456,92
32076096,9489,15
32076308,36,92
32076443,68,173
32076490,2311,47
32076509,450,92
32076837,8,173
32076867,71,173
32077102,3658,61
32077174,468,80
32077415,149,173
32077554,6,36
32077610,64,173
32078233,147,173
32078387,25797,110
32078398,159,173
32078562,1559,63
32078576,3237,62
32078580,463,92
32078622,120,173
32078628,43,173
32078671,81,179
32078809,2471,47
32078855,44199,80
32079025,7032,3
32079029,7223,179
32079133,97,173
32079523,95,173
32080103,60,173
32080261,52,173
32080460,8720,162
32080798,6026,196
32081004,25,188
32081311,3814,47
32081811,3179,62
32082051,9381,61
32082731,1365,99
32083596,105,173
32084319,47,173
32084375,5661,63
32084558,34,173
32084639,221,173
32084988,3286,62
32085030,197,173
32085150,1890,47
32085501,138,173
32085548,975,15
32085974,9634,58
32086055,5522,158
32086535,3599,99
32086621,7,173
32086675,348,173
32087067,1326,47
32088029,7249,179
32088272,10326,62
32088418,1315,47
32089768,1336,47
32090047,4661,63
32090971,128,173
32091075,28,173
32091117,1511,47
32091129,442,173
32091195,390,173
32091653,443,173
32091657,10189,61
32092650,1328,47
32094003,1317,47
32095039,59,15
32095357,1310,47
32096707,1344,47
32098727,303,173
32098920,105,173
32099275,943,173
32099663,116,173
32099804,99,173
32099944,300,173
32100285,210,173
32100592,114,173
32100599,49,173
32101576,105,173
32101832,9382,61
32103144,1959,63
32106079,7097,58
32106656,12959,63
32111170,1654,61
32111760,9221,47
32113203,20,176
32113235,7747,58
32113599,16,176
32113895,15,176
32114299,18,176
32114545,17,176
32115162,19,176
32115817,20,176
32116161,19,176
32116634,20,176
32117076,24,176
32117496,33,176
32118819,29,176
32119960,21,176
32121044,210,47
32121254,60,47
32123690,17,176
32124905,16,176
32125497,25,176
32126423,16,176
32126436,64,176
32127106,15,176
32127415,18,176
32129326,16,176
32129943,17,176
32130138,12,176
32130663,15,176
32131344,17,176
32131984,15,176
32133237,15,176
32133756,16,176
32134978,756,176
32135029,15,176
32135246,9330,61
32135543,15,176
32138931,13,43
32143288,419,15
32144516,4029,61
32146629,1697,162
32147275,11221,15
32147490,11041,22
32148042,188,179
32148252,23,1
32153758,9355,61
32156318,2624,196
32158640,36,15
32158696,36,15
32158735,36,15
32158759,65,15
32158832,41,15
32158837,158,61
32158870,37,15
32158914,36,15
32158952,43,15
32158991,38,15
32159036,37,15
32159075,44,15
32159112,715,61
32159115,36,15
32159159,35,15
32159197,44,15
32159234,36,15
32159280,37,15
32159302,504,99
32159318,43,15
32159357,35,15
32159402,49,15
32159439,48,15
32159491,50,15
32159540,68,15
32159592,60,15
32159653,62,15
32159722,42,15
32159783,44,15
32159827,36,15
32159873,35,15
32159910,40,15
32159947,36,15
32159989,44,15
32160028,46,15
32160074,36,15
32160089,945,9
32160121,37,15
32160159,41,15
32160197,36,15
32160240,35,15
32160278,43,15
32160316,37,15
32160360,40,15
32160399,39,15
32160440,36,15
32160481,36,15
32160519,41,15
32160557,36,15
32160818,367,15
32160839,421,149
32160852,355,15
32161185,4831,196
32161322,24,92
32161428,63,92
32161488,102,1
32161600,5,149
32161671,90,149
32161683,1725,9
32161709,9582,15
32161718,9512,15
32161788,3491,15
32161985,102,92
32162037,66,173
32162126,6,92
32162165,4,92
32162192,72389,149
32162453,66,173
32162640,974,30
32162656,63,173
32162667,53,173
32163271,49,92
32163338,2415,92
32163949,29,96
32163972,8250,9
32164074,786,96
32164247,1492,30
32164355,7917,158
32164649,209,63
32164978,4186,75
32165503,3008,63
32165627,33968,149
32165842,677,99
32165871,5107,196
32166138,168,30
32166458,701,5
32166464,49,92
32166849,1409,92
32167429,2565,5
32167657,69,173
32167668,59,173
32167959,9482,61
32168103,490,30
32168232,1021,47
32168325,1291,47
32168726,1270,92
32168886,3053,3
32169278,1208,47
32169298,234,30
32169724,10401,36
32170289,392,30
32170295,739,92
32170507,1099,47
32170913,5409,196
32171263,309,30
32171283,936,61
32171303,9510,15
32171366,3251,92
32171619,1137,47
32171695,81,30
32172175,401,99
32172512,65,30
32172525,52,30
32172687,3083,179
32172789,1579,47
32173146,6407,63
32173284,1035,99
32173288,3188,61
32173317,1745,26
32173424,9292,58
32173673,296,30
32174254,1076,6
32174417,1783,47
32174560,56,179
32174685,1509,99
32174731,3025,5
32174747,13,12
32174764,1692,12
32174902,19,92
32175041,3295,179
32175186,582,30
32175610,126,92
32176254,1036,47
32176261,4820,196
32176694,1228,47
32177033,255,30
32177304,1008,47
32177427,9411,61
32177478,82,92
32177793,494,179
32177844,519,30
32178105,514,92
32178353,973,47
32178650,122,30
32178802,123,92
32179138,4267,179
32179339,1879,47
32179360,4576,179
32180818,9461,15
32181018,4993,196
32181233,1673,47
32182943,970,47
32183927,31,47
32186011,12022,196
32186857,9382,61
32186941,12595,62
32187420,134,92
32187974,218,92
32188408,17,92
32188792,189,92
32189076,61,92
32189201,39,92
32189935,1686,92
32191687,124,92
32191992,13233,47
32192016,2465,9
32194184,14940,63
32194645,16940,9
32196213,9392,61
32197973,11208,196
32198048,73,196
32199512,682,96
32200207,3193,96
32204856,3887,96
32205214,13082,47
32205611,9386,61
32209183,10631,196
32209257,59,196
32211525,9524,15
32215000,9502,61
32215073,59,61
32216263,1878,92
32217390,835,92
32218470,186,92
32219396,304,92
32219759,129,92
32220322,288,92
32220408,5115,196
32220991,9794,15
32221584,223,92
32222623,337,92
32223672,5505,196
32224495,939,92
32224502,9454,61
32225260,39,92
32225332,67,43
32226199,22,92
32226564,536,92
32227304,51,43
32227357,49,43
32227409,43,43
32227454,462,43
32227919,480,43
32228402,480,43
32228885,451,43
32229038,68,15
32229108,426,15
32229259,6437,15
32230404,13707,5
32230515,14905,15
32231255,170,30
32231752,234,30
32231801,293,92
32232109,507,92
32232512,5407,22
32232700,4567,196
32232757,65,173
32232823,46,173
32232868,57,173
32233023,2628,63
32233235,2599,179
32233324,113,173
32233361,769,92
32233607,117,173
32233959,11482,61
32234030,24,61
32234100,692,30
32234119,160,173
32234365,111,173
32234451,9896,149
32234478,30,149
32234810,74,30
32234917,209,173
32235311,83,173
32235488,81,173
32235632,11284,63
32235652,79,173
32235676,1783,92
32235784,10559,149
32236001,6628,179
32236132,106,173
32236238,2670,15
32236583,15899,154
32236957,462,30
32236991,8446,36
32237178,335,173
32237202,8357,196
32237328,831,92
32237629,641,22
32237800,6490,38
32238032,520,173
32238107,148,22
32238604,364,30
32238709,360,173
32239316,1055,30
32239565,2678,99
32240272,614,96
32240566,1692,26
32241167,3635,96
32241440,3638,30
32241780,790,173
32242271,3526,47
32242516,4509,63
32245479,9932,196
32245558,783,30
32246040,1705,26
32246186,943,99
32246350,338,30
32246735,8634,15
32247157,238,30
32247189,75,95
32247272,10,63
32247288,265,95
32247352,8128,63
32247614,7617,5
32247733,301,95
32247740,313,30
32247975,7550,22
32247996,7310,36
32248010,7515,22
32248200,7281,6
32248227,7252,179
32248330,14,6
32249544,333,30
32249691,4000,6
32251207,2991,63
32255654,4248,6
32255992,1964,38
32256278,8747,5
32256508,1209,5
32256677,9386,61
32256826,499,30
32256852,5798,58
32257024,11582,38
32257035,1349,47
32257064,515,179
32257204,2823,99
32257229,4947,3
32257423,99,80
32257493,191,30
32257927,2727,15
32257974,3922,179
32258002,712,179
32258390,2438,47
32258480,3859,63
32258525,10932,36
32258843,3563,179
32259593,471,30
32259654,244,6
32259830,35,80
32259859,3276,71
32260141,478,80
32260330,403,30
32260845,2726,47
32261294,2302,15
32261518,248,30
32261575,5775,26
32261758,161,80
32262093,30,179
32262559,1040,63
32262659,871,179
32262805,22260,36
32263164,3885,71
32263596,1943,47
32264199,34,80
32265495,14759,80
32265550,976,47
32265613,9673,38
32265646,105,38
32266003,9301,61
32266537,985,47
32266577,7094,63
32267524,1526,47
32267907,3353,62
32269054,1890,47
32271733,1460,9
32272600,13019,47
32273434,2914,9
32274890,4342,63
32275304,9380,61
32275717,9681,196
32277153,4792,58
32281965,6513,58
32282680,42170,146
32283129,15409,146
32283525,9056,9
32284631,3112,80
32285338,9244,196
32285618,13173,47
32287758,725,80
32288725,32,80
32289428,24,80
32289613,47834,80
32294359,289,61
32294577,9510,196
32294959,7559,9
32298800,13195,47
32304092,9143,196
32308678,53,176
32308873,9759,61
32309706,53,176
32311731,171,43
32312066,4373,146
32313291,9814,196
32313778,65,43
32313846,929,43
32317424,6517,36
32317640,2285,63
32317711,6978,7
32318571,9607,61
32318916,947,15
32319266,1416,5
32319315,14319,5
32319385,239,30
32319399,115,1
32319791,3785,71
32320233,9917,179
32320751,301,1
32321020,1590,158
32321378,433,1
32321388,884,92
32321483,222,173
32322216,701,15
32322429,1846,62
32322651,465,1
32322923,921,92
32323882,4011,26
32323959,5934,36
32323966,195,26
32324185,940,92
32324265,817,15
32324558,955,22
32324583,921,26
32324611,221,173
32324849,600,22
32324952,1913,7
32324982,259,173
32325429,160,173
32325444,237,92
32325680,148,173
32325757,902,47
32325776,4537,99
32325872,1265,47
32325888,1185,15
32326163,5780,58
32326243,9,30
32326295,247,30
32326366,1493,188
32326507,4240,26
32326738,21182,15
32326977,148,92
32327203,609,26
32327334,6231,71
32327521,168,173
32327579,15,80
32328171,6438,7
32328214,9363,61
32328397,12513,38
32329113,12,38
32329179,29,1
32329205,135,92
32329210,692,38
32329307,1821,188
32329384,445,92
32329911,519,92
32329935,5174,36
32330302,29,80
32330648,384,1
32331185,758,5
32331568,1350,15
32331577,483,1
32331591,2023,63
32331960,319,26
32331988,8557,58
32332110,450,5
32332155,3934,43
32332398,6998,7
32332846,1314,99
32333363,207,188
32333589,6,188
32333677,335,26
32333784,3732,63
32333875,6,188
32333984,310,10
32333992,46,188
32334069,39,188
32334185,3857,26
32334289,4,188
32334377,4,188
32334448,1621,188
32334559,92,10
32334999,3346,26
32335291,3941,36
32335400,9015,7
32335535,1902,10
32336685,748,10
32336703,14157,5
32336808,306,30
32337348,3536,71
32337444,72,10
32338050,1404,188
32338347,410,30
32338830,79,135
32339453,188,30
32339710,1822,11
32340195,16,135
32340266,162,135
32340997,707,99
32341030,84,173
32341259,83,173
32341411,159,173
32341414,4292,71
32341419,60,173
32341669,157,173
32341893,155,173
32341914,577,61
32341936,620,99
32342600,690,99
32342639,2680,11
32342798,6291,10
32342850,1286,162
32343171,124,30
32344180,9429,61
32344735,4183,80
32345257,3618,58
32345627,237,134
32345883,3035,134
32345897,5205,71
32345956,6983,11
32346023,157,173
32346049,465,1
32346226,157,173
32346232,45,173
32346389,205,30
32346918,74,63
32347128,148,30
32347216,189,173
32347295,1719,134
32347418,1457,63
32347560,335,30
32347712,454,173
32347831,1023,80
32347845,2788,26
32347948,22470,7
32348342,235,30
32348783,434,173
32348921,1742,63
32349243,3761,80
32349323,2853,162
32350418,433,173
32350828,1590,63
32350839,22,63
32350915,429,173
32351278,4061,71
32351386,5212,7
32351453,551,173
32352481,1951,47
32352554,1830,63
32353549,1606,61
32360919,14076,146
32360925,9528,61
32364081,1406,63
32366581,9239,196
32368198,271,63
32368969,244,63
32369696,241,63
32370425,152,63
32371147,3409,63
32375820,9561,196
32375894,60,196
32377529,1709,63
32378837,9375,61
32379108,1756,63
32380973,4451,63
32381079,113,63
32385382,9219,196
32388213,9471,61
32388737,45,135
32388912,28,135
32389034,53,135
32389120,456,135
32389633,29,135
32394990,433,92
32395956,446,92
32396595,449,92
32397684,9469,61
32398131,93,43
32399056,9542,196
32399130,59,196
32400125,45,43
32400173,45,43
32400220,62,43
32401662,11346,7
32402070,32,113
32403814,31,113
32406679,26,113
32407155,8644,61
32408600,1688,196
32408673,27,196
32408690,39,62
32409115,189,173
32410786,28,113
32410989,212,173
32410999,60,173
32411669,213,173
32412885,191,173
32413293,11338,7
32413823,190,173
32415745,188,173
32417029,9645,7
32417197,9477,36
32418032,1243,36
32419246,9436,61
32422924,42,38
32423819,195,38
32423868,77,62
32424008,1725,62
32424028,31,38
32424653,83,62
32424926,11344,7
32428652,9513,61
32436556,22479,7
32438165,9382,61
32438416,32,113
32440716,45,113
32443739,42,113
32445066,42,113
32446551,69,113
32446771,134,113
32447547,3751,61
32448021,13,113
32448798,136,113
32450087,132,113
32456756,7343,61
32456915,12766,63
32459042,22426,7
32462034,12,38
32481514,11336,7
32483458,18,113
32484531,71,43
32486146,69,113
32486470,48,43
32486520,43,43
32489468,9368,61
32492980,11382,7
32493369,17,113
32495900,202,113
32498777,9908,61
32499820,444,113
32501686,25,74
32503522,51,74
32503966,191,173
32503977,60,173
32504362,1712,113
32504611,12321,7
32505053,192,173
32505673,123,74
32507277,1592,11
32507458,552,74
32508686,9412,61
32508757,61,61
32509490,599,113
32511429,323,113
32514873,988,113
32514947,60,74
32515083,564,74
32516073,301,74
32516609,4608,11
32517095,12377,7
32517676,909,22
32518099,9425,61
32519515,679,74
32520250,555,74
32520540,164,113
32520908,2201,11
32521859,657,11
32522772,5199,11
32524146,165,113
32526033,3607,71
32527524,9394,61
32529583,23500,7
32531506,11850,38
32531637,22240,36
32531823,123,38
32536918,9475,61
32544350,713,80
32545462,30276,80
32553317,19564,7
32558246,9383,61
32562163,19,176
32562454,90,176
32562612,679,176
32563735,829,176
32565872,34,176
32565913,381,176
32567040,389,176
32567631,9350,61
32569222,399,176
32570931,41,43
32571602,3731,71
32572901,226,43
32573005,1500,7
32573131,301,43
32573435,357,43
32573795,271,43
32574559,5823,7
32575896,732,15
32576994,9604,61
32577716,6888,11
32578034,19018,146
32578472,7673,5
32578763,13819,137
32578886,82,137
32580481,1435,36
32581669,24298,179
32582091,2954,15
32582193,124,36
32582348,274,36
32582629,2459,36
32582783,143,62
32582869,19,92
32583466,240,92
32583532,9361,38
32583892,128,92
32584599,260,92
32584872,430,92
32584957,467,38
32585045,8649,36
32585094,397,30
32585292,22,96
32585396,77,15
32585403,9385,38
32585662,3254,96
32585783,458,92
32586064,239,30
32586613,9323,61
32586647,2839,58
32586817,25,74
32586845,2192,61
32587842,5594,15
32587992,173,30
32588144,1077,92
32588294,115,10
32588560,141,10
32589541,6359,58
32589767,5672,96
32589992,7575,7
32591617,417,134
32591738,4116,22
32591955,10028,36
32592244,35,173
32593074,51,173
32593788,69,36
32593874,6,173
32593962,43,173
32593985,453,92
32594038,8,173
32594251,7,173
32594353,695,15
32594686,39,173
32594695,5741,36
32594799,1161,173
32595046,434,92
32595477,59,173
32595884,717,15
32596201,1476,32
32596598,30,92
32596702,138,173
32596790,334,92
32596886,76,173
32596987,5703,5
32596994,160,173
32597159,287,92
32597209,762,173
32597734,43,135
32597825,464,92
32598274,359,92
32598522,292,135
32598799,1564,9
32598976,2613,96
32599167,481,92
32599251,785,173
32599455,56,7
32599472,598,15
32599564,171,76
32599580,24,7
32599727,268,135
32599803,20,7
32599872,24,7
32599940,31,7
32600007,27,7
32600073,13,173
32600078,12,7
32600146,12,7
32600181,767,173
32600193,21,173
32600214,14,7
32600282,12,7
32600349,13,7
32600420,16,7
32600482,3319,36
32600652,3309,15
32600667,217,137
32601016,212,135
32601200,3972,137
32601415,1314,134
32601542,3152,11
32601754,17378,137
32602617,5743,96
32602705,17,7
32603075,2240,7
32603311,3112,5
32604193,201,135
32604319,5662,71
32604551,3780,7
32605450,358,30
32605619,845,7
32605669,297,135
32605779,1933,162
32605876,302,135
32606716,624,7
32607243,211,158
32607452,454,7
32607571,267,30
32608189,635,7
32608221,29,135
32608358,361,36
32608407,43,96
32608465,6678,96
32608529,164,135
32608716,239,7
32608725,461,92
32608921,916,7
32609148,4356,36
32609311,164,135
32609543,353,30
32609768,9424,61
32610108,3650,188
32610129,3021,7
32610349,157,135
32610529,250,74
32610544,65,188
32610682,11,173
32610977,170,135
32611180,393,173
32611362,538,173
32611959,46,74
32611978,523,173
32611991,10,173
32612557,395,173
32612668,157,135
32613010,10,173
32613390,2222,7
32613469,172,135
32613524,570,36
32614184,509,36
32614740,140,135
32614760,1205,36
32614768,65,36
32615261,5790,96
32615350,145,135
32615421,14,74
32615925,52,7
32615982,21186,15
32616153,158,135
32616295,5466,7
32616597,187,135
32617294,17,74
32617302,174,135
32618028,118,74
32619010,262,74
32619964,155,135
32621056,7360,62
32621350,138,135
32621640,130,135
32623115,673,135
32627831,4452,36
32628222,439,92
32629425,432,92
32629935,415,92
32630691,418,92
32631127,4053,92
32634837,12,38
32637168,21169,15
32645930,945,61
32648188,434,92
32649412,436,92
32650006,4211,92
32655786,9337,61
32656782,2405,71
32657331,117,43
32659308,54,43
32659342,4527,71
32659365,42,43
32659409,42,43
32659454,337,43
32659794,294,43
32660090,268,43
32660360,283,43
32661251,390,36
32661664,5495,36
32662233,2113,36
32663047,3262,158
32663466,3881,5
32664376,6342,71
32664595,358,173
32665080,9470,61
32665134,20,61
32665142,1105,7
32665216,1667,158
32665266,16,137
32665369,150,137
32665391,3048,36
32665686,549,173
32665756,1149,173
32666029,16735,137
32666247,440,15
32666263,1847,92
32666323,410,30
32666383,2500,11
32666600,3192,7
32666601,71,15
32666695,14,173
32667225,3702,36
32667231,3298,15
32667232,21,36
32667246,1165,173
32667376,4513,5
32668445,571,30
32668455,2871,36
32668471,305,134
32668503,590,188
32668831,694,26
32668887,406,173
32669287,2887,188
32669451,6113,38
32669560,11312,26
32669893,231,30
32670162,718,11
32670251,3082,7
32670450,314,30
32670918,5799,96
32670964,11238,36
32671282,953,188
32671376,2712,36
32671601,376,30
32672104,3001,58
32672393,6878,71
32673038,728,38
32673098,800,173
32673112,412,30
32673507,3081,7
32673557,639,11
32673999,15,173
32674066,1374,134
32674298,3449,36
32674339,468,30
32674540,9342,61
32675073,4596,188
32675126,601,173
32675263,3247,158
32675573,205,30
32675753,14,173
32676475,885,61
32676512,11321,9
32676628,360,173
32676772,101,7
32677018,14,173
32677073,4036,7
32677948,2446,36
32679092,377,5
32679473,3067,5
32679520,444,173
32680507,2298,36
32680575,6802,188
32681418,2818,7
32681682,5412,71
32681883,19,173
32682541,108,30
32682689,15123,5
32682794,527,36
32682882,11219,36
32683077,373,36
32683342,815,173
32683695,505,36
32683811,1403,36
32684171,12,173
32684320,5990,7
32684466,2109,11
32684701,1525,30
32684705,611,10
32685519,3093,58
32685648,297,36
32685720,618,15
32685871,2445,10
32685960,4481,36
32686149,641,173
32687199,3890,134
32687253,982,15
32687437,334,30
32687485,1421,26
32687693,877,173
32687913,1289,9
32688625,4090,58
32688631,3590,71
32688707,13,173
32688920,660,173
32689709,637,173
32690362,17,173
32690429,12294,38
32690483,6407,7
32690534,10910,38
32690826,1109,158
32690943,557,135
32691104,94,134
32691224,141,134
32691370,682,173
32691995,164,10
32692122,830,173
32692126,2901,36
32692551,69,30
32692563,34,30
32692621,821,30
32692961,183,135
32693132,322,188
32693716,26,30
32694032,219,30
32694362,310,30
32694741,4699,17
32694746,13478,36
32694947,324,188
32695157,673,36
32695281,223,30
32695295,50,188
32695359,11,173
32696210,145,135
32696325,865,173
32697013,3742,7
32697265,1164,196
32697406,11690,96
32697636,28,135
32697659,38,135
32697752,35,135
32697769,41,135
32698267,27,135
32698274,25,135
32698391,3619,71
32698860,13097,80
32699745,785,17
32700113,146,135
32700996,1645,7
32701816,159,135
32702035,604,173
32702816,3465,7
32702830,13,173
32703572,243,173
32703744,13,173
32703767,2110,15
32703820,392,173
32704137,12,173
32704297,10,173
32704325,105,15
32704457,11,173
32704644,12,173
32705228,275,173
32705899,12,173
32705982,1813,15
32706278,10652,71
32706602,368,173
32706792,14,173
32707005,10,173
32707104,362,173
32707479,12,173
32707539,5,173
32707563,1772,196
32707640,539,61
32707693,1336,15
32708236,21166,15
32709976,3920,58
32710031,1743,196
32712376,1748,196
32712468,9514,61
32712957,2882,17
32713132,16203,36
32714098,1741,196
32714136,60,196
32716861,830,17
32717845,1029,17
32719793,980,17
32720933,9948,38
32722671,1220,17
32738683,9403,61
32742227,2432,71
32743731,97,43
32744780,3743,71
32744859,22127,110
32745699,54,43
32745755,46,43
32745803,40,43
32745846,341,43
32746190,295,43
32746488,261,43
32746752,274,43
32748088,5935,61
32748513,11225,36
32749114,5275,7
32749590,1747,11
32749914,423,5
32750116,3963,71
32751471,351,15
32751539,5415,26
32751679,872,173
32751856,5040,15
32752127,656,5
32752599,13,173
32752794,470,26
32753091,487,30
32753225,10,173
32753299,77,10
32753343,625,173
32753465,48,10
32753722,2704,196
32753899,523,30
32754331,16865,188
32754437,4555,71
32754481,7370,75
32754533,20,1
32754548,531,7
32754795,12610,7
32754929,23,1
32755182,22,1
32755279,13,173
32755403,40,173
32755414,64,10
32755567,1324,173
32755582,338,30
32755583,45,173
32755627,327,10
32755951,32,1
32755960,101,38
32756046,157,38
32756071,591,30
32756100,8352,38
32756524,1826,61
32756635,47,10
32756908,107,30
32756926,519,196
32756994,321,10
32757080,35,10
32757164,17,173
32757178,124,30
32757196,4964,15
32757365,167,10
32757456,937,196
32757501,9,173
32757657,7627,38
32757681,7743,5
32758287,410,173
32758544,1656,196
32758556,63,196
32758990,25,30
32759034,8224,30
32759071,5797,96
32759159,13,173
32759322,6360,58
32760309,140,173
32760460,65,173
32760523,1068,196
32760949,118,134
32761302,1151,134
32761636,4181,196
32762184,5689,9
32762231,44,173
32762287,58,173
32762298,47,173
32762360,1186,173
32762465,3213,134
32763571,11,173
32763679,8058,36
32763782,14,173
32763924,1069,173
32764003,3809,80
32764151,422,173
32764475,6602,26
32764857,691,15
32765245,12,173
32765793,661,173
32766097,806,173
32766403,1429,61
32767320,11,173
32767386,2040,158
32767580,2262,7
32767734,5793,30
32767741,5111,71
32768264,842,173
32768415,5876,9
32768697,792,173
32769094,4470,5
32769603,12,173
32769682,42,38
32769706,6,173
32769806,670,173
32769840,332,5
32769877,10,173
32769985,8612,58
32770088,10,173
32770116,4334,7
32770525,5204,158
32770626,26,75
32770789,628,75
32770924,801,173
32771721,8076,26
32771908,29,173
32772101,5158,30
32772208,9,173
32772436,9,173
32772669,1574,75
32772849,5004,75
32773620,447,173
32774287,1433,3
32774294,9,173
32774419,13,173
32774441,13431,36
32774564,7316,30
32774665,52,188
32775363,7170,134
32775670,322,183
32775732,2259,3
32775769,95,173
32775888,99,173
32776514,5722,5
32776540,563,135
32776581,116,135
32776629,1426,7
32776740,102,135
32776787,15,38
32776818,108,173
32777038,1016,135
32777273,11,173
32777563,36,1
32777595,4230,30
32777781,13,1
32778079,10322,7
32778092,64,1
32778201,154,1
32778294,2241,173
32778451,451,1
32778544,472,1
32778586,1386,158
32779097,6114,71
32779102,624,1
32780344,1536,75
32780367,780,1
32781348,22,158
32782314,1204,75
32782621,9,173
32782787,10,173
32782793,5473,30
32782996,8,173
32783007,486,30
32783861,655,173
32783942,9607,61
32784550,9,173
32784845,666,173
32784993,11869,38
32785613,10,173
32785737,8,173
32785910,664,173
32786051,9,173
32786282,12935,80
32786395,10,173
32786496,7,173
32786670,7,173
32786791,6,173
32786890,6,173
32787135,9,173
32787604,676,173
32788354,309,173
32788485,11,173
32788605,8,173
32788718,9,173
32788865,11,173
32789147,278,173
32789164,9,173
32789365,9,173
32789470,10,173
32789570,12,173
32789730,278,173
32790218,12,173
32790473,10,173
32790837,13,173
32791724,272,173
32791993,3670,137
32792089,125,1
32792206,13,173
32792304,273,173
32792596,12,173
32792881,9,173
32793260,21223,15
32793320,20,15
32793339,126,1
32793350,90,1
32793648,10602,61
32793658,30,61
32793832,1810,196
32794043,217,1
32794283,213,1
32794757,21248,71
32796199,1516,1
32797343,2816,134
32798454,7458,58
32798984,295,1
32799436,3,1
32799519,1,1
32799554,1,1
32799636,1,1
32799814,2,1
32799853,1,1
32799875,1,1
32799956,77,1
32800175,1,134
32800428,2,134
32804191,10838,61
32810663,1882,9
32812787,9430,9
32815026,10708,61
32830132,102,43
32831495,22117,110
32836142,3594,158
32837496,4392,7
32838447,9532,61
32838952,11263,36
32840096,3205,75
32841860,3947,5
32846146,54,43
32846202,51,43
32846256,46,43
32846305,382,43
32846509,752,24
32846689,323,43
32847016,432,43
32847434,36,173
32847451,455,43
32847525,1209,158
32847622,6265,188
32847716,920,134
32847845,191,95
32848365,115,137
32848423,427,95
32848705,30,173
32848913,650,15
32849311,193,61
32849886,47,61
32850517,3492,7
32850560,4016,188
32850726,12528,26
32850761,12,173
32850842,6391,58
32850922,1010,30
32851075,10,173
32851449,9,173
32851671,11,173
32851747,630,24
32851856,7,173
32852023,12,173
32852033,68,1
32852232,10,173
32852325,75,1
32852549,8,173
32852738,7,173
32852750,62,1
32852778,300,61
32852841,58,1
32852888,7,173
32853028,7,173
32853278,8132,5
32853309,2438,30
32853534,333,61
32853607,172,61
32853924,84,61
32854123,1130,36
32854150,6704,7
32854255,467,173
32854263,2579,30
32854334,25,30
32854435,24,75
32854642,104,9
32854658,6038,9
32854876,73,1
32854927,829,75
32855147,16,173
32855309,13,173
32855333,763,173
32855422,102,1
32855530,10255,61
32855750,5663,36
32856293,16,173
32856311,103,1
32856651,11,173
32856673,3508,15
32856925,113,30
32856945,8,173
32857065,1311,75
32857229,3043,75
32857458,4503,58
32857485,4058,137
32857658,207,188
32857863,5560,22
32858752,12,173
32858831,709,173
32859108,4177,32
32859263,11681,38
32859270,11488,38
32859696,349,188
32859727,808,5
32859975,2008,30
32860128,19,173
32860296,560,3
32860380,12,173
32860639,3872,134
32861009,2416,22
32861060,15122,7
32861077,1529,1
32861290,68,75
32861390,5332,5
32861439,949,75
32861475,71,9
32861507,1087,173
32861556,49,173
32861906,4632,9
32861976,4431,58
32862581,9542,36
32862607,2552,1
32862673,6,75
32862756,1011,75
32862872,2589,38
32863286,12,173
32864062,12,173
32864291,10,173
32864599,2033,134
32864731,731,173
32864851,7272,36
32864976,10302,1
32865029,9932,30
32865123,426,95
32866160,4252,15
32866452,32404,58
32866943,3978,95
32867947,176,179
32868151,136,71
32868172,19,179
32868219,238,179
32868273,94,71
32868347,695,179
32868354,12,94
32868903,26,173
32868919,85,71
32869011,58,71
32869068,37,71
32869109,13,173
32869142,45,71
32869204,43,71
32869280,42,71
32869390,571,179
32869531,441,179
32869562,5548,173
32869924,3616,71
32871941,1091,17
32874917,1004,36
32874998,566,17
32875536,21166,15
32875796,714,173
32875976,21703,36
32876061,21162,71
32877758,13,173
32878105,16,173
32878280,13,173
32878370,729,173
32878483,30,173
32878525,14,173
32879357,15,173
32879517,14,173
32879636,715,173
32880414,717,173
32880425,42,173
32880773,3309,7
32882073,3581,1
32882376,5552,61
32883205,3963,61
32883515,8624,134
32888438,356,61
32888921,9151,196
32892634,59,61
32893732,58,38
32903575,6215,7
32906738,9435,196
32910599,7047,71
32915641,3150,61
32916171,7339,196
32916531,81,43
32918526,50,43
32918579,43,43
32918625,44,43
32918672,343,43
32919018,187,43
32919208,222,43
32919433,217,43
32920189,337,3
32920437,36,1
32920536,385,1
32920774,11587,36
32920935,1007,36
32921293,782,1
32922114,1522,1
32922500,2849,11
32922604,3812,71
32923847,371,173
32923860,30,173
32923944,9,173
32924028,26,1
32924035,6042,9
32924086,13,173
32924112,1769,137
32924149,3230,158
32924439,45,1
32924596,695,15
32924661,667,15
32924737,529,173
32925206,7610,7
32925449,15,173
32925597,183,173
32925919,189,173
32926110,391,173
32926568,18,173
32927561,9163,134
32927801,40,71
32928620,4612,71
32928696,524,173
32928872,181,99
32928958,30,1
32929245,9341,61
32929284,10,173
32929317,10861,99
32929371,305,1
32929407,10,173
32929704,8,173
32929828,7,173
32930079,466,22
32930130,64,195
32930581,23,195
32930796,75,195
32931181,41,195
32931465,529,173
32931555,102,195
32931762,8978,9
32931805,46,195
32932008,58,195
32932090,191,137
32932120,637,188
32932157,248,173
32932164,55,195
32932299,1255,134
32932344,3832,36
32932393,106,195
32932597,256,173
32932891,659,173
32933036,196,10
32933198,5427,7
32933752,11,173
32933881,7,173
32934301,276,173
32934706,273,173
32934726,10,173
32934748,11725,38
32934756,11895,38
32934916,7,173
32935100,167,137
32935133,9,173
32935252,7,173
32935500,7,173
32935887,10,173
32935922,5698,134
32936123,7,173
32936324,1594,26
32936588,88,137
32936997,242,137
32937058,5815,62
32937319,44,176
32937463,3241,158
32937639,60,137
32937766,122,137
32938186,252,1
32938358,138,176
32938448,3800,1
32938851,4205,58
32939593,1287,30
32939892,14,176
32939898,9213,61
32940392,19,176
32940408,4661,71
32940433,57,179
32940510,279,179
32940965,513,179
32941077,22,176
32941432,452,30
32941467,635,184
32941643,2730,134
32941829,605,168
32942053,21,176
32942095,7091,179
32942178,4041,26
32942261,837,7
32943947,162,168
32944075,59,7
32944171,1818,168
32944446,130,7
32944567,1068,173
32944817,3300,7
32945120,232,30
32945293,9,173
32945786,20,10
32945861,334,30
32945879,9,10
32945931,213,10
32945987,9,173
32946288,7,173
32946301,44,1
32946397,276,10
32946720,7,173
32946845,80,1
32946925,233,10
32946976,11254,36
32947100,9975,9
32947255,3405,1
32947409,4175,26
32947632,8,173
32947738,887,26
32947774,6,173
32947918,6818,58
32948110,3061,15
32948219,6,173
32948396,7,173
32948437,668,15
32948490,6,173
32948922,12,173
32949050,7817,3
32949155,8,173
32949158,2912,7
32949378,5092,179
32949480,6,173
32949649,8,173
32949853,15,173
32950048,9253,61
32950061,9,173
32950196,583,15
32950310,8,173
32950490,10,173
32950597,8,173
32950712,6,173
32950823,6,173
32950993,11,173
32951233,8,173
32951464,7,173
32951773,6,173
32952028,3911,71
32952122,6007,15
32952241,7,173
32952380,235,99
32952442,8,173
32952450,3324,7
32952662,7,173
32952676,224,99
32953519,352,30
32953941,807,30
32954110,243,99
32954530,8,173
32954734,6,173
32955177,9,173
32955623,9,173
32955763,6,173
32956032,3535,71
32956258,8,173
32956376,6,173
32956556,6,173
32956779,6,173
32957046,6,173
32957697,9,173
32957877,3307,7
32957929,7,173
32957941,197453,36
32958141,5,173
32958872,1558,189
32960782,623,162
32961495,158,7
32961652,21172,15
32961664,60,196
32961866,3330,7
32962135,3996,162
32963928,21170,71
32965959,25,176
32966908,24,176
32967722,24,176
32968941,7779,196
32969210,36,176
32970586,95,176
32971252,36,176
32973407,9177,61
32974891,8,176
32974996,5,176
32975058,6,176
32975254,7,176
32975417,9,176
32975605,6,176
32976377,10,176
32976564,6,176
32976743,24,176
32976746,9858,196
32977392,27,176
32979116,29,176
32980304,24,176
32982584,9286,61
32982657,62,61
32985492,29,176
32986564,9848,196
32990333,10217,38
32991871,9420,61
32996414,9578,196
32996489,59,196
33001299,1640,61
33002598,23,113
33002932,73,43
33004908,9376,61
33004933,43,43
33004980,45,43
33005027,75,43
33005869,3536,71
33006053,9640,196
33009997,2078,62
33012037,9,173
33012145,7,173
33012265,6,173
33012397,7,173
33012587,3315,7
33012833,8,173
33012952,6,173
33013135,6,173
33013486,8,173
33013916,8,173
33014113,6,173
33014225,1195,61
33015453,2660,61
33015635,9572,196
33016213,3725,7
33016330,442,173
33017318,16,113
33018559,17,113
33018671,10,173
33018819,7,173
33018925,8,173
33019048,432,173
33019495,46,113
33020198,4371,7
33020309,10,173
33020778,783,173
33020887,11929,38
33021084,12461,38
33021367,16,74
33021535,439,173
33022164,11,173
33022426,437,173
33022692,15,74
33022883,12,173
33023038,11,173
33023244,9,173
33023324,15,74
33023919,446,173
33024906,3538,7
33025231,9704,196
33025504,447,173
33026010,24,173
33026034,10,173
33026431,10,173
33026568,8,173
33026688,9,173
33026791,17,74
33026805,8,173
33027621,15,113
33027708,11,36
33028432,112,36
33028530,3444,7
33028636,569,36
33028864,25,74
33029349,23,113
33029376,208,36
33029426,21,74
33030177,156,36
33030254,9626,15
33030348,127,36
33030652,135,36
33030857,147,36
33031255,4449,36
33032789,23,74
33033224,19,74
33034913,9684,196
33034987,60,196
33038284,5147,36
33039009,531,61
33039570,4825,61
33039767,114,11
33039829,9987,9
33044333,3887,61
33044598,9630,196
33044672,59,196
33045046,26,113
33047132,15,74
33047151,12,74
33047180,17,113
33048600,20,74
33048726,9037,61
33050153,53,113
33052420,1277,15
33052666,2076,61
33053545,284,1
33054273,9840,196
33054744,19132,61
33054964,9366,61
33055540,83,74
33056814,50,74
33064070,14580,196
33064292,9960,9
33066835,15490,38
33068162,9278,61
33072625,60,38
33078652,15221,196
33078785,121,196
33087730,9218,61
33089330,123,43
33091340,66,43
33091408,55,43
33093935,15382,196
33094007,60,196
33096908,9224,61
33097709,1092,15
33106133,5628,61
33107751,5605,36
33108298,282,36
33108680,443,36
33109258,10764,196
33109342,1253,36
33109343,150,196
33111524,449,36
33111598,357,134
33111836,196,61
33111891,11792,38
33111899,11629,38
33111983,1535,36
33111985,96,134
33112032,9499,61
33112043,38,61
33112096,452,134
33112980,474,134
33113498,3397,134
33113525,5,36
33113537,8274,36
33115793,74,74
33115814,80,74
33116812,1524,189
33118021,82,74
33118042,76,74
33119108,52,74
33119169,45,74
33120024,1315,196
33120125,9978,9
33120434,28,74
33120445,24,74
33121408,9440,196
33121471,9392,61
33122014,45,74
33122023,43,74
33127939,19188,61
33130368,21236,71
33130848,9771,196
33130863,63,196
33134390,22,74
33134716,24,74
33135811,759,1
33136666,67,74
33136693,126,74
33137317,734,113
33138310,236,74
33138553,307,74
33139794,341,74
33140562,9815,196
33140636,59,196
33142844,1937,134
33146195,28,38
33146223,1436,134
33147749,1193,134
33148991,734,134
33149828,1723,134
33150377,9442,196
33150452,59,196
33159571,11711,38
33159864,9712,196
33173326,9312,61
33174507,509,61
33175392,2215,71
33175731,38,43
33177692,229,43
33177923,205,43
33178047,9323,61
33178131,238,43
33178168,2022,9
33178372,251,43
33178418,3550,71
33178681,14465,3
33178955,428,36
33179528,4492,36
33181830,9730,15
33182794,3897,71
33183494,7389,5
33183799,1176,30
33184064,11237,36
33185088,30,10
33185196,273,10
33185500,541,10
33185817,3952,64
33185916,1123,30
33186526,4753,1
33188010,284,30
33188307,200,30
33188489,33,176
33188949,29,176
33189071,9642,62
33189789,21855,146
33190284,11880,38
33190291,11961,38
33190350,2734,194
33190545,38,176
33190590,301,99
33190735,12625,146
33191460,9601,15
33191534,910,30
33191565,24,10
33191597,425,10
33191902,9723,61
33192354,88,196
33192566,33,196
33192574,25,196
33192642,21,196
33192818,83,61
33192912,811,196
33192959,19,10
33193007,9435,61
33193398,1447,196
33194868,290,196
33194950,254,40
33194996,108,1
33195201,46,1
33195271,2846,1
33195464,74,40
33196190,29,197
33196376,132,197
33196844,4646,196
33197410,26,176
33197948,97,24
33198086,3576,5
33198122,34,24
33198229,435,24
33198914,12382,62
33199639,8184,30
33199646,1419,3
33199722,89,176
33200184,2161,179
33200746,107,176
33201031,557,64
33201191,9582,15
33201332,1113,5
33201479,6902,196
33201732,1332,99
33201744,356,64
33202361,290,24
33202533,1602,1
33202750,81,24
33203199,33,64
33203240,1540,64
33203651,131,176
33203936,150,176
33204120,11708,5
33204187,9735,196
33204638,10596,1
33204879,13429,36
33205301,505,38
33205384,1716,30
33206088,140,176
33206432,636,179
33206772,1207,179
33207376,93,176
33207739,747,179
33208246,1499,179
33208600,5585,196
33208617,1048,30
33209319,3524,179
33209759,2972,179
33210107,8,9
33210164,1595,9
33210732,209,176
33210794,9528,15
33210875,871,15
33212555,480,30
33212824,4243,9
33212857,1058,179
33212924,5393,15
33212962,6026,179
33213051,394,30
33213122,60,30
33213299,189,176
33213571,9474,61
33213940,5169,179
33214186,3953,196
33214197,67,196
33214989,244,43
33215432,37,176
33216670,160,176
33217196,156,176
33218076,3846,196
33218374,116,176
33220378,9588,15
33221862,1801,196
33222620,9,173
33223302,37,173
33223312,26,173
33223345,356,173
33223350,30,173
33223928,10,173
33224059,7,173
33224112,90,176
33224116,364,173
33224703,9,173
33224805,9,173
33224943,7,173
33225610,360,173
33226163,90,176
33226423,9,173
33226866,168,176
33226886,1528,9
33228249,3103,134
33228389,173,176
33228987,2673,9
33229528,164,176
33229906,21102,15
33231487,174,134
33231501,171,176
33231676,63,134
33231679,409,61
33231868,9681,196
33237740,91,176
33238889,89,176
33239332,11935,38
33240520,77,176
33240809,97,176
33241487,10078,196
33241750,104,176
33243785,250,176
33245026,121,176
33245706,120,176
33247111,29,176
33247876,111,176
33248323,25,176
33249130,26,176
33249499,25,176
33249831,24,176
33250187,40,176
33251086,9710,15
33251566,9809,196
33251641,59,196
33257165,9316,61
33260679,2255,15
33261374,9634,196
33262132,3689,43
33263790,9788,61
33265098,446,15
33265621,5891,3
33265852,4346,196
33266301,3793,15
33267749,56,43
33267809,78,43
33267890,52,43
33267898,952,1
33267948,275,43
33268207,18456,5
33268227,519,43
33268306,2458,62
33268447,1605,30
33268525,9518,146
33268751,551,43
33268972,1534,1
33269310,715,43
33270105,746,179
33270121,21192,36
33270143,993,179
33270185,3953,196
33270254,870,173
33270390,9804,15
33270407,2419,22
33270414,2404,22
33270448,4601,30
33270599,171,61
33270943,2104,179
33271448,9502,61
33271674,6171,3
33272269,2283,173
33272542,371,30
33272718,9459,15
33273280,15,173
33274107,3932,196
33274922,14,173
33275099,4481,1
33275205,1767,5
33275488,3239,38
33276199,696,173
33276335,22,30
33277004,13,173
33277216,8,173
33277558,10,173
33277880,171,61
33278046,3831,196
33278072,283,30
33278081,431,173
33278194,112,188
33278609,11,173
33278662,25,188
33279018,96,173
33279183,34,173
33279241,99,173
33279538,1809,38
33279800,1374,15
33279810,167,173
33280202,90,173
33281375,3900,1
33281432,25803,110
33281434,845,38
33281806,3930,196
33282449,6370,38
33282462,16826,15
33282631,12203,38
33282977,103,173
33283466,12,173
33283668,83,173
33283773,7,173
33283929,83,173
33284067,7,173
33284181,110,173
33284304,8,173
33284398,84,173
33284448,22,176
33284578,8,173
33284582,226,61
33284910,9558,3
33284933,18,92
33285316,84,173
33285384,15,92
33285478,92,92
33285516,121,61
33285660,445,22
33285667,502,22
33285705,14,173
33285733,3849,196
33285803,235,92
33286007,667,99
33286069,2558,92
33286362,3370,1
33286367,1528,15
33286893,178,61
33287130,32,176
33287326,165,30
33287538,417,17
33287545,1685,61
33287828,316,30
33288059,439,173
33288171,119,61
33288181,56,176
33288502,363,30
33288595,1240,15
33288769,106,61
33289160,421,92
33289206,6121,5
33289547,3956,196
33289766,188,92
33290127,422,92
33290201,4509,36
33290249,101,61
33290533,423,17
33290672,3454,17
33290958,1341,1
33291923,9477,15
33292067,458,173
33292278,16546,134
33292761,16088,1
33292988,62,30
33293251,867,173
33293440,15469,196
33294381,12,173
33295360,13549,5
33295625,547,173
33295635,13332,194
33295838,356,30
33296336,119,30
33296395,15,173
33297188,23,173
33297624,261,198
33299156,9244,61
33309646,11,173
33310073,420,173
33310376,1021,62
33310501,423,173
33310540,19,173
33311086,252,15
33312750,359,173
33313222,207,15
33314068,1154,15
33315693,1451,15
33316414,14,61
33316449,4616,134
33316582,477,61
33317396,3566,61
33317676,9306,61
33318533,15,38
33318662,11075,196
33320903,4208,61
33325111,4393,61
33329349,20,38
33329500,4204,61
33329577,59,61
33329736,10182,196
33329809,61,196
33331722,9453,15
33333707,3815,61
33335639,6588,61
33337527,3990,61
33339920,10227,196
33339993,60,196
33341200,1900,15
33341518,3588,61
33341592,60,61
33342229,9289,61
33342301,60,61
33345109,3984,61
33345181,61,61
33346704,3909,196
33347502,59,61
33348531,122,43
33349219,344,61
33350147,7638,196
33350423,2905,9
33351520,9461,61
33352412,604,15
33352485,634,15
33353484,994,9
33353816,7956,15
33354256,3924,196
33354490,224,30
33354946,260,30
33355227,275,30
33355265,24,30
33355278,1371,5
33355525,675,30
33355995,3869,1
33356088,2548,26
33356327,4009,3
33356354,14,173
33356518,454,30
33356533,11,173
33356590,1515,194
33357040,679,173
33357051,61,173
33357372,4299,5
33357381,344,61
33357812,13,173
33357991,698,15
33358154,3950,196
33358180,278,173
33358181,70,196
33358488,14,173
33358703,8,173
33359194,9352,61
33359330,4515,134
33359621,11,173
33359826,3,173
33359877,11234,36
33359971,2,173
33360006,10,173
33360051,2,173
33360131,482,173
33360346,4263,3
33360377,61,188
33360534,198,1
33360774,538,1
33361143,246,99
33361320,796,1
33361688,1770,5
33361700,25783,110
33361714,553,61
33362074,109,9
33362103,4066,196
33362211,10,173
33362303,10243,36
33362334,73,9
33362466,3390,158
33362533,286,9
33362751,3965,6
33362991,544,173
33363652,11,173
33363866,535,30
33363937,44,137
33363955,12066,62
33364037,4215,134
33364082,1782,9
33364688,713,61
33364759,42,137
33364775,11,173
33365004,198,92
33365082,600,30
33365214,8,173
33365364,1966,158
33365839,1009,3
33366008,72,9
33366107,4047,196
33366314,125,92
33366474,477,30
33366550,304,9
33366715,11,137
33366981,23,30
33366995,265,1
33367000,80,137
33367123,14,137
33367131,1719,15
33367134,657,92
33367177,1344,9
33367262,735,3
33367342,404,1
33367493,116,137
33367651,85,137
33367831,13,137
33367907,15,137
33368104,126,137
33368348,1271,137
33368380,8901,134
33368806,135,92
33369422,249,92
33369720,51,137
33369871,14,137
33369992,337,9
33370002,58,134
33370021,177,9
33370092,3924,196
33370288,1961,1
33370434,30,9
33370596,7,173
33370708,92,9
33370729,13,173
33370890,8,173
33370958,332,92
33371111,9473,61
33371451,6656,15
33371618,137,9
33371686,1671,158
33371973,80,9
33371994,9337,61
33372167,944,3
33372602,131,6
33373071,14,30
33373292,858,30
33373667,557,173
33373705,1160,5
33373952,4762,196
33374372,11,173
33374477,3760,158
33374715,11246,36
33375010,4796,1
33375063,11199,5
33375536,89,92
33375596,2730,6
33375706,12,173
33375871,257,30
33376109,742,173
33376172,397,92
33376253,159,137
33376877,442,173
33376896,13,173
33376906,48,92
33377316,727,92
33377362,3993,3
33377802,14,137
33378154,4951,194
33378223,17,137
33378510,13,137
33378541,189,92
33378643,12,137
33378707,5367,196
33378799,541,30
33378852,623,5
33378871,12,137
33379204,13,137
33379326,151,92
33379711,24,137
33379941,589,137
33380538,131,92
33380689,177,137
33380876,3875,158
33380936,181,137
33381499,166,92
33381781,266,92
33381847,106,137
33381929,11220,134
33382071,54,92
33382171,133,92
33382332,313,30
33382774,89,92
33382971,435,30
33383082,706,61
33383097,499,92
33383129,5605,194
33383418,1888,6
33383833,1148,134
33383891,604,3
33383982,54,137
33384030,5293,196
33384092,4974,1
33384921,486,162
33385367,416,92
33385564,125,30
33385776,47,188
33385905,337,30
33385973,440,92
33386344,13437,36
33386488,144,10
33386653,12,173
33386726,121,10
33386958,12,173
33387077,1995,162
33387558,260,30
33388166,452,173
33388276,351,30
33388990,226,173
33389068,11506,134
33389280,4278,196
33389324,10,173
33389906,9413,61
33393495,5482,196
33395427,11287,134
33396701,22400,1
33398014,699,61
33398915,965,196
33399747,23,9
33399900,67,9
33400224,152,92
33400256,45,9
33400646,60,196
33401283,63,92
33401462,67,92
33401634,22403,36
33401987,53,9
33402121,27,9
33402476,11945,38
33402495,6476,38
33402789,170,92
33403192,119,92
33403544,416,92
33404405,412,92
33405355,417,92
33406502,411,92
33412813,9580,61
33418742,67,38
33422382,9618,61
33422797,108,92
33423055,418,92
33429962,144,92
33430119,3644,92
33430136,187,92
33430564,3208,92
33430967,199,61
33431109,453,196
33431550,142,61
33431740,138,61
33432014,9549,61
33432087,60,61
33432277,503,61
33433782,91,92
33433883,162,92
33434232,138,92
33434902,70,92
33434931,974,43
33438755,2087,158
33439713,110,92
33440334,175,92
33440576,118,92
33440737,39,92
33440789,11,92
33441016,79,92
33441291,39,92
33441352,875,30
33441500,44,92
33441556,9564,61
33442566,4392,6
33443673,4119,158
33443741,450,173
33444299,14,173
33444369,484,173
33444879,136,173
33445107,1504,173
33445488,600,134
33445531,22400,36
33446092,736,196
33446123,246,134
33447103,15,173
33447522,3836,1
33447612,991,6
33447714,273,173
33447998,13,173
33448168,224,173
33448174,40,173
33448442,188,173
33448647,66,173
33448827,1290,6
33448928,70,173
33449081,67,173
33449633,209,173
33449644,60,173
33449960,16,92
33450035,14,92
33450053,161,173
33450130,122,92
33450178,32,173
33450240,145,173
33450481,144,173
33450701,418,173
33450709,1577,6
33450712,13,173
33450841,142,92
33450900,796,158
33451188,9289,61
33451201,2080,3
33451262,19,92
33451336,565,173
33451354,1280,62
33451541,88,92
33452018,137,173
33452041,2770,158
33452215,150,173
33452392,9,173
33452446,68,173
33452451,61,173
33452633,81,173
33452641,59,173
33453338,130,173
33453349,61,173
33453517,156,173
33453720,568,173
33453932,18,92
33454177,33,92
33454359,30,92
33454418,181,92
33454538,64,92
33454883,6654,158
33454930,2093,173
33454941,72,173
33455086,11,5
33455304,28,92
33455559,169,92
33455749,73,92
33456318,233,158
33456459,577,173
33456542,31,92
33456614,2259,158
33457035,1254,173
33457360,52,92
33457381,27,137
33457808,1993,36
33457914,10945,1
33458532,23,92
33458746,13,173
33458880,9,173
33459123,1357,173
33459185,30,92
33459244,176,5
33459343,23,92
33459551,297,92
33459900,31,92
33459943,329,92
33460273,21,92
33460303,52,92
33460334,12,137
33460386,21,92
33460427,35,92
33460476,378,61
33460500,18,92
33460552,9,173
33460660,982,173
33461059,18,30
33461664,10,173
33461676,1175,158
33461783,642,173
33462102,76,173
33462114,67,173
33462289,357,3
33462448,8,173
33462474,586,173
33462721,13,137
33462933,26,173
33462945,29,173
33462976,13,137
33463232,9,173
33463658,22,137
33463831,17,137
33463914,547,173
33464090,20,137
33464652,22,137
33464855,12,173
33464865,18,137
33465010,17,137
33465195,545,173
33465771,15,137
33465830,12,173
33467266,572,173
33467279,63,173
33467603,239,36
33467850,546,36
33467952,906,36
33467960,25,36
33468287,22,137
33468338,10,173
33468572,325,36
33468636,12,173
33468975,1345,137
33468991,108,137
33472048,9974,196
33472213,3878,61
33478774,9384,61
33479017,13505,36
33480397,521,173
33481020,12616,62
33481178,13504,1
33481385,533,173
33481939,13,173
33485209,4428,61
33486744,21787,146
33488159,9284,61
33488320,9752,196
33489577,4428,61
33489649,62,61
33492539,17334,36
33493370,2539,64
33494006,5337,61
33497444,9403,61
33498072,9812,196
33498145,59,196
33499337,5939,61
33502939,12619,62
33505217,5442,61
33507621,346,176
33507885,11260,196
33510658,3964,61
33513326,9300,61
33514622,4709,61
33515560,12647,62
33519147,10948,196
33519334,3446,61
33519409,58,61
33522628,9337,61
33522782,3713,61
33524002,11265,36
33524467,4054,1
33525731,2955,36
33526024,18,15
33526444,3847,15
33526530,9172,61
33526629,1820,15
33526737,6063,5
33526829,918,30
33527595,1303,158
33527950,566,30
33528706,281,30
33528839,744,173
33528903,121,137
33528983,4848,1
33529431,2504,15
33529577,2448,36
33529627,19,173
33529853,76,137
33529887,396,30
33529912,3701,158
33530224,688,173
33530514,27,137
33530743,37,10
33530744,2214,15
33530887,50,92
33530916,1031,30
33531862,284,92
33531962,9279,61
33532270,192,30
33532313,311,10
33532492,529,173
33532565,7,92
33532860,47,10
33532910,66,92
33532957,7012,38
33532958,2315,15
33532984,8042,5
33533219,49,92
33533661,50,10
33533687,96,92
33533813,1069,158
33533865,119,92
33533879,641,30
33533914,212,10
33533961,266,92
33534070,98,92
33534286,189,92
33534360,28,173
33535022,1381,158
33535338,3080,134
33535388,1310,36
33535511,364,30
33535669,4838,61
33535743,59,61
33536431,649,168
33536495,808,186
33536571,89,30
33536889,836,168
33537031,1314,1
33537186,23,137
33537426,907,173
33537571,21,137
33537761,10838,134
33538021,11190,36
33538059,146,30
33538145,712,176
33538337,982,168
33538393,12,173
33538549,269,9
33538589,13,173
33538634,57,92
33538636,2610,15
33538684,1448,36
33538698,116,92
33538761,1251,158
33538945,877,9
33540321,328,9
33540507,7913,61
33540630,99,137
33540733,1323,158
33540877,190,176
33541245,9362,61
33541246,2669,15
33542035,3221,194
33542047,1174,158
33542502,3844,1
33544180,2348,15
33544732,433,186
33546186,80,137
33546591,2652,15
33546601,1247,22
33546695,60,137
33546785,404,137
33546822,769,95
33548213,3999,5
33548429,56,137
33548444,6316,61
33548517,10,95
33548866,317,95
33548951,648,38
33549959,72,137
33550330,3681,1
33550423,2577,95
33550713,12737,38
33553232,9401,26
33553391,1323,134
33554145,3718,1
33554154,77,1
33554550,924,167
33554610,226,30
33554627,19,30
33554634,1343,38
33554761,4325,61
33554913,1304,168
33555112,243,30
33555272,323,167
33555676,89,30
33555694,942,167
33556241,203,30
33557099,216,30
33557132,62,137
33557463,1303,5
33557515,43,137
33557703,9341,61
33557849,20,38
33557853,117,137
33558726,3721,137
33558919,303,196
33558989,62,196
33559104,5209,61
33559717,10141,38
33559782,47,137
33561450,52,137
33562562,72,137
33563434,73,137
33564281,3997,61
33564743,147,176
33564829,70,137
33565091,2889,176
33566288,40,137
33566598,346,137
33567768,8393,61
33568277,4203,61
33569053,263,36
33569524,349,36
33569845,198,1
33570061,5,36
33570092,3274,36
33571443,108,137
33571748,62,137
33572117,30,137
33572156,88,137
33572410,88,137
33572419,4379,61
33572556,70,137
33572824,63,137
33573029,70,137
33573170,61,137
33573334,88,137
33573691,3803,137
33576799,6045,61
33577375,13718,196
33577448,60,196
33579884,9299,61
33582841,4567,61
33587344,5688,61
33591093,11349,196
33591168,118,196
33592955,4528,61
33594677,12651,62
33595134,81,38
33597428,4384,61
33601813,3505,61
33603132,776,61
33603991,9305,61
33605320,3794,61
33607330,12593,62
33607732,991,43
33609115,3506,61
33610682,81,43
33610771,59,43
33610832,980,43
33612622,3803,61
33612695,59,61
33613298,9331,61
33613369,61,61
33616423,3494,61
33616499,60,61
33618596,8567,36
33619920,3899,61
33619994,59,61
33621641,163,173
33621671,16,173
33621833,391,173
33622000,14,173
33622118,13,173
33622270,11,173
33622630,9288,61
33622787,269,173
33622797,60,173
33623048,39,61
33624282,144,61
33624416,296,173
33625071,14,173
33625120,524,61
33625391,9,61
33625446,267,173
33625984,11,173
33626212,6,61
33626347,295,61
33626446,98,38
33626597,12,38
33627006,1348,38
33627342,393,61
33629435,105,9
33630953,121,9
33631263,195,9
33631918,9267,61
33632118,300,9
33632175,561,61
33632643,367,9
33633209,309,9
33633759,2817,9
33640537,3593,196
33641226,11289,36
33641285,9360,61
33642402,1199,22
33643567,4758,22
33644065,3569,196
33647569,1728,196
33647635,59,196
33649337,104,196
33649585,1418,196
33649595,2565,196
33649870,375,176
33650659,7448,61
33650853,167,176
33651134,2610,196
33651531,646,176
33652732,77,38
33654359,425,22
33655533,233,61
33656410,141,196
33656788,86,196
33657163,8504,196
33657623,2799,22
33658107,9390,61
33658257,18720,36
33665463,9011,62
33667499,9310,61
33669113,19120,36
33671333,11836,38
33674475,16217,62
33676810,9261,61
33690695,7469,62
33697731,122,43
33697869,51,43
33697923,47,43
33697962,9365,61
33697981,60,61
33701332,11243,36
33704921,4201,22
33707269,458,61
33707440,3782,1
33707746,387,61
33713734,41,38
33713833,9561,38
33713841,9578,38
33717557,52,54
33717777,40,54
33717979,63,54
33718275,44,54
33718498,73,54
33719415,1991,22
33725177,466,22
33725975,5348,9
33731334,587,9
33732129,5311,9
33733076,2852,1
33733411,30,176
33733775,166,176
33733787,92,54
33735071,3713,176
33736102,4373,1
33736768,247,176
33737476,101,176
33738164,137,176
33738168,19,54
33738295,14,54
33738350,8,54
33738570,23,54
33738765,108,54
33738996,15,54
33739034,15,54
33739088,18,54
33739391,15,54
33739432,44,176
33739477,17,54
33739492,9307,61
33739533,19,54
33739781,25,54
33739813,966,176
33739878,24,54
33739968,24,54
33740028,4905,196
33740904,103,176
33741090,713,1
33741829,189,1
33742104,676,1
33742605,11721,196
33742706,2776,22
33744643,415,1
33744872,5156,196
33745071,1736,1
33746818,802,1
33748738,13799,61
33748811,59,61
33749934,10360,38
33756650,11804,196
33762539,11308,61
33764350,10415,38
33768398,11983,196
33768534,61,196
33773849,9336,61
33773921,61,61
33780384,12351,196
33783186,9336,61
33783259,59,61
33785057,1464,22
33785860,11234,1
33787380,284,43
33787667,258,43
33787927,231,43
33788160,229,43
33789151,33,54
33789211,20,54
33789254,1648,5
33789344,11277,36
33789757,22,54
33789809,38,54
33789846,946,167
33789849,8,173
33789872,919,167
33789886,295,9
33789966,6,173
33790018,27,54
33790078,5,173
33790081,49,54
33790120,722,22
33790151,30,54
33790221,9,173
33790386,7,173
33790432,2789,9
33790555,12,54
33790794,13,54
33790923,1478,5
33791278,12,54
33791328,8,173
33791555,25,54
33791600,7207,196
33791711,27,54
33791817,47,54
33791902,46,54
33792194,286,137
33792399,3081,5
33792523,7664,61
33793733,19,137
33794130,20,137
33794228,15,137
33794679,21,137
33795201,427,198
33795367,1277,198
33795478,28,54
33795540,29,54
33795648,6251,22
33795865,3052,5
33795887,47,54
33796141,27,54
33796722,11461,38
33797143,16,38
33797248,3553,198
33797826,138,54
33798961,3948,5
33799493,65,22
33799519,22,137
33799540,2273,38
33799886,118,22
33799927,41,137
33800140,11356,1
33800410,121,22
33800600,82,22
33801116,871,22
33801561,1249,146
33802921,1462,9
33803543,118,54
33803779,114,54
33804670,19,54
33804691,23,137
33805037,24,137
33805110,3538,5
33805536,5229,196
33805607,60,196
33805898,20,36
33807609,851,137
33807838,934,6
33807867,617,137
33808481,14871,176
33808663,44,137
33808876,40,137
33808942,11,173
33808971,53,6
33809047,35,137
33809515,26,137
33810367,13085,9
33810752,1558,196
33810840,12506,5
33811505,9400,61
33812372,1242,158
33813892,9749,38
33814177,5356,196
33815247,1221,194
33824127,22363,36
33824137,3047,5
33824220,467,176
33824607,992,168
33825393,1215,62
33825399,12,22
33825528,1546,22
33826610,1380,6
33828016,1745,6
33828674,5371,196
33829879,63,22
33829906,230,38
33830018,1719,22
33830147,3454,137
33830149,359,6
33830153,10591,38
33830388,66,137
33830421,816,22
33830694,9372,61
33830768,156,137
33830968,290,137
33831073,6546,146
33831467,759,22
33831513,416,137
33832282,79,137
33832419,122,146
33832771,123,137
33832974,52,137
33833105,2646,22
33833357,40,137
33833658,45,137
33833802,651,146
33833841,102,137
33834026,771,196
33834378,118,137
33834721,830,146
33834753,22,137
33834958,15,137
33835280,21,137
33835414,20,137
33835525,48,137
33835649,17,137
33835695,13081,146
33835794,29,137
33835911,28,137
33836339,22330,36
33836714,35,137
33836838,31,137
33837033,45,137
33837237,97,137
33837411,40,137
33837646,43,137
33838245,2609,146
33841024,402,176
33841732,84,38
33842435,638,176
33844390,33,176
33845927,41,176
33846252,34,176
33846333,547,196
33847612,30,176
33847881,1447,176
33849786,19,176
33850356,66,176
33850578,472,176
33851739,2873,61
33852301,67,176
33854366,11173,36
33857003,3549,51
33857932,15,38
33858070,9349,61
33867419,9245,61
33870531,33,43
33872027,141,146
33872599,22349,146
33872666,50,84
33873017,52,146
33873140,952,9
33873222,51,146
33873598,1681,6
33873957,1212,146
33874737,1963,9
33874850,320,22
33875023,2363,158
33875693,540,146
33875739,1581,6
33876165,3576,51
33876286,294,30
33876354,84,146
33876513,82,146
33876524,57,146
33876615,109,137
33876703,9620,61
33876734,914,99
33876976,17972,146
33877063,402,30
33877274,3316,9
33877907,1053,158
33877951,27,137
33877986,5175,196
33877996,33,137
33878012,11808,196
33878132,43,30
33878407,915,99
33878566,110,30
33878701,380,30
33879345,12,173
33879350,34,54
33879822,457,30
33879972,29,54
33880025,17,54
33880077,5364,51
33880203,240,158
33880405,11177,36
33880471,77,137
33880609,391,30
33881021,205,30
33881238,244,61
33881345,1300,6
33881578,24,137
33881611,1033,30
33881729,26,137
33881977,5396,1
33882149,34,137
33882327,25,137
33882894,24,137
33883061,202,22
33883124,3339,168
33883130,9913,196
33883161,23,137
33883530,25,137
33883667,8,137
33883775,7,137
33883885,7,137
33884017,1062,38
33884155,10,137
33884364,48,22
33884380,10757,9
33884571,11,137
33884913,10,137
33884963,16,54
33885053,8,137
33885166,10,137
33885355,8,137
33885408,7,137
33885508,9,137
33885582,2141,22
33885670,4381,51
33885716,15,137
33885822,9,137
33885939,7,137
33886319,9400,61
33886598,162,137
33887899,1353,22
33888240,1575,176
33890308,4824,51
33891609,11179,36
33891615,93,63
33892308,1208,26
33892791,2348,95
33893004,264,22
33893023,1548,196
33893306,10,137
33893334,58,22
33893528,7,137
33893771,7,137
33893803,1066,176
33893975,56,22
33894193,57,22
33894266,203,22
33894440,89,22
33894475,69,22
33894629,1760,22
33894642,8,137
33894776,13,137
33895155,12,137
33895242,9297,9
33895321,3685,51
33895798,9553,61
33895928,11,137
33896031,7,137
33896048,12,137
33896283,8,137
33896496,7,137
33896643,8,137
33897165,378,176
33897401,378,30
33897647,10,137
33897735,9,137
33897832,11,137
33898474,1713,22
33898712,1750,38
33899063,4079,1
33899311,4679,196
33900041,4776,176
33900267,13,137
33900297,523,20
33900779,143,158
33901016,18,137
33901053,17,137
33901082,19,137
33901780,757,30
33902372,37,137
33902610,38,137
33902728,44,137
33903089,53,137
33903093,1940,38
33903165,11221,36
33903196,4536,1
33903362,78,137
33903657,40,137
33903977,6241,196
33904433,49,137
33904447,233,30
33905140,10390,38
33905183,1298,6
33905188,191,30
33905362,10081,61
33905706,472,20
33906485,1211,20
33907417,21,30
33907594,32,30
33907732,224,176
33908135,102,54
33908366,31,54
33909236,49,54
33909609,70,54
33909824,60,54
33910198,4447,196
33910219,35,196
33910735,2674,95
33910934,346,176
33911780,10455,38
33912044,282,176
33914613,4440,196
33914980,280,173
33915047,10,173
33915227,10,173
33915250,3247,9
33915350,15,173
33915442,299,61
33915539,22353,36
33915703,518,173
33915739,10166,61
33916437,15,173
33916691,12,173
33917883,518,173
33918790,2473,9
33919047,4642,196
33920508,9470,62
33921512,6174,9
33925910,10022,61
33926828,313,146
33926976,1577,146
33928137,20912,36
33930846,12001,196
33933533,9571,38
33935956,9928,61
33938172,2532,176
33942800,11891,196
33944333,44,38
33954697,12052,196
33955398,4909,61
33956931,151,43
33959124,11175,36
33960308,9897,61
33960514,381,146
33961185,355,146
33961329,4602,158
33961482,21,173
33961616,10,173
33961672,963,22
33961812,10,173
33962442,277,173
33962674,2914,22
33963325,25,173
33963358,5807,196
33963665,5130,5
33963913,427,30
33964107,15,173
33964608,6823,1
33964721,862,30
33965645,17,137
33965754,47,137
33965780,1629,179
33965943,357,30
33966097,1055,22
33966294,2303,158
33966323,462,30
33966541,48,137
33966843,596,30
33966865,70,137
33967068,34,137
33967242,25806,110
33967510,40,137
33967776,22,137
33967956,534,173
33968018,894,30
33968260,292,94
33968343,44,137
33968687,27332,146
33968818,63,20
33968822,30,137
33969075,349,30
33969113,735,61
33969122,7777,196
33969170,88,196
33969237,4768,5
33969245,1922,137
33969269,1310,25
33969346,78,20
33969362,11,25
33969554,767,173
33970247,9448,61
33970296,6012,38
33970368,2419,9
33971178,1709,26
33971285,11206,36
33971851,58,137
33971860,26,137
33972174,104,146
33972368,28,20
33972407,25,137
33972800,67,137
33972882,1745,158
33972902,182,10
33973370,1948,26
33973473,113,137
33973832,66,137
33973904,4849,9
33973917,272,10
33974090,65,137
33974107,183,44
33974318,636,30
33974341,136,44
33974533,128,44
33974654,64,137
33974709,1224,158
33974793,182,44
33974840,1374,10
33974902,67,137
33975132,27,137
33975248,240,44
33975446,34,137
33976627,12,173
33976798,10,173
33976884,6380,196
33976899,46,47
33977176,1059,30
33977237,16,173
33977368,11,173
33977546,345,47
33977959,333,47
33978314,363,47
33978487,107,99
33978688,183,47
33978770,16,9
33978806,3399,9
33978941,194,30
33979073,2242,5
33979230,6,173
33979458,22,173
33979478,14,173
33979558,352,30
33979569,932,10
33979679,9928,61
33980529,10,10
33980619,4457,1
33980803,931,143
33981008,866,99
33981228,1125,30
33981746,1371,143
33981785,764,173
33982561,402,30
33982754,58,20
33983223,525,30
33983228,7675,196
33983910,961,20
33984010,817,30
33984482,231,10
33985141,356,20
33985231,11252,36
33985578,760,173
33985583,6216,1
33985681,956,143
33986306,534,30
33986377,299,143
33986554,158,176
33986638,36,20
33986670,1682,143
33986710,431,143
33986848,952,176
33986999,137,173
33987157,991,173
33987218,4901,5
33987236,212,143
33987298,645,30
33988024,2806,176
33988810,725,30
33990865,6494,196
33991044,599,30
33991181,9667,38
33991371,9544,38
33991800,1164,30
33992164,6153,1
33993279,251,47
33993526,8,92
33993547,333,30
33993578,2567,92
33993834,3525,5
33994363,188,94
33994369,391,30
33994504,2858,176
33994854,11,94
33994934,24,30
33995606,647,30
33995720,7165,61
33996205,4883,95
33997285,4498,196
33997434,35101,36
33997446,59,36
33997826,815,20
33998391,2834,176
34001727,4583,196
34006035,701,62
34006250,4622,196
34006574,122,38
34006910,10461,38
34006917,68,38
34008449,1660,9
34009075,3754,143
34012516,9232,61
34012984,2182,143
34014285,7680,9
34016235,71,143
34016602,326,143
34018133,12665,36
34018303,11899,196
34021749,408,61
34021981,7432,9
34023539,10403,38
34029474,3502,176
34030203,11909,196
34031704,9360,61
34035265,417,176
34041066,450,61
34041936,2399,61
34042112,11998,196
34043331,69,43
34045223,59,196
34045285,52,43
34045340,41,43
34045384,13,43
34045518,11472,36
34048422,2496,5
34049761,4653,196
34050586,766,9
34051656,3683,61
34052091,324,30
34052316,3526,62
34052791,352,30
34053160,531,30
34053232,59,30
34054350,4853,196
34054517,4467,26
34055055,7056,38
34055112,3187,5
34055277,9952,61
34055842,4770,62
34056401,1848,158
34057223,1620,9
34057792,242,99
34058086,17,92
34058263,656,92
34058708,1894,5
34058762,650,26
34058938,30,92
34059139,4630,196
34060115,53,92
34060185,1423,92
34060616,5678,62
34060696,9690,5
34061421,1884,9
34061543,11531,36
34061623,22,99
34061670,782,99
34061746,40,92
34062044,617,92
34062682,403,92
34063317,10573,9
34063704,4775,196
34063783,650,92
34065505,8391,51
34066294,7689,62
34066367,24,30
34066630,307,30
34067451,39,92
34067513,40,92
34067562,526,92
34067762,81,30
34068108,608,92
34068219,79,30
34068414,4745,196
34069700,6841,61
34069916,41,30
34070100,58,30
34070294,681,92
34070723,1271,30
34073096,5013,196
34073362,270,176
34073473,11235,36
34073520,35,30
34073774,3868,143
34073872,10354,38
34073964,7513,62
34074347,8876,51
34075221,1320,30
34075404,24287,146
34075928,960,146
34076407,9,38
34076814,288,30
34077774,42,186
34077883,4862,186
34077894,80,38
34078038,3685,38
34078079,6569,196
34078111,22,196
34078159,395,30
34078237,79,1
34078317,3335,1
34078325,32,1
34078692,4158,95
34079296,749,6
34079581,17,30
34079699,7,47
34079770,1718,47
34079847,25,30
34080336,584,30
34080936,681,30
34081007,120,30
34081185,689,143
34081496,6517,62
34081639,2345,5
34081944,21828,146
34083623,10,176
34083656,2728,61
34083660,6701,51
34083776,11,176
34083884,8,176
34084020,5,176
34084585,5713,196
34084897,22415,36
34086859,140,61
34087006,10284,61
34088013,2665,62
34090295,4541,196
34090902,3624,51
34097229,10402,61
34099740,60,196
34106333,10413,38
34106520,103,176
34106836,1974,176
34107633,512,61
34108135,1496,36
34108146,9467,61
34109432,10,176
34109612,5173,176
34111647,11899,196
34117614,3988,61
34121603,9366,61
34123547,12092,196
34129732,101,43
34130629,25778,110
34130971,9407,61
34131171,2089,9
34131616,70,196
34131720,60,43
34131783,55,43
34133087,40,186
34133301,11234,36
34133920,2035,9
34135423,2576,36
34135968,3215,9
34136112,4802,196
34136143,586,30
34136456,338,5
34137725,103,137
34137846,1472,75
34139048,844,61
34139777,2370,9
34139871,80,92
34140024,479,92
34140380,718,61
34140532,381,92
34140853,5097,196
34140949,630,92
34141097,9461,61
34141726,1077,5
34142309,5299,1
34142320,78,1
34142466,345,92
34142840,1437,75
34143232,7356,62
34143268,39,92
34143439,130,92
34143590,30,92
34143626,474,92
34143789,925,146
34144134,12,38
34144163,795,38
34144330,144,92
34144405,1255,99
34144744,1187,92
34144898,27,173
34144924,6362,38
34144995,752,173
34145188,12,173
34145671,2326,99
34145933,4610,196
34145950,70,196
34145950,422,92
34146476,694,47
34146525,819,173
34147150,1308,5
34147495,559,173
34148156,2064,1
34148297,1594,9
34148565,3083,5
34148821,911,173
34149942,27,186
34150147,6693,186
34150351,7598,1
34150536,8708,196
34150561,28,196
34150582,6508,62
34150596,3781,61
34150632,60,38
34151427,833,36
34152101,2761,38
34152239,115,137
34152413,172,137
34152850,110,137
34152967,152,137
34153382,57,137
34153445,72,137
34153594,53,137
34153652,90,137
34154137,965,75
34154647,29,186
34155457,2583,9
34155737,892,146
34156703,1881,5
34157097,3800,62
34157266,584,75
34157477,15,173
34157786,275,9
34158080,3031,9
34158346,22,173
34158459,11223,1
34158603,11171,5
34158918,18,173
34159213,7486,196
34159245,2908,99
34159246,72,196
34160061,23,173
34160197,13,146
34160360,2375,38
34160406,20,173
34160582,9713,38
34160697,22366,146
34160706,10557,61
34160894,3637,62
34161020,473,186
34161174,3878,9
34161462,28,173
34161488,797,146
34162180,87,186
34162223,23,173
34162444,412,146
34163059,691,146
34163137,722,173
34163617,2184,99
34163804,7542,146
34163936,12448,36
34163961,10395,38
34164524,3317,62
34166635,5946,196
34167833,3362,62
34171196,3170,62
34171263,541,61
34172506,8754,196
34174365,3183,62
34177547,3201,62
34181198,4588,196
34181520,9762,61
34182098,451,70
34183467,26,137
34183665,13,137
34183918,13,137
34183984,17,137
34184128,13,137
34187475,81,137
34187611,258,137
34188113,2339,137
34191285,5671,61
34192733,10378,38
34192932,22351,36
34195092,11967,196
34196955,8420,61
34197029,59,61
34205377,1621,61
34207060,11899,196
34216131,101,43
34218012,70,196
34218105,61,43
34218168,109,43
34221211,3177,62
34222513,4603,196
34224386,5105,62
34225614,7051,51
34227052,4489,196
34229489,6930,62
34230078,593,173
34230222,5984,9
34230607,11248,36
34231476,4554,196
34231784,1235,61
34232837,9676,51
34232960,2266,61
34233226,30,173
34233328,775,173
34233804,11,173
34233966,8,173
34234138,15,173
34234276,7,173
34234326,8,173
34234694,774,173
34235287,2052,61
34235390,9692,38
34235558,23,173
34235626,746,173
34235967,4523,196
34236418,1994,62
34236575,10,173
34236747,2023,173
34237392,5515,9
34237740,508,173
34238101,7891,61
34239287,1574,173
34239466,694,173
34240310,644,173
34240321,62,173
34240425,4768,196
34240931,3127,173
34241937,3646,36
34242715,7666,51
34242923,11995,9
34243795,915,70
34245188,4652,196
34245554,1392,70
34246190,479,70
34246290,6719,61
34246746,90,54
34246978,4051,70
34247838,110,54
34248182,325,36
34248243,11459,36
34249665,997,70
34249775,4435,196
34250607,7413,51
34251032,4117,70
34251617,1261,20
34252504,10504,61
34252897,23,54
34252963,71,54
34253033,18,54
34253155,34,54
34253471,5733,61
34253525,39,54
34253666,112,54
34253997,815,20
34254167,4564,196
34255152,4094,70
34255247,68,54
34256327,28,54
34256571,70,54
34257001,21,54
34257275,16,54
34257435,11,54
34257559,12,54
34257620,12,54
34258680,4580,196
34258732,22300,36
34258835,40611,62
34259246,3474,61
34259249,8151,70
34262660,5534,61
34263259,4555,196
34263274,58,196
34264298,59,54
34265833,495,54
34267402,4063,70
34271469,4846,70
34273222,11183,61
34275099,11958,196
34275172,61,196
34276317,5057,70
34281376,4384,70
34284349,10707,61
34284421,60,61
34285763,15338,70
34287052,12222,196
34287139,53,196
34299283,12062,196
34301104,5653,70
34302531,23,43
34304457,75,196
34304770,238,84
34305196,7285,51
34305208,59,51
34308924,4658,196
34309899,6185,61
34311347,811,173
34311358,8,173
34311359,30,173
34311570,9,173
34312296,906,173
34312676,7245,51
34313170,867,173
34313245,533,173
34313517,6262,196
34313814,55,173
34314477,650,173
34314692,146,173
34314881,123,173
34314893,60,173
34315038,167,173
34315245,1339,173
34316085,4713,61
34316835,854,173
34317124,997,173
34317876,2775,54
34318168,893,173
34318640,2316,173
34319191,395,173
34319202,61,173
34319589,1020,173
34319600,60,173
34319715,6581,196
34320173,4025,51
34320651,285,173
34320859,10101,61
34320977,1636,173
34322742,10,173
34322944,622,173
34323313,1618,173
34324640,3736,51
34325665,11,173
34325719,621,173
34326269,5820,196
34326299,24,196
34326351,11123,36
34326395,1391,173
34327471,666,173
34327820,981,173
34329261,2318,173
34330036,29527,146
34330449,141,36
34330901,9419,61
34331264,22191,146
34332046,4615,196
34332843,4035,20
34334442,4106,51
34336595,4554,196
34337297,516,20
34337626,944,1
34338741,3616,51
34340319,9437,61
34340986,44,1
34341111,4757,196
34341379,208,54
34341694,16,54
34342197,42,1
34342425,11,54
34342547,4751,51
34342558,62,51
34342739,41,1
34343788,1107,1
34343946,12,54
34344116,10,54
34344255,14,54
34344598,8,54
34344658,1654,70
34344930,2611,9
34345802,4710,196
34345999,25,54
34346096,1213,1
34346313,4323,70
34346964,14,54
34347126,8,54
34347305,10,54
34347525,3799,51
34348085,15,54
34348206,1512,61
34348598,932,54
34349806,42126,61
34349820,46,1
34350452,4545,196
34350637,4223,70
34350673,238,54
34351030,421,54
34351710,1166,54
34354620,37094,54
34354862,6691,70
34362564,11923,196
34379867,12294,196
34390512,25821,110
34390841,33,196
34392881,37,1
34392949,516,1
34394312,788,173
34394740,2369,54
34395170,2241,173
34395283,5176,196
34395330,3804,5
34395834,1625,1
34396171,9349,51
34396635,1853,75
34397107,33,137
34397351,25,137
34397440,9,173
34397708,9350,61
34397827,2059,173
34398191,2341,137
34398422,3162,36
34398542,2154,1
34398640,8269,70
34399150,1385,5
34399406,1479,1
34399773,411,30
34399898,1331,30
34399934,1791,173
34400394,5194,196
34400544,754,5
34400911,1695,1
34401253,1477,61
34401411,607,54
34401514,7107,95
34401735,14,137
34401774,1903,173
34402282,11484,146
34402613,746,137
34402756,1143,54
34404001,453,75
34404448,1374,173
34405553,5119,196
34405652,3016,9
34405707,7535,51
34405883,1833,173
34406272,604,143
34406681,198,143
34407198,807,75
34407742,1188,173
34407969,36,173
34407983,22,173
34408969,1428,173
34408982,49,173
34409455,9615,61
34409470,28,173
34409690,11326,36
34410028,874,99
34410474,1025,173
34410484,4461,70
34410551,1067,99
34410607,7692,196
34410690,291,137
34411549,1395,173
34411585,2232,10
34411703,1903,168
34412445,105,137
34412630,43,137
34412972,854,173
34413128,16,137
34413637,9927,51
34413871,890,173
34413993,610,168
34414015,373,137
34414156,7055,30
34414167,496,137
34414499,32,137
34414601,16,137
34414655,6,146
34414801,1474,146
34414905,5570,146
34414939,2527,173
34414946,1031,99
34414959,60,173
34415240,7865,95
34415320,70,137
34415687,50,137
34416091,4408,70
34416100,215,137
34416360,87,137
34416405,6694,11
34416455,1193,54
34417059,1302,146
34417066,236,137
34417977,12,173
34418069,3440,173
34418233,9342,196
34418585,16,25
34418673,16,20
34418827,11136,146
34420503,4159,70
34421559,9443,30
34421631,2291,173
34421698,612,137
34422385,272,137
34422623,2520,75
34422724,855,137
34423326,747,11
34423710,82,137
34423788,5563,51
34424026,72,137
34424201,227,137
34424216,17,173
34424509,14,20
34424560,4130,173
34424582,261,20
34424645,102,95
34424661,3625,70
34424719,362,137
34424782,5187,95
34425103,682,168
34425154,91,137
34425294,121,137
34425636,519,168
34425794,3777,137
34426898,354,168
34427121,577,168
34427432,583,32
34427539,5922,196
34427576,63,196
34428730,39,96
34428841,37,96
34429564,591,173
34430528,261,38
34431751,2218,9
34433269,434,173
34433398,4539,196
34433754,812,173
34434636,12,173
34434755,3016,9
34435405,10593,61
34435675,5085,61
34435852,4823,173
34437784,5752,9
34437875,5003,196
34437948,61,196
34442615,583,38
34445221,1303,58
34445941,11069,61
34446012,60,61
34446608,2358,58
34448206,2487,58
34449554,18113,70
34450171,12048,196
34454252,832,58
34457008,10929,61
34459431,6830,51
34462802,12000,196
34467668,10758,70
34474805,12175,196
34475331,19,43
34477544,2812,9
34478704,11266,36
34479719,1217,3
34480089,9,173
34480431,5703,95
34480778,669,51
34480932,3580,173
34481388,218,9
34481670,282,3
34481891,107,51
34482080,2086,51
34482231,9252,196
34482298,4064,61
34482336,1218,20
34482703,1631,30
34482910,1242,26
34483920,6810,26
34483921,1282,137
34484292,525,11
34485014,472,11
34485321,9888,20
34485831,5193,137
34485983,46,96
34486543,52,96
34487219,74,96
34487436,50,96
34487857,4526,30
34488324,1512,99
34489458,2835,58
34489548,2649,38
34489665,1090,38
34489704,7645,51
34489882,1206,173
34489972,509,134
34490069,4320,99
34490645,1238,26
34490771,1223,134
34491022,9450,134
34491238,1504,173
34491251,50,173
34491260,13,173
34491464,9224,196
34491482,11,173
34491484,55,196
34491500,6316,61
34492262,864,38
34492488,3202,38
34492763,17,173
34492800,1543,173
34492821,3829,58
34492823,75,173
34493020,1407,137
34493515,7345,15
34494370,64,96
34494387,5228,9
34494395,11237,36
34494510,2380,137
34494518,8,173
34495205,71,96
34495804,1663,99
34496114,1906,95
34496133,80,96
34496461,3055,26
34496647,105,137
34496822,111,96
34496854,152,137
34496887,4557,38
34496994,1451,137
34497115,144,96
34497397,63,146
34497457,436,30
34497472,1656,146
34497617,215,96
34497849,10092,51
34498068,64,96
34498186,57,96
34498323,27,96
34498445,1086,30
34499117,1755,99
34499610,621,30
34499624,113,96
34499634,4059,26
34499901,1948,173
34499941,45,96
34500301,3025,5
34500404,321,96
34500475,761,3
34500594,544,30
34500623,5551,196
34500804,357,96
34501362,1964,99
34501451,10656,20
34502124,371,96
34502129,4093,173
34502143,14,173
34502622,297,96
34502824,1903,61
34503052,297,96
34503233,6259,38
34503347,1811,5
34503588,2766,99
34504168,384,96
34504508,564,1
34504673,413,96
34505049,6700,9
34505188,469,96
34505420,947,58
34505657,1231,36
34505662,83,96
34505840,9804,61
34506088,1812,1
34506129,5131,196
34506470,3228,58
34506489,4582,173
34506578,457,96
34506862,64,54
34507058,337,36
34507319,987,54
34507401,6739,134
34507634,25802,110
34507834,65,95
34507903,1379,22
34508040,429,1
34508085,3404,99
34508276,3284,5
34508470,794,137
34508544,8857,61
34508558,81,1
34508640,5881,54
34508949,100,1
34509221,188,146
34509230,65,137
34509281,656,1
34509291,56,137
34509358,18,137
34509395,303,137
34509532,2373,38
34509925,1402,11
34510056,8413,1
34510061,519,96
34510094,78,137
34510167,1214,92
34510588,474,96
34511045,336,96
34511183,77,137
34511586,847,30
34511698,290,96
34511836,1420,58
34512143,12017,20
34512160,284,96
34512528,265,96
34512642,74,146
34512711,942,95
34512740,2930,146
34512916,7282,38
34513035,811,30
34513131,265,96
34513369,2684,137
34513669,554,96
34513685,1826,95
34514333,828,96
34514606,1827,20
34515190,380,96
34515474,9458,36
34515661,246,96
34515737,6492,38
34515749,4765,51
34515841,9381,38
34516101,399,95
34516334,9890,61
34520460,54,196
34522617,32,1
34523623,6877,38
34524188,3184,9
34524925,63,137
34525079,56,137
34525631,59,137
34525699,61,137
34525963,60,137
34526031,54,137
34526266,61,137
34526334,47,137
34526632,2304,58
34527000,319,137
34527331,41,137
34527534,22358,36
34528077,12,54
34528303,14,54
34529350,19,54
34529600,66,54
34531789,384,96
34532170,9312,61
34532370,1025,96
34532571,12095,196
34533616,65,54
34534046,64,54
34534122,1303,96
34534627,772,176
34534904,141,54
34535783,4537,176
34536599,31,96
34536896,55,96
34537342,491,96
34537842,460,96
34538419,298,96
34538850,263,96
34540274,77,54
34541079,3133,176
34551527,11954,196
34559624,9361,61
34561733,14,43
34561970,3419,51
34563479,13092,196
34563612,74,51
34564569,31,1
34564684,1553,1
34565156,3538,9
34566095,11278,36
34566401,1629,1
34567223,3612,51
34567502,561,95
34567720,1649,22
34567768,85,54
34568017,83,137
34568123,191,54
34568131,73,137
34568398,72,137
34568478,69,137
34568579,2126,20
34568611,24,54
34568775,90,54
34568835,296,95
34568868,201,15
34568875,113,137
34568998,69,137
34569031,4861,61
34569658,58,137
34569741,79,137
34570005,1226,146
34570721,1305,20
34570863,105,54
34571008,7974,51
34571221,662,30
34571467,20,54
34571503,3481,146
34571613,928,61
34571836,2918,173
34571871,23,54
34571902,123,30
34572106,4115,20
34572560,267,1
34572704,112,54
34572710,1901,95
34572817,3091,26
34573297,121,54
34573602,631,30
34573721,4067,1
34574045,70,54
34574103,1397,99
34574473,660,54
34574985,1576,5
34575220,2333,146
34575329,40,96
34575414,7773,196
34575498,29,96
34575502,3588,95
34575530,154,54
34575962,470,96
34575966,317,24
34576233,496,20
34576272,480,54
34576442,153,96
34576507,707,99
34576948,69,137
34577030,98,137
34577096,114,96
34577247,56,137
34577297,923,54
34577327,92,137
34577396,856,146
34577685,70,146
34577778,1504,146
34578268,107,137
34578639,423,54
34578658,82,137
34578757,76,137
34578957,32,96
34579124,32,96
34579201,114,137
34579287,6698,134
34579430,8672,51
34579485,183,1
34579660,424,54
34579859,2053,146
34580561,121,38
34580772,117,54
34580816,92,96
34581180,367,22
34581186,471,96
34581203,82,54
34581854,4244,58
34581910,295,54
34581919,81,62
34582575,644,96
34582754,349,137
34583126,70,137
34583145,6490,196
34583190,175,146
34583484,331,137
34583536,848,96
34583828,63,137
34583960,330,36
34583997,317,137
34584266,3403,95
34584644,4847,62
34585026,3615,26
34585203,9404,61
34586031,479,30
34586527,207,30
34586598,60,30
34587347,10526,61
34587863,1817,1
34587910,615,30
34588226,2971,24
34588941,207,15
34588948,4347,99
34589100,173,15
34589272,5895,36
34589492,5071,95
34589606,1009,20
34589610,6442,196
34589636,69,196
34589664,276,54
34589700,126,15
34589893,158,15
34590079,109,15
34590253,6814,15
34590770,2071,20
34590821,745,30
34591986,4861,38
34592071,1410,30
34592188,1928,9
34592782,25798,110
34593008,1287,20
34593639,15635,154
34594984,2191,20
34595146,305,22
34595249,1518,143
34595364,6426,95
34595527,144,137
34595544,1225,143
34595777,2939,58
34595837,337,137
34595856,9,137
34595988,7693,196
34596205,68,137
34596272,3723,134
34596330,139,137
34596359,2244,36
34596643,422,96
34596842,426,143
34596861,412,143
34597140,38,96
34597184,1842,20
34597314,274,96
34597334,726,30
34597694,3867,173
34597786,5959,62
34597900,754,96
34598054,64,21
34598073,694,30
34598182,95,30
34598583,28,137
34598714,54,137
34598769,1229,96
34598817,317,36
34598850,46,137
34598922,40,21
34598931,122,30
34599020,32,21
34599050,10681,61
34599211,898,20
34599621,18,137
34599654,96,137
34599834,31,137
34599838,3102,99
34600009,75,137
34600339,114,137
34600596,264,54
34600884,135,137
34601095,509,54
34601121,1315,38
34601196,68,137
34601219,60,137
34601302,551,30
34602293,118,54
34602420,572,54
34602548,7816,38
34603618,6095,196
34603742,4317,62
34605418,2326,173
34605727,299,54
34606577,292,54
34608398,695,62
34608764,1765,22
34609652,5410,196
34610232,1240,143
34610595,40,143
34610653,1232,143
34611889,129,143
34616288,3306,58
34616885,5116,9
34617591,22672,36
34617752,12,70
34617827,9120,70
34618513,706,134
34620839,1491,58
34621444,6,58
34621488,335,58
34622744,12173,196
34622819,58,196
34625189,437,58
34626945,6982,70
34633930,7298,70
34634918,14901,196
34648131,20,43
34651003,8648,51
34654062,7575,15
34657228,300,10
34657528,878,10
34658323,18189,154
34658525,62,10
34658587,120,10
34658806,58,10
34658985,51,10
34659033,11124,36
34659036,57,10
34659093,94,10
34659248,55,10
34659303,92,10
34659335,9764,38
34659419,118,10
34659537,71,10
34659608,51,10
34659683,121,10
34659804,62,10
34659866,119,10
34659984,59,10
34660104,59,10
34660224,61,10
34660285,59,10
34660403,76,10
34660660,60,10
34660720,120,10
34660840,65,10
34660905,95,10
34661000,120,10
34661120,59,10
34661179,62,10
34661300,42,10
34661342,121,10
34661402,183,10
34661463,182,10
34661585,178,10
34661645,118,10
34661763,121,10
34661825,117,10
34661884,179,10
34661942,180,10
34662062,122,10
34662777,69,10
34662846,172,10
34662907,171,10
34663018,243,10
34663078,183,10
34663261,178,10
34663261,179,10
34663439,240,10
34663498,180,10
34663678,181,10
34663678,181,10
34663858,211,10
34663918,151,10
34664069,58,10
34664069,58,10
34664585,818,24
34665322,1213,5
34665526,192,168
34665590,195,30
34665601,60,30
34665708,1197,5
34665772,1780,168
34665929,91,1
34666038,759,30
34666071,1054,1
34666169,75,188
34666244,57,10
34666301,94,10
34666394,69,10
34666406,363,143
34666461,228,143
34666463,67,10
34666529,19,188
34666540,136,10
34666675,27,10
34666701,862,143
34666713,86,10
34666785,782,143
34666804,94,10
34666827,324,30
34666898,60,30
34666898,116,10
34667031,94,10
34667125,77,10
34667201,79,10
34667341,50,10
34667391,119,10
34667510,44,10
34667565,127,10
34667689,499,30
34667692,70,10
34667762,76,10
34667838,77,10
34667838,1640,143
34667844,1636,143
34667975,63,10
34668038,81,10
34668119,59,10
34668178,116,10
34668294,79,10
34668373,88,10
34668389,1030,75
34668479,210,1
34668482,71,10
34668498,376,30
34668563,98,10
34668567,93,8
34668661,85,10
34668668,343,8
34668746,1503,1
34668751,115,10
34668810,1124,8
34668866,132,10
34668998,58,10
34669056,89,10
34669180,59,10
34669296,62,10
34669358,61,10
34669388,223,30
34669480,64,10
34669543,58,10
34669614,119,10
34669665,7195,196
34669733,91,10
34669828,342,24
34669829,107,10
34669936,139,10
34670001,2233,75
34670277,637,8
34670393,426,8
34670456,1215,143
34670599,108,30
34670764,4299,1
34671361,1402,8
34671642,11032,70
34671668,735,30
34671685,867,54
34672145,61,15
34673001,506,30
34673154,2425,5
34673250,109,8
34673277,3281,5
34673874,417,30
34673917,2099,6
34674622,6490,20
34675249,2565,9
34675363,4351,99
34675783,752,1
34676324,1099,6
34676462,8058,143
34676471,6347,143
34676738,1791,1
34676802,7522,196
34677429,387,30
34677445,2103,6
34678182,751,6
34678216,4255,20
34678221,20306,146
34678836,3613,5
34678942,71,54
34679213,6207,51
34679224,25800,110
34679288,11042,146
34680456,32,30
34680483,1043,6
34680491,364,94
34680624,3265,5
34680629,911,6
34680692,640,30
34680854,479,94
34681307,11674,134
34681333,301,94
34681564,1254,6
34681605,811,6
34681633,32,54
34681634,331,94
34681965,327,94
34682219,415,30
34682292,405,94
34682457,450,6
34682697,362,94
34682833,1695,143
34682880,1314,6
34682924,980,6
34682969,3871,20
34682983,618,30
34683058,525,94
34683143,52,1
34683225,3434,20
34683379,83,10
34683485,123,10
34683504,600,1
34683597,861,94
34683736,151,10
34683835,9647,38
34683950,893,6
34684194,10738,1
34684256,586,6
34684302,7307,196
34684322,525,10
34684324,71,196
34684457,695,94
34685152,532,94
34685542,80,188
34685605,192,10
34685750,395,94
34686143,193,10
34686145,364,94
34686181,8726,51
34686509,336,94
34686847,478,94
34687325,423,94
34687745,361,94
34688170,352,94
34688522,386,94
34688907,362,94
34689267,363,94
34689626,421,94
34689759,556,54
34689812,6791,70
34690106,445,94
34690206,216,10
34690543,419,94
34691035,388,94
34691489,381,94
34691543,6056,196
34691610,60,196
34691870,362,94
34692289,349,94
34692638,416,94
34693048,366,94
34693470,361,94
34693831,429,94
34694260,412,94
34694729,461,94
34695190,490,94
34695678,421,94
34695918,3479,51
34696098,361,94
34696458,400,94
34696602,6934,70
34696857,303,94
34697160,318,94
34697225,7251,1
34697540,4543,196
34698233,152,43
34700333,46,38
34700943,3662,20
34701145,357,20
34701510,2968,20
34703268,1068,61
34703541,6841,70
34704519,125,1
34704956,849,1
34705690,9458,61
34706105,469,1
34706573,1501,1
34708530,2049,1
34709919,154,54
34710374,65,54
34710383,4322,70
34711475,40,54
34712014,61,54
34712441,14956,196
34713124,48,54
34713699,47,54
34714902,8573,70
34719781,9563,61
34723474,4638,70
34727399,11949,196
34728117,7996,70
34729395,5755,61
34729467,59,61
34734531,16,43
34735145,2101,61
34735881,61,70
34736237,3190,20
34737096,3896,1
34737252,10689,61
34737325,59,61
34740911,4526,196
34741773,1423,173
34742719,5476,9
34743839,6801,15
34745438,4541,196
34746344,9356,38
34746456,1611,1
34747201,1493,173
34747943,9348,61
34748068,863,146
34748155,722,1
34748395,77,54
34749223,6338,51
34749586,3936,146
34749914,5744,196
34750177,47,95
34750225,4931,95
34750236,62,95
34750840,58,1
34750901,478,1
34750932,2551,173
34751386,661,1
34751656,9337,38
34751882,1534,146
34752082,98,1
34752106,1130,9
34752307,527,1
34752833,97,1
34752974,839,1
34753902,124,1
34754037,880,1
34754655,1355,38
34755287,1174,1
34755498,9999,134
34755594,4629,196
34755760,6214,51
34756468,1568,1
34758065,186,1
34758469,1894,9
34759035,96,1
34759283,2522,1
34759829,5524,20
34759893,2267,20
34760158,4603,196
34760247,28,188
34761185,71,54
34761686,2834,61
34761788,1316,70
34761881,11326,1
34762162,10625,51
34762172,2614,20
34762173,38,51
34762209,91,54
34763123,4424,70
34763195,111,54
34764419,7767,38
34764454,36,54
34764571,303,188
34764757,4739,196
34765079,19,188
34765181,71,188
34765495,29,188
34765525,1032,134
34765855,2105,61
34765966,5384,173
34765976,61,173
34766118,4,134
34766619,8,134
34766703,9347,61
34766722,6,134
34766796,57,134
34766841,10033,134
34767549,5248,70
34767920,2610,20
34768356,3112,20
34769425,4731,196
34772798,5390,70
34773334,5259,51
34773427,1541,38
34774093,4473,196
34776622,2092,134
34778191,9204,70
34778560,4548,196
34778596,59,196
34779054,3426,51
34781154,3237,134
34781761,2392,173
34782234,37,54
34782710,3661,51
34782761,3677,1
34782778,35,54
34783098,4516,196
34783137,3934,134
34783573,36,54
34784714,2309,173
34786263,35,54
34786636,36,54
34787158,1950,134
34787676,61,54
34788103,34,54
34788869,53,54
34789603,33,54
34789959,32,54
34790228,30,54
34790680,14,54
34791060,330,54
34791567,182,54
34791908,113,54
34792034,6392,54
34792090,2355,20
34792173,9495,61
34792199,2797,20
34793933,9348,38
34794986,4465,70
34795000,12225,196
34795073,61,196
34798496,77,54
34799390,1119,54
34799458,4354,70
34800668,1284,54
34801643,9416,61
34801975,114,54
34803814,4332,70
34807223,12018,196
34808148,4367,70
34808442,26,38
34812517,8581,70
34819244,14023,196
34820424,9590,61
34820931,22,43
34821100,4560,70
34823673,35,61
34824265,91,61
34825163,287,61
34825662,8190,70
34826699,4418,51
34826711,61,51
34827253,4784,196
34827383,311,61
34829784,2280,173
34830015,9420,61
34830914,4095,20
34831234,3849,20
34831586,6210,1
34831973,4930,196
34832906,61,70
34833156,2810,173
34834339,168,54
34835142,4653,20
34835333,37985,20
34836048,515,61
34836350,131,54
34836856,4791,196
34836999,344,54
34837366,2131,54
34837736,11480,36
34838288,272,61
34838504,9301,38
34838511,9245,38
34838541,2299,173
34839405,4808,1
34839466,9455,61
34840141,2912,20
34841594,4754,196
34841647,251,54
34842173,34,54
34842709,18,54
34843179,99,54
34843296,4634,20
34843378,91,54
34843988,96,54
34844547,58,54
34844952,22,173
34845074,27,173
34845252,66,54
34845803,78,54
34846339,4585,196
34846349,58,54
34846361,37,196
34846414,97,54
34846609,1200,173
34846620,37,173
34846950,14,173
34847301,136,54
34847555,111,54
34848082,24,54
34848491,296,54
34848499,6409,51
34848971,2738,173
34849310,11281,36
34849354,1237,64
34850861,4514,196
34851856,6043,62
34855161,6993,51
34855312,4560,196
34857898,6776,62
34858195,9594,61
34859807,4624,196
34861201,1656,54
34861732,11164,36
34862338,10296,51
34864230,26,173
34864368,4582,196
34864672,8777,62
34865046,8098,1
34865587,5311,173
34868889,4620,196
34872814,3394,51
34872876,1385,70
34873133,8038,38
34873771,3333,62
34874284,4851,70
34874824,13245,134
34877037,9438,61
34879136,4999,70
34881123,3532,134
34882911,12062,196
34883049,58,196
34884137,4782,70
34884533,45,38
34885081,14188,62
34888921,8257,70
34894976,12198,196
34897178,4055,70
34899268,8842,62
34899723,9520,61
34899794,61,61
34901237,4218,70
34905457,4157,70
34907174,12095,196
34907332,21,43
34909219,22,196
34909243,9404,61
34909616,4215,70
34912842,3397,51
34912854,60,51
34913749,4661,196
34913833,8695,70
34916480,3408,51
34918344,4516,196
34918708,9549,61
34920116,3619,51
34922531,4763,70
34922795,6543,196
34924194,1099,43
34924467,6495,134
34925696,674,134
34925975,245,43
34926370,3494,20
34926417,837,134
34926488,3400,20
34926749,5109,51
34927254,2572,173
34927294,8571,70
34928037,1179,134
34928244,9507,61
34929272,5445,196
34929338,76,196
34929413,6321,134
34932166,3397,51
34932910,3520,134
34934653,5056,196
34935833,4000,51
34936936,12,70
34937063,1547,70
34937705,6614,61
34938611,4224,70
34938629,2031,173
34939705,4590,196
34940038,3729,51
34942836,4148,70
34943938,3419,51
34944291,4556,196
34946986,4180,70
34947526,3407,51
34948785,4526,196
34950392,11955,134
34950644,9428,61
34951143,3563,51
34951169,8344,70
34953251,4712,196
34954190,2924,9
34956556,85,1
34959514,4129,70
34960108,10425,61
34963438,163,38
34963444,8,38
34963646,4321,70
34965346,11891,196
34967968,5009,70
34971007,1020,134
34972979,5074,70
34977237,11969,196
34977538,9251,38
34978056,9153,70
34982453,9384,61
34983121,3432,51
34987210,4551,70
34989207,14790,196
34991763,8254,70
34993731,192,43
34994311,7462,9
34995663,71,196
34995857,51,43
34995911,65,43
34999335,3405,51
35000138,180,1
35000144,63,1
35000331,1204,1
35000337,7512,196
35000338,28,1
35000355,18,21
35000356,70,196
35000432,431,30
35000601,21,21
35000873,17,21
35001125,27,21
35001146,9601,61
35001389,33,21
35001511,48,137
35001751,36,137
35001882,55,137
35002010,404,137
35002487,101,137
35002688,95,137
35002695,615,36
35002919,121,137
35002941,6462,51
35002952,61,51
35003105,155,6
35003116,142,6
35003300,1039,75
35003378,3146,134
35003815,618,75
35004076,519,1
35004481,127,137
35004902,20,21
35005072,5999,95
35005192,14,21
35005344,7174,15
35005488,520,30
35006028,276,30
35006094,121,30
35006299,120,36
35006975,10107,5
35007141,2031,70
35007169,52,137
35007245,183,137
35007338,285,30
35007772,8633,196
35007850,107,196
35008113,26,21
35008150,4256,173
35008658,1184,134
35008886,323,20
35009007,4850,9
35009175,5084,70
35009372,24,143
35009394,1245,143
35009408,1230,143
35009834,9831,51
35009959,381,134
35010353,3086,134
35010480,11964,38
35010692,9953,61
35010777,61,137
35011316,26,21
35011485,131,36
35011993,29,21
35012196,130,134
35012564,10355,38
35012566,28,21
35012918,18,21
35013073,66,137
35013192,18969,146
35013328,24,21
35013523,31,21
35013708,32,21
35013807,1251,143
35013855,42,21
35013865,11387,134
35014145,1246,143
35014260,4594,70
35014739,39,21
35015001,233,21
35015275,11955,173
35015594,1253,143
35015727,792,30
35016236,3911,95
35016308,1638,198
35016312,63,30
35016316,97,95
35016374,8929,196
35016412,109,196
35016536,661,30
35017140,54,143
35017174,11906,5
35017212,639,30
35017301,39,31
35017461,4708,94
35017796,43,31
35017944,862,134
35018223,845,30
35018517,157,15
35018800,1245,198
35018870,10584,61
35019028,208,1
35019632,157,1
35019784,1252,198
35020093,9841,51
35020145,651,30
35020467,1435,198
35020844,140,137
35021202,93,137
35021227,71,137
35021289,600,1
35021652,1273,198
35021977,1685,198
35024259,1379,128
35024912,85,1
35025064,576,134
35025109,727,30
35025128,74,1
35025241,6836,196
35025471,671,24
35025638,113,36
35025781,1901,36
35025906,13235,134
35026475,2615,1
35026859,5614,134
35027166,989,20
35027952,71,31
35028144,246,30
35028145,28,31
35028155,87,31
35028162,253,20
35028293,77,31
35028309,61,31
35028392,24,31
35028507,60,31
35028567,60,31
35028627,21,31
35028931,407,30
35029069,81,31
35029208,60,31
35029268,65,31
35029598,357,30
35029930,2486,5
35030165,499,30
35030480,6913,51
35030493,28,31
35030507,3037,5
35030543,6539,70
35030691,809,20
35030754,7371,173
35030781,64,173
35030928,337,30
35031949,341,30
35032009,6260,196
35032457,13244,134
35037575,3842,51
35038209,6096,196
35041811,67,137
35042333,12,38
35043566,67,137
35044243,4626,196
35045757,22160,134
35045780,60,137
35046684,6586,70
35047060,101,137
35047080,95,137
35050274,46,134
35050436,9626,134
35051943,9912,61
35053275,6528,70
35059083,15007,196
35059101,9716,134
35059161,62,196
35063231,9445,61
35063947,14,38
35069821,6767,70
35071235,3452,51
35077243,44,196
35077307,4524,196
35077339,31,196
35079223,9367,61
35080130,468,43
35080383,1722,36
35082158,44,196
35082617,443,43
35083065,304,43
35083219,11169,36
35084378,1270,131
35084571,124,36
35084589,1306,6
35084598,1297,6
35085211,2758,5
35085486,1764,131
35085706,1660,131
35085763,4135,51
35085985,4555,6
35086051,4144,70
35086654,365,6
35086706,5681,196
35086735,60,196
35086947,767,30
35087079,1157,6
35087294,72,137
35088321,15897,196
35088330,91,137
35088370,1343,75
35088691,519,75
35088979,1703,1
35089877,1391,5
35090237,6446,51
35090358,579,30
35090556,11740,38
35090723,9160,5
35091269,4774,134
35091295,300,30
35092359,5045,196
35092388,60,196
35092732,443,30
35092798,1260,38
35093877,312,30
35093903,4456,26
35094153,1567,26
35094406,924,38
35094462,142,135
35094690,1323,5
35095230,11,135
35095308,21,135
35095501,150,30
35096097,13,135
35096211,10,135
35096326,660,135
35096447,3812,99
35096645,1373,75
35096883,4459,51
35097082,575,30
35097102,13,135
35097334,844,135
35097420,4634,196
35097532,70,137
35097888,351,135
35098142,9760,61
35098383,109,135
35099349,227,135
35099501,73,137
35099522,97,137
35100811,203,40
35101259,942,135
35101990,4633,196
35102253,2099,1
35102343,9765,26
35102765,249,30
35104599,888,99
35104604,6748,51
35104678,86,1
35104910,55,30
35104974,17,30
35105044,144,30
35105298,809,1
35105433,2394,143
35105493,108,143
35105722,6045,5
35105753,1003,30
35106097,96,137
35106311,1482,22
35106436,120,143
35106569,1951,143
35106615,7752,196
35106624,270,1
35106635,30,196
35106717,80,137
35106793,4035,70
35106862,1507,61
35106885,105,137
35106960,6457,99
35107069,3046,1
35107450,725,131
35107490,10369,38
35107821,2945,22
35107826,201,30
35108095,595,75
35108194,216,30
35108545,123,137
35109005,4819,194
35109314,2760,131
35110041,26,143
35110078,252,143
35110302,1163,143
35110328,127,30
35110485,1372,5
35110700,821,54
35110762,17,22
35110771,706,143
35110911,4445,70
35111286,4678,134
35111290,1042,43
35111343,59,137
35111463,1469,22
35111474,3073,143
35111509,4121,143
35111557,964,6
35111651,1411,54
35111825,6843,51
35112281,100,137
35112619,14125,5
35113298,419,54
35113739,69,54
35113823,97,8
35113828,2136,54
35113900,2924,194
35114204,869,30
35114247,2262,22
35114265,451,11
35114293,282,6
35114303,12193,196
35114548,60,8
35114646,101,8
35114812,176,8
35114873,735,143
35115042,253,8
35115070,2130,135
35115076,66,8
35115484,8835,70
35115599,697,30
35115988,797,36
35116554,95,30
35116576,659,6
35116813,2044,5
35116854,413,54
35116931,1301,36
35117023,19,30
35117081,12606,36
35117261,252,1
35117517,103,137
35117531,931,54
35117587,192,135
35117654,1034,95
35117867,104,137
35118059,151,137
35118223,370,194
35118316,1572,162
35118435,1299,135
35118562,129,36
35118589,793,54
35118682,2435,194
35118805,384,36
35118872,1166,30
35119115,8031,51
35119241,2015,36
35119585,6603,54
35119743,2219,135
35120330,4202,5
35121643,936,162
35121970,16,135
35122193,3009,134
35124003,1925,135
35124342,2956,162
35124407,35,61
35124422,5013,70
35126435,6020,196
35126511,57,196
35128295,608,70
35128648,2879,1
35129542,10642,70
35131183,10227,61
35142331,15128,196
35142408,118,196
35144342,10367,38
35144373,9828,61
35146737,14,38
35152377,61,70
35154151,9409,61
35154223,60,61
35154964,3607,51
35157520,10926,196
35163606,9381,61
35165335,531,61
35166531,76,43
35168321,25783,110
35168452,82,196
35168540,56,43
35168600,43,43
35170770,127,36
35171422,1249,22
35171433,1401,22
35171997,740,6
35172374,2605,5
35172665,932,1
35172867,470,30
35172959,9758,61
35173042,1042,22
35173113,963,22
35173379,293,30
35173544,146,1
35173562,118,137
35173688,2569,162
35173866,89,137
35173918,848,194
35174106,90,137
35174211,84,137
35174299,285,1
35174424,5007,196
35174461,459,30
35174462,62,196
35174773,1278,8
35175694,1477,54
35176041,468,36
35176363,2276,75
35176384,263,8
35176568,948,30
35176723,272,20
35176748,1506,8
35176828,59,8
35176934,4059,51
35177404,10014,36
35177538,2226,1
35178088,15674,196
35178537,419,30
35178567,918,22
35178617,692,22
35179497,381,137
35180403,2059,99
35180582,1863,146
35180997,946,62
35181040,33,51
35181153,4016,9
35181388,334,162
35181572,751,8
35181756,875,146
35182624,492,30
35182659,2646,26
35182698,764,51
35182741,9997,61
35182952,861,162
35183308,430,137
35183458,268,54
35183533,27,8
35183588,33,188
35183604,2125,51
35183692,640,188
35183830,7949,146
35183939,517,137
35184023,1510,5
35184369,43,188
35184484,1309,40
35185663,5100,26
35185736,2125,51
35186045,2383,9
35186369,820,40
35186419,5,36
35186648,313,188
35187468,2040,40
35187617,6361,38
35187962,2091,51
35188476,4168,9
35189283,120,137
35189435,89,137
35189758,40,137
35189820,116,137
35189894,939,30
35190056,2090,51
35190167,94,137
35190651,701,54
35191143,1015,30
35191221,4097,5
35191409,1047,20
35191466,462,36
35192152,2108,51
35192253,4202,62
35192691,215,20
35192830,2832,26
35192897,2712,26
35193310,1651,143
35194150,28676,146
35194266,2482,51
35195356,16612,146
35195863,451,36
35196055,3534,20
35196450,8064,62
35196755,3576,51
35197448,910,30
35197606,896,8
35197628,8020,173
35198115,197,1
35198127,51,1
35198313,227,1
35198330,1260,38
35198527,129,36
35198652,1673,1
35200066,1770,99
35200339,3274,51
35200642,248,188
35201378,9783,61
35201625,2410,188
35201998,220,196
35202079,62,196
35202556,96,99
35203132,6339,20
35204303,7585,20
35204476,22409,1
35206744,950,22
35206817,1396,22
35207002,7835,196
35207853,965,22
35208241,321,22
35214251,4170,20
35214451,4720,20
35215849,132,38
35215862,9,38
35216265,17,173
35216987,8470,173
35217565,2655,61
35220190,9572,61
35220250,4453,20
35220672,4527,20
35221324,340,61
35222317,717,61
35223135,360,61
35224115,1623,61
35226849,2136,70
35229051,5475,70
35229413,14223,62
35229769,10137,61
35230450,15568,196
35230586,60,196
35234528,5561,70
35239908,9348,61
35240092,7823,70
35252936,100,43
35254513,3871,51
35271648,1698,5
35272919,1686,197
35272946,577,197
35274224,4875,54
35274412,6497,38
35275513,55,43
35275571,41,43
35275599,219,196
35275615,41,43
35275659,290,43
35275939,7628,196
35275953,324,43
35276187,64,125
35276193,9613,95
35276279,219,43
35276501,379,43
35277332,2527,5
35277568,60,31
35278182,7,47
35278315,110,47
35278440,135,47
35278877,124,197
35279151,457,30
35279227,231,96
35279231,5580,62
35279395,1259,15
35279499,362,96
35279856,9192,5
35280040,2590,143
35280392,61,94
35280694,56,94
35282837,6819,61
35283020,119,94
35283139,119,94
35283227,10132,70
35283258,184,94
35283442,125,94
35283502,6209,196
35283567,186,94
35283753,113,94
35283866,153,94
35283949,2178,30
35284019,180,94
35284199,189,94
35284267,25749,110
35284387,208,94
35284524,1272,47
35284595,208,94
35284803,271,94
35284893,1234,143
35285073,1526,96
35285074,235,94
35285309,180,94
35285489,120,94
35285609,188,94
35285797,101,94
35285898,145,94
35286037,10108,95
35286043,146,94
35286188,60,94
35286308,119,94
35286427,184,94
35286611,120,94
35286657,1651,30
35286730,191,94
35286921,133,94
35286931,653,22
35286981,949,22
35287054,238,94
35287104,396,40
35287291,179,94
35287470,222,94
35287692,136,94
35287827,224,94
35288051,156,94
35288207,165,94
35288371,160,94
35288455,391,143
35288531,108,94
35288627,921,99
35288638,190,94
35288834,166,94
35288846,914,30
35288932,1206,143
35289011,163,94
35289181,210,94
35289391,209,94
35289600,177,94
35289632,10239,62
35289708,6494,196
35289776,1283,38
35289876,54291,38
35290406,598,36
35290544,8501,5
35290787,958,99
35290871,53,143
35290948,1228,61
35291072,538,143
35293380,9298,70
35297835,242,96
35306083,7,146
35306488,47716,134
35306731,45481,134
35307324,8336,61
35307809,14569,196
35312332,6789,38
35322597,4021,51
35339331,9189,43
35343721,1757,7
35344001,8055,36
35349466,636,1
35351011,11311,15
35352386,5729,173
35352654,1276,137
35353818,14950,134
35354236,330,1
35354366,5171,70
35354571,109,70
35354963,690,36
35354977,15892,196
35354988,1215,26
35355023,10949,61
35355241,8450,137
35355259,3362,70
35355338,2195,143
35355943,1641,99
35356130,1273,7
35356144,11,30
35356211,941,30
35357275,255,30
35357347,65,30
35357639,11132,95
35358240,3406,51
35358319,1400,143
35358450,13,143
35359532,4465,70
35359585,371,188
35360815,63,143
35361082,1000,30
35361625,493,143
35361651,8,51
35361921,12,51
35361943,12,51
35361969,2117,51
35363348,14,80
35366269,1292,162
35369708,1254,7
35370177,3585,95
35370702,288,162
35370959,1920,134
35371106,284,30
35371582,671,30
35371754,187,137
35371926,568,38
35372415,86875,38
35372521,10546,38
35372585,1280,30
35372592,472,162
35372972,3450,143
35373057,6393,134
35373409,2880,143
35373561,5174,70
35373589,8257,196
35373822,79,137
35373858,4142,51
35374132,458,36
35374135,10840,61
35374244,4419,95
35374349,461,30
35374683,1915,188
35374830,165,30
35374904,59,30
35375665,7339,134
35376309,108,143
35376579,84,80
35377547,12210,80
35378926,5296,70
35378999,1319,146
35379243,274,137
35380032,1293,146
35380436,608,36
35380537,1228,146
35381765,6566,196
35382976,1002,162
35383704,25,173
35384016,263,162
35384959,11965,70
35386261,375,162
35387488,21,173
35388288,5889,196
35390408,16,173
35390853,11733,80
35391786,1292,146
35392118,1287,146
35397535,8809,70
35401432,16,38
35404181,16625,196
35406345,17079,70
35420809,12118,196
35421054,59,70
35422733,76,70
35425730,109,43
35427611,71,196
35433415,5768,196
35438613,2189,20
35439120,4797,196
35441323,922,20
35441618,5444,20
35443853,4386,196
35444842,10247,38
35447938,1182,61
35448174,4392,196
35449208,1166,61
35449546,1171,20
35451148,2751,61
35452503,5476,196
35452827,11256,61
35453342,133,20
35453791,14189,62
35453836,2860,61
35455046,5297,51
35455939,13757,20
35456634,2870,61
35457915,7684,196
35459442,2860,61
35460350,5325,51
35462239,2760,61
35464937,2989,61
35465537,7408,196
35465679,5952,51
35467863,2765,61
35470565,2839,61
35471635,5956,51
35472884,7638,196
35472956,61,196
35473344,3571,61
35474635,10730,61
35474818,1410,70
35476227,4183,70
35480413,5104,70
35485002,12009,196
35485075,60,196
35485519,633,70
35497010,12265,196
35497086,60,196
35505581,10779,61
35509278,12066,196
35509748,2761,61
35512130,123,43
35514169,63,43
35514234,40,43
35514276,66,43
35517541,3295,61
35519971,5360,51
35520774,3461,61
35520864,11127,80
35521595,6427,196
35524171,3392,61
35526156,4154,70
35527498,3478,61
35527959,4596,196
35528291,5204,20
35530032,10373,38
35530263,10307,38
35530310,8298,70
35530913,3568,61
35532513,4646,196
35534420,4955,61
35535767,7655,134
35537094,4626,196
35538611,4206,70
35539315,6112,61
35541655,4588,196
35542819,4280,70
35543605,1894,134
35545476,3422,61
35546176,4542,196
35547100,4279,70
35548848,3432,61
35550656,4643,196
35551381,4289,70
35552217,3583,61
35555235,4535,196
35555672,8382,70
35555735,3301,61
35559708,8871,196
35564056,4462,70
35568520,7881,70
35569759,7242,61
35571776,12310,196
35571849,60,196
35574571,1409,70
35577813,4255,70
35581958,7,51
35582070,3388,70
35584087,1723,196
35584162,59,196
35597114,12206,196
35598530,71,43
35598594,7341,61
35600415,6,51
35600424,4,51
35600432,6,51
35600441,8,51
35600452,4,51
35600459,4,51
35600466,6,51
35600485,54,43
35600542,46,43
35601600,7596,51
35603234,5907,70
35609383,14796,51
35609471,572,11
35609920,1329,128
35610308,26,137
35610463,13715,15
35610563,78,95
35610585,23,137
35610788,23,137
35610909,144,197
35610914,496,95
35610922,844,75
35610936,52,137
35611089,60,137
35611183,4590,196
35611883,7570,38
35612633,224,99
35612698,11539,146
35612780,11397,146
35613093,216,54
35613097,1943,22
35613354,44,137
35613498,1802,99
35613685,66,137
35614103,31,137
35614109,301,54
35614312,11637,38
35614447,932,54
35615399,1025,40
35615712,8467,196
35615884,8347,99
35616428,72,61
35624169,47,61
35624183,12,51
35624199,7,51
35624210,12,51
35624226,8,51
35624243,8,51
35624255,8,51
35624266,13,51
35624554,107,61
35624601,69,61
35624707,81,61
35624740,4488,196
35625020,13999,146
35625037,107,61
35625084,110,61
35625191,2053,15
35625195,71,61
35625285,29854,146
35625332,10375,61
35625662,10925,61
35626750,131,137
35627023,9334,38
35627463,505,15
35627722,26,188
35627831,1280,99
35628336,24,93
35628374,19,137
35628397,5094,51
35628513,1803,93
35628699,13523,134
35628716,510,40
35628839,2325,134
35629157,136,8
35629205,4975,196
35629677,12,137
35629839,13,188
35629863,1840,15
35629889,13,137
35630006,9,137
35630687,12,179
35630720,2511,54
35630737,14,179
35631138,368,99
35631600,947,99
35634141,4844,51
35634146,6197,196
35634568,760,99
35634734,611,95
35635438,1230,15
35635876,3170,95
35636053,1170,15
35636958,10574,61
35639581,5779,51
35640024,1662,93
35640282,4501,196
35640443,310,10
35640576,58,31
35640695,59,31
35644722,4927,196
35644798,57,196
35645377,130,54
35645641,305,54
35645891,3620,51
35646767,1009,54
35656928,12558,196
35657001,62,196
35657852,1458,70
35659310,4374,70
35663683,9219,70
35669546,12769,196
35669560,63,196
35670671,9852,61
35672906,4394,70
35677303,4395,70
35680302,4769,196
35680967,391,62
35681699,4399,70
35684930,76,43
35686100,4393,70
35686930,66,43
35686999,26,43
35687029,12846,196
35689863,10776,61
35690449,1043,5
35690495,9272,70
35690593,3894,51
35690901,754,43
35691691,5365,196
35692748,43,10
35693170,2832,22
35693182,1297,22
35693233,1059,146
35693884,3104,146
35694486,224,10
35694733,1080,22
35694807,2459,75
35694944,5507,51
35695042,1196,134
35695903,101,22
35696693,1577,146
35696985,4935,196
35698349,1419,146
35698484,837,173
35699107,577,99
35700006,633,99
35700366,6,36
35700442,975,146
35700459,5,36
35700640,10857,61
35700727,37,173
35701080,7335,51
35701219,1057,15
35701297,808,5
35701301,29,173
35701460,989,15
35701474,19,173
35701485,51,173
35701594,19,173
35701601,54,173
35701698,19,173
35701711,69,173
35701862,5708,196
35701925,32,173
35702051,452,99
35702084,25,173
35702147,11134,61
35702221,27,173
35702360,927,173
35702420,2801,5
35702423,81,15
35703092,427,10
35703121,4142,146
35703179,358,22
35703182,949,22
35703413,46,31
35703417,80,173
35703532,336,128
35704129,78,36
35704147,59,81
35704217,213,128
35704244,2424,11
35704399,100,173
35704410,11316,36
35704574,392,15
35704610,61,173
35704622,51,173
35704752,62,173
35704762,52,173
35705096,64,173
35705319,5777,38
35705343,51,173
35705348,6053,38
35705349,46,173
35705397,459,128
35705527,36,137
35705535,85,173
35705684,30,38
35705694,919,22
35705704,3611,22
35705723,2811,38
35705776,74,173
35705907,1535,5
35705944,106,173
35706235,75,173
35706246,60,173
35706367,24,173
35706689,53,173
35706699,1189,22
35706772,669,99
35706914,121,173
35707066,1025,15
35707132,372,173
35707173,949,11
35707505,6141,196
35707633,147,173
35707647,60,173
35707722,47,137
35707908,1274,22
35708176,1215,173
35708317,25762,110
35708776,660,15
35708890,5674,51
35708915,15614,146
35709023,1179,99
35709469,1172,22
35709495,1151,22
35709758,307,103
35709943,85,173
35709980,35,103
35710157,694,173
35710163,42,173
35710416,2021,128
35710495,1430,5
35710895,851,173
35711616,37,137
35711721,942,22
35711734,916,22
35711857,1462,173
35711870,58,173
35711990,38,137
35712309,40,137
35712541,39,137
35712837,39,137
35712857,579,99
35713009,473,32
35713057,38,137
35713377,36,137
35713384,189,22
35713393,935,22
35713605,4519,196
35713757,39,32
35713809,310,32
35713824,975,22
35714500,128,32
35714564,252,22
35714755,14,137
35714830,950,22
35714838,3662,22
35714967,198,32
35715226,453,173
35715364,200,32
35715496,18,137
35715729,435,173
35715738,14,137
35715759,207,32
35715889,1256,22
35715903,12,137
35716223,12,137
35716346,3735,36
35716417,1799,58
35716479,417,173
35716749,24,137
35716939,26,137
35717058,422,173
35717143,29,137
35717160,988,22
35717443,12,137
35717636,532,173
35717819,96,137
35718027,95,137
35718093,8828,196
35718124,25,196
35718175,934,22
35718216,487,173
35718282,94,137
35718498,2545,128
35718616,14,137
35718793,49,137
35718998,80,173
35719002,50,137
35719170,4018,58
35719249,2146,173
35719360,2034,137
35719579,36,137
35719819,1500,173
35720032,41,137
35720058,7988,137
35720271,27,137
35720858,43,137
35721159,27,137
35721450,17211,36
35721914,2827,75
35722515,3847,128
35722633,10696,61
35725411,436,173
35726385,2739,58
35726659,459,173
35726861,5315,196
35728676,9521,38
35732094,4629,196
35734266,10647,61
35736164,12,38
35736531,9,38
35737958,11684,38
35738633,5402,70
35740737,26,36
35744065,9575,70
35744961,12711,196
35745036,61,196
35745423,1670,70
35749757,9904,61
35751538,14,38
35755305,4275,70
35757270,3759,51
35757675,11930,196
35757748,61,196
35759559,4182,70
35763801,4106,70
35767910,8182,70
35769610,12119,196
35769668,9462,61
35770060,7108,61
35771330,110,43
35773369,54,43
35773425,43,43
35776095,4364,70
35776102,4816,22
35776114,1523,22
35777817,4644,196
35777866,1023,22
35778912,942,22
35780461,5147,70
35780938,19,22
35782378,367,99
35782384,5547,38
35782394,9514,196
35782701,1227,146
35783401,534,36
35783930,2359,146
35784294,7614,146
35784434,1034,5
35784526,117,137
35784584,2016,15
35784785,1725,58
35784861,710,75
35785610,618,70
35786219,9530,61
35787022,547,9
35789139,120,36
35791308,1588,128
35791485,9270,38
35792699,1761,5
35792906,5513,196
35793085,6715,38
35793701,4847,36
35794271,2225,128
35798371,4434,196
35798428,1214,5
35798531,913,54
35798538,3454,51
35798615,11,62
35798642,36,62
35798839,1,62
35798964,1,62
35799608,2800,58
35800380,532,36
35800635,602,179
35800889,126,36
35801463,758,134
35801560,10499,61
35802229,122,36
35802742,4614,196
35803314,8,179
35803387,1404,179
35803788,4399,70
35804246,3189,62
35807290,4547,196
35807428,3169,62
35807580,3346,9
35808190,5069,70
35810599,3182,62
35810954,1117,9
35811629,65,38
35811773,4470,196
35813261,11429,70
35813779,3036,62
35815075,86,173
35815650,846,173
35816196,4546,196
35816792,465,173
35816852,59,173
35817493,466,173
35818283,467,173
35819018,465,173
35819672,465,173
35820199,446,173
35820739,4776,196
35821202,10837,61
35824686,7973,70
35826746,3064,9
35827132,10638,38
35827140,7029,36
35832203,11144,61
35832667,16998,70
35832800,11993,196
35833272,1489,70
35838215,14,38
35843314,10523,61
35844795,12247,196
35844870,59,196
35851157,4151,70
35853905,10462,61
35855311,3305,70
35857042,12408,196
35857730,70,43
35859609,61,196
35859672,58,43
35859732,40,43
35859775,45,43
35859822,195,43
35860019,263,43
35860285,242,43
35860529,228,43
35861749,1331,51
35863106,658,51
35864338,4830,196
35864365,64,196
35864368,10584,61
35865639,1333,70
35866985,4288,70
35869100,478,36
35869109,5646,196
35869894,1276,51
35871041,8658,146
35871274,8353,70
35871366,14960,146
35873725,110,51
35874685,5649,196
35874991,9440,61
35875256,125,36
35879630,4150,70
35880270,6409,196
35882180,44,9
35882646,237,36
35883907,4315,70
35884392,9435,61
35886616,4579,196
35887349,9468,38
35888464,4172,70
35890949,11757,38
35891132,4740,196
35892638,4251,70
35893829,9418,61
35895469,5654,146
35895570,3183,62
35895808,4969,196
35896251,13727,146
35896890,9773,70
35898749,3175,62
35899872,18663,36
35900715,5095,196
35901924,1766,62
35902105,3537,9
35905655,1653,9
35905747,4661,196
35905822,60,196
35906666,5363,70
35912031,8604,70
35912718,9407,61
35913532,10283,38
35914208,1390,70
35918117,14200,62
35918156,12895,196
35922125,9477,61
35924337,19,38
35930226,60,70
35931053,11987,196
35931145,32,196
35931154,3778,51
35932578,4299,70
35936887,4221,70
35940210,9486,61
35941110,4256,70
35943042,12009,196
35944131,86,43
35945368,8539,70
35946149,47,43
35946198,47,43
35946247,43,43
35946294,253,43
35946549,257,43
35946808,238,43
35947049,240,43
35947077,1741,9
35949697,9470,61
35950065,3588,51
35950077,7095,9
35950635,4574,196
35953105,4775,9
35953849,3635,51
35953899,4176,70
35954635,458,36
35955135,4471,196
35957824,3599,51
35958087,4546,70
35958259,355,9
35958279,5191,9
35958907,17,168
35959168,10249,61
35959549,4566,196
35961171,129,36
35961955,3637,51
35963094,4832,70
35964052,4667,196
35964826,2507,9
35965828,14,96
35966046,3654,51
35966142,6,96
35966422,7,96
35966598,5,96
35966881,4,96
35967149,5,96
35967830,9,96
35967863,448,168
35968051,1807,168
35968058,4644,70
35968652,5249,196
35969418,9541,61
35970115,4963,51
35972092,1357,168
35972703,8737,70
35972747,6118,62
35973848,5110,196
35973902,2109,134
35975301,7294,51
35978863,5032,62
35978941,4544,196
35978959,62,196
35978959,9473,61
35979775,22254,36
35981443,11910,70
35983422,4708,196
35983893,3178,62
35987070,3170,62
35988066,4521,196
35988434,9571,61
35992008,458,173
35992019,60,173
35992526,4757,196
35992599,60,196
35993330,366,173
35993712,369,173
35993724,60,173
35994116,487,173
36002801,1369,70
36004535,12700,196
36005069,4339,70
36008473,14192,62
36009410,4356,70
36009917,9482,61
36009989,62,61
36013768,4331,70
36015939,3427,51
36017235,12378,196
36018101,8500,70
36019400,9428,61
36026603,4433,70
36028887,9396,61
36029613,12030,196
36030530,73,43
36031037,4206,70
36032441,73,196
36032515,52,43
36032570,44,43
36032617,43,43
36035246,4465,70
36037112,4638,196
36037973,11107,36
36038225,9467,61
36039016,467,173
36039652,462,173
36039713,14562,70
36040346,921,173
36041685,4531,196
36041808,716,173
36042658,630,173
36043465,384,173
36043999,75,173
36044010,61,173
36044755,73,173
36044925,379,173
36045338,76,173
36045526,69,173
36045883,384,173
36046152,4670,196
36047233,74,173
36047244,60,173
36047694,9627,61
36048009,371,173
36048020,39,173
36048462,2361,9
36049001,244,173
36049012,61,173
36050118,56,173
36050131,47,173
36050757,5001,196
36051126,49,173
36051144,1093,9
36053028,7225,62
36053297,8728,51
36054041,49,173
36054053,38,173
36054994,48,173
36055693,6112,196
36055913,49,173
36055924,38,173
36056346,4105,9
36056351,21095,146
36056898,49,173
36057352,8803,146
36060249,9099,62
36061737,5838,196
36061932,619,173
36061948,56,173
36062316,9172,70
36062366,10167,51
36067514,4782,196
36069348,8102,62
36070869,371,173
36071504,7441,70
36071559,375,173
36071939,9425,61
36072290,5083,196
36072570,372,173
36072843,6439,51
36073836,372,173
36073846,60,173
36075362,370,173
36075374,59,173
36076297,373,173
36076730,2416,93
36077312,4498,196
36077450,6326,62
36078287,6086,146
36079487,7154,51
36080105,2503,93
36081313,10121,61
36082970,5,93
36083402,1343,93
36084725,1527,70
36085264,1739,93
36086253,4639,70
36089342,11869,196
36090894,4991,70
36091435,10356,61
36095886,4741,70
36100625,8291,70
36101212,12001,196
36101791,9456,61
36108923,3998,70
36111249,9555,61
36112924,4062,70
36113214,13011,196
36116930,85,43
36116988,3974,70
36118852,26,196
36118944,48,43
36118995,41,43
36120804,9677,61
36120964,4156,70
36123264,4635,196
36125122,8727,70
36125189,8277,62
36125766,4742,36
36126239,10262,51
36126657,1303,146
36127183,13882,146
36127835,4505,196
36130476,10590,61
36131392,132,36
36132275,4651,196
36133464,8545,62
36133851,7169,70
36136863,4639,196
36137022,8363,51
36141021,11565,70
36141437,4764,196
36142005,5768,62
36145814,9717,61
36145968,7079,51
36146136,4587,196
36147771,6137,62
36148911,246,36
36149804,2747,58
36150660,5046,196
36152612,49,70
36152659,2780,58
36153217,7415,51
36153907,6623,62
36154313,2935,168
36154443,1517,70
36155039,967,168
36155533,10140,61
36155695,7483,196
36155959,4728,70
36156014,20,96
36156063,647,168
36156225,5,96
36156956,2197,168
36157317,5883,58
36159589,10,93
36159789,6,93
36159890,180,93
36160110,142,93
36160265,1047,61
36160321,194,93
36160432,3585,61
36160529,3300,62
36160690,4948,70
36160702,146,93
36160990,134,93
36163116,5127,196
36163201,27,196
36163217,6632,58
36165346,1044,61
36165639,4625,70
36165673,9712,61
36165928,87,93
36166121,739,93
36166363,1471,61
36167463,229,93
36167960,2608,93
36170267,9162,70
36170555,39,93
36170616,1179,93
36170737,168,93
36172738,1588,93
36174619,966,93
36175387,9380,61
36175757,904,93
36176127,12286,196
36177093,49,93
36177300,50,93
36177527,49,93
36177772,29,93
36177960,63,93
36178227,61,93
36179432,4527,70
36180049,70,93
36183960,4517,70
36184768,9452,61
36185383,38,62
36185637,80,62
36188470,12650,196
36188477,4569,70
36188492,60,196
36193051,4604,70
36194220,9366,61
36197658,8906,70
36201065,15170,196
36203172,25763,110
36203330,73,43
36203338,6938,36
36203587,9365,61
36205304,50,43
36205357,46,43
36206567,5619,70
36210284,5849,196
36212187,11205,70
36212662,182,3
36212718,279,137
36212827,343,15
36213008,9491,61
36213013,384,137
36213498,1315,137
36213902,1100,168
36214906,2546,168
36215224,214,22
36215234,995,22
36216067,6607,196
36216135,60,196
36218089,476,5
36218330,9,96
36218574,7,96
36218789,6,96
36219229,9,96
36219364,171,15
36219595,909,168
36219615,119,94
36219762,460,15
36219904,10,96
36220397,9,96
36220500,1316,168
36220671,279,15
36220742,11,96
36220751,14556,146
36220932,10707,146
36221039,1128,168
36221405,19,96
36221982,8,96
36222052,1488,168
36222055,71,70
36222425,19,137
36222454,9827,61
36222515,54,70
36222551,32,137
36222644,6310,196
36222769,24,137
36223008,12,137
36223287,12,137
36223360,37,70
36223489,12,137
36223543,66,93
36223639,2299,168
36223997,20,9
36224409,28,9
36224679,456,5
36224739,21,9
36224941,19,9
36224990,6,188
36225029,739,188
36225127,18,9
36225309,1014,5
36225427,20,9
36225538,783,5
36225611,25,9
36225857,18,9
36226197,18,9
36226379,746,168
36226393,1284,143
36227216,1252,84
36227760,1767,143
36227857,98,9
36228122,12,15
36228164,122,15
36228264,24,9
36228275,1670,5
36228461,61,83
36228526,15,9
36228722,2250,168
36228831,16,9
36228930,6311,196
36228974,18,9
36229226,18,9
36229592,1221,15
36229661,106,9
36229893,1706,188
36229967,2836,5
36230319,240,36
36230337,53,9
36230452,24,5
36230608,2101,36
36230613,26,83
36230651,5,96
36230812,615,75
36230882,291,15
36231024,9,96
36231060,44,9
36231200,1205,15
36231343,55,9
36231461,119,93
36231876,1321,5
36231982,1636,75
36232031,107,93
36232271,10061,61
36232442,588,15
36232788,1341,36
36232932,28,93
36233189,103,93
36233305,251,93
36233784,20,93
36234020,58,93
36235168,346,22
36235175,4655,196
36236689,2263,1
36237081,2173,168
36237105,18,93
36237111,11,179
36237144,1306,179
36237358,21,93
36237439,19,93
36239336,23,93
36239684,368,83
36239770,4518,196
36239920,27,93
36240145,2014,83
36240343,3224,75
36241702,209,93
36242343,9469,61
36242576,24,93
36242882,8691,36
36243135,168,93
36243438,22,93
36243484,23,93
36244225,6384,196
36245641,4355,168
36246537,15,83
36246965,39,96
36250548,6019,196
36251551,1054,36
36251814,9678,61
36253945,74,21
36254323,74,21
36254711,363,21
36255271,158,21
36256011,29,21
36256275,26,21
36256501,131,21
36256671,1791,70
36258462,4860,70
36261493,10061,61
36262745,9174,36
36263325,5009,70
36265127,27,70
36265715,13138,196
36268336,4742,70
36271612,9662,61
36273080,8547,70
36276957,40,93
36278856,11961,196
36278932,59,196
36279413,1240,93
36280790,126,93
36281218,9538,61
36281629,4216,70
36282290,1296,93
36284193,878,93
36285136,1845,93
36285847,4314,70
36286991,359,93
36287447,12,93
36289731,60,43
36290163,4304,70
36290767,9451,61
36290816,12095,196
36291684,52,43
36291739,39,43
36294025,1686,36
36294469,4330,70
36295545,22,93
36295709,26,93
36297135,27,21
36297621,4610,196
36298285,17,21
36298341,295,75
36298651,24,21
36299291,934,48
36299366,13,21
36299510,622,21
36299861,2260,75
36300256,6028,61
36300269,1851,21
36300489,5779,70
36300527,1591,21
36300694,900,168
36301524,1148,131
36302190,4224,196
36302244,1310,75
36303351,22,9
36303590,18,10
36303606,15,9
36303639,2843,22
36306116,42154,80
36306785,673,10
36306932,466,93
36307598,4337,5
36307732,1576,48
36308005,681,93
36308042,1907,10
36308091,1396,146
36308682,9384,61
36308886,4756,196
36308957,276,197
36308996,2631,58
36309305,748,48
36309879,3334,1
36310094,1556,48
36310304,26,15
36310401,767,15
36310748,920,21
36311444,2062,48
36311678,1057,21
36312044,1423,146
36312147,6702,95
36312679,1094,10
36312996,22,21
36313005,74,21
36313104,19,21
36313330,16,21
36313567,3197,58
36313577,15,21
36313623,7049,196
36313642,24,21
36313820,1902,22
36313927,25,21
36314055,43,21
36314160,15512,146
36314307,40,21
36314393,41,21
36314702,25757,110
36314704,1522,10
36314714,1989,21
36314749,9065,146
36314796,9558,5
36314957,33,9
36315288,4424,48
36315413,40,9
36315722,8720,70
36315804,31,9
36315999,3137,9
36316350,22,9
36317371,355,15
36317419,41,9
36318004,9788,61
36318117,60,9
36318494,29,9
36318846,220,9
36319169,2853,75
36319598,4409,36
36319613,1200,199
36319706,395,15
36319721,927,15
36320014,1249,48
36320108,1614,22
36320422,934,15
36320465,305,182
36320610,7281,196
36320766,3632,58
36320799,5179,182
36321281,387,9
36321392,641,15
36321948,472,9
36322070,2639,75
36322206,258,15
36322377,3512,10
36322473,349,9
36322511,413,15
36322884,1721,22
36323232,2380,9
36323238,502,15
36323848,109,15
36324073,253,103
36324423,2953,58
36324538,809,15
36324979,1525,22
36325296,2643,48
36325471,882,100
36325533,2014,179
36325879,548,197
36326232,330,197
36326836,6083,95
36327468,236,197
36327646,538,100
36327714,2438,5
36327796,9429,61
36328028,4454,196
36328756,1672,58
36328874,930,54
36329310,1056,10
36329706,4298,182
36332431,4556,196
36334382,7297,182
36336927,5020,196
36336999,62,196
36337226,9338,61
36337352,921,83
36339795,3940,9
36341651,785,10
36341669,273,9
36341680,732,10
36342374,2915,22
36343236,5787,58
36349023,11872,196
36352650,9419,61
36360895,12053,196
36362070,5734,61
36362142,59,61
36367804,9473,61
36372957,12035,196
36373781,643,61
36376131,90,43
36377280,9424,61
36378828,1761,22
36379835,6981,36
36380565,1900,5
36380906,25799,110
36381199,8,9
36381245,798,9
36382492,2707,5
36382965,4617,196
36383794,119,1
36384279,1294,1
36384963,1265,10
36385330,1503,9
36386073,592,5
36386704,9903,61
36386792,1551,5
36387350,118,1
36387542,6648,196
36387583,408,15
36387584,71,196
36387737,38,137
36387950,2207,1
36388666,1252,5
36388741,45,137
36388891,22747,137
36389666,22377,36
36389960,276,15
36389990,1336,9
36390087,411,137
36390239,29110,146
36390277,616,15
36390564,844,22
36390948,408,5
36391128,1660,1
36391281,749,30
36391564,4113,22
36391727,14,137
36391904,4434,22
36391990,7352,26
36392062,31,30
36392297,74,26
36392319,681,137
36392600,839,30
36392636,791,169
36392741,685,15
36392812,1714,146
36393214,879,9
36393276,6041,168
36394123,10871,196
36394796,28,54
36394801,39,9
36394807,1274,146
36394959,4648,9
36395177,782,54
36395803,3395,22
36396365,168,9
36396573,120,9
36396623,7571,61
36396734,171,9
36396972,882,9
36397522,2356,10
36398824,1308,1
36399121,3763,9
36399294,380,15
36399410,317,200
36399676,14948,5
36399680,170,15
36399804,819,30
36399881,2316,15
36401135,1309,58
36401336,3376,64
36402254,377,15
36402637,426,15
36402825,427,54
36403373,4319,54
36403933,30,200
36404122,11783,9
36404172,414,61
36404534,487,61
36404929,8110,196
36405003,22,9
36405667,171,15
36405912,385,30
36406009,229,15
36406024,9782,61
36406040,1964,194
36406254,5607,9
36407226,487,15
36407321,1714,1
36407670,1306,93
36407784,1276,92
36408134,688,30
36408454,1491,10
36408762,557,15
36409732,231,15
36410804,3150,58
36411403,181,15
36411588,1036,30
36411637,623,54
36412746,3181,48
36412999,5571,196
36415731,9512,61
36418459,951,168
36418555,4691,196
36418571,1849,58
36419047,7,173
36419091,7,173
36419476,9,173
36420017,13,173
36420029,63,173
36421329,171,1
36421362,3591,100
36421379,11,173
36421388,32,173
36421870,4610,58
36422990,18,173
36423168,7510,9
36423258,60,196
36423745,3758,48
36424963,23,173
36425260,3342,61
36425543,12,173
36425990,617,100
36426780,535,200
36428047,860,100
36428600,9515,61
36429242,48,100
36429413,16,100
36434746,4430,70
36435221,12105,196
36435295,60,196
36435786,8524,9
36438117,9557,61
36439178,7885,70
36446415,60,70
36446774,60,70
36447324,11593,196
36447402,58,196
36447675,9215,61
36456891,546,61
36474033,1224,137
36475218,464,15
36476220,428,36
36476709,4540,58
36477091,172,48
36477114,12,95
36477239,2641,5
36477275,3367,61
36477439,76,95
36477722,109,95
36477779,257,48
36478033,129,200
36478120,8829,137
36478193,500,30
36478498,86,95
36479148,341,48
36479810,38,9
36479847,4290,5
36480150,2662,48
36480175,1690,9
36480179,32,9
36480349,30,9
36480616,9166,61
36480711,3326,48
36480754,147,9
36481097,76,9
36481192,1468,198
36481315,137,9
36481383,5697,196
36481411,11864,196
36481467,332,1
36481624,123,9
36481925,4140,9
36483142,904,1
36484357,4074,1
36484505,3723,58
36484518,66,200
36484729,515,15
36485419,11,40
36486826,1045,146
36487018,9931,196
36487139,67,9
36487294,59,9
36487419,6118,146
36487624,9969,128
36487804,81,9
36487887,6238,146
36488476,586,5
36488490,179,9
36488817,248,15
36489026,2586,9
36489116,16,143
36489120,9,143
36489187,9566,5
36489199,473,30
36489584,1052,194
36489829,5467,61
36490500,7706,9
36490702,337,194
36490764,800,95
36490872,337,194
36491050,1205,15
36491070,1457,194
36491660,4181,48
36491990,938,95
36492281,981,1
36492523,3167,48
36492927,12,143
36492939,71,95
36493016,108,95
36493394,144,1
36493836,2408,194
36493866,79,95
36493979,143,30
36494064,4883,22
36494317,135,30
36494320,242,95
36494572,599,30
36494594,4664,58
36495280,9210,61
36496143,911,22
36496221,729,95
36496440,927,61
36496653,106,137
36496927,4850,196
36497073,1062,22
36497581,872,61
36497800,11937,137
36498002,1455,1
36498217,295,36
36498966,1621,22
36499154,989,22
36499268,3962,58
36499592,505,125
36499882,1272,125
36500154,421,22
36500965,3215,5
36501157,6,128
36501712,6909,196
36502262,6,128
36502388,6690,128
36503242,4162,58
36504282,2532,173
36506294,9471,61
36507466,3781,58
36508620,4465,196
36510546,9,173
36512216,8384,173
36513930,5713,58
36513958,5173,40
36514063,511,40
36514750,8806,9
36515768,9162,61
36519659,3975,58
36519968,4052,40
36519973,4107,40
36520885,11894,196
36520958,60,196
36524828,3675,58
36524931,9149,61
36530857,60,40
36532773,11861,196
36542245,9150,61
36544641,12098,196
36548303,6644,9
36548931,83,43
36550810,61,196
36550885,58,43
36550945,9,43
36551396,9194,61
36552328,1918,51
36553325,1646,22
36553600,8750,5
36554027,45,95
36554033,390,1
36554392,10909,51
36554854,312,1
36555239,7535,196
36555255,786,1
36555256,35,196
36555339,412,22
36555351,906,22
36555898,356,30
36556241,3929,1
36556379,2425,40
36556386,2335,40
36556409,79,137
36556678,1255,173
36556900,1412,137
36556998,3543,173
36557745,8685,9
36558065,1364,173
36558604,2586,131
36558623,6988,146
36558928,585,30
36559160,417,10
36559469,54,95
36560014,533,10
36560219,294,36
36560591,9237,61
36560651,2963,1
36560919,361,173
36560969,18,10
36561634,207,95
36561837,820,137
36561916,117,95
36562073,126,95
36562279,7,173
36562375,9454,5
36562399,294,95
36562588,7671,5
36562695,3623,58
36562732,9446,137
36562756,12774,196
36562791,1474,146
36563038,454,40
36563555,455,95
36563911,1838,168
36564073,8,95
36564077,13,143
36564227,803,95
36564792,1387,173
36565284,563,95
36565309,1116,1
36565358,533,40
36565361,2603,40
36565513,449,30
36565741,8064,51
36565873,9,95
36566248,80,95
36566441,83,143
36566514,4917,1
36566593,66,51
36567003,71,95
36567162,1031,131
36567489,261,22
36567511,243,22
36567750,29,168
36567906,11,10
36567923,2726,146
36567935,13,10
36567954,2822,168
36568001,2367,40
36568032,310,10
36568083,17,10
36568111,1118,173
36568134,59,173
36568389,27,10
36568423,11,10
36568479,2186,9
36568531,9,10
36568755,10,10
36568788,9,10
36568904,2008,58
36568962,127,10
36569243,18,10
36569253,272,128
36569328,24,10
36569478,12,10
36569626,13,10
36569729,12,10
36569770,8447,128
36569872,12,10
36570172,20,10
36570290,416,30
36570465,2304,40
36570746,15,10
36570845,8,10
36570946,9,10
36570965,5412,58
36570983,1069,30
36571050,12,10
36571132,12,10
36571208,16,10
36571344,17,10
36571430,12,10
36571437,3334,168
36571446,2192,1
36571525,17,10
36572092,16,10
36572348,13,10
36572409,1278,30
36572451,17,10
36572517,1996,9
36572572,3018,40
36572725,468,40
36572784,770,75
36572916,19,10
36573284,31,10
36573619,609,40
36574009,38,10
36574077,80,137
36574079,1450,1
36574184,611,40
36574333,1243,146
36574540,317,10
36574557,8815,137
36574622,24,10
36574758,19,10
36574930,454,40
36574942,11646,51
36575121,17,10
36575347,514,40
36575469,6755,196
36575688,1543,1
36575724,584,173
36575749,11668,5
36575802,447,40
36575805,228,40
36575858,40,36
36575975,205,40
36576562,62,173
36576872,3179,9
36577230,875,168
36577623,9306,9
36577732,3503,58
36577766,1195,22
36577805,1295,22
36577842,2913,1
36578054,99,173
36578271,126,173
36578970,605,22
36579199,792,146
36579409,595,30
36579675,134,173
36580084,74,146
36580363,114,173
36580546,103,146
36580757,46,146
36580798,78,173
36580916,2731,146
36581346,2943,1
36581638,1510,173
36581838,2086,134
36582022,526,30
36582146,1063,9
36582160,7588,196
36582834,10393,162
36583225,2439,173
36583755,1086,9
36583920,2867,58
36584277,509,30
36584562,2852,1
36584663,1086,26
36584969,2581,22
36585214,9460,61
36585314,1023,9
36585416,1843,75
36585432,68,137
36585913,13850,137
36586941,1148,128
36587033,6937,51
36587189,118,128
36587564,1698,22
36587646,197,5
36587705,362,128
36587902,3,5
36587984,180,5
36588189,1032,128
36588232,4498,5
36588374,459,50
36589001,883,173
36589176,77,128
36589295,3251,22
36589496,9488,128
36589685,9169,196
36589956,1101,173
36590862,494,9
36591410,925,93
36591732,548,9
36591964,1916,173
36594076,586,173
36594674,9238,61
36594793,573,173
36594808,59,173
36594964,982,93
36595554,569,173
36595565,57,173
36595699,467,125
36595919,1284,125
36596380,570,173
36596894,1664,93
36597134,567,173
36598812,4557,196
36598852,1312,93
36599684,1033,93
36600443,454,40
36600448,538,40
36600723,245,93
36602620,149,93
36603079,210,93
36603915,9155,61
36604408,455,40
36604502,64,40
36604562,59,40
36604794,432,40
36604798,2097,40
36604875,30,40
36604907,465,40
36605693,498,40
36605697,497,40
36606381,60,40
36607001,464,40
36607398,455,40
36607401,510,40
36607500,452,40
36608011,247,40
36608558,440,40
36611021,11857,196
36617171,9132,61
36626303,9206,61
36627440,12097,196
36635331,68,43
36635532,9123,61
36637244,57,196
36637303,49,43
36637354,66,43
36641715,4576,196
36643269,509,173
36644308,2223,146
36644638,941,173
36644655,9146,61
36646227,4563,196
36646657,828,173
36646975,4169,5
36647116,1002,146
36648133,2375,146
36650726,4529,196
36651228,2404,173
36653801,9105,61
36654069,3345,173
36655190,7292,196
36655332,458,40
36655344,449,40
36655833,317,40
36656080,329,40
36656396,255,40
36656642,310,40
36656886,305,40
36657125,289,40
36657365,315,40
36657611,312,40
36657855,311,40
36658097,317,40
36658341,311,40
36658582,319,40
36658833,302,40
36662418,4505,196
36662723,809,9
36662940,9143,61
36663804,808,9
36664739,815,9
36665766,807,9
36666789,807,9
36666856,4568,196
36667706,806,9
36668667,812,9
36669569,812,9
36670458,810,9
36671386,4522,196
36671424,814,9
36672051,13110,61
36672678,811,9
36673576,804,9
36674440,8922,5
36674598,805,9
36675845,9389,196
36697270,12083,196
36718277,11967,196
36719472,6638,9
36721731,72,43
36723665,43,43
36723711,45,43
36726553,9104,61
36726683,4444,196
36730629,11,173
36730938,8,173
36731121,6894,196
36731770,9438,146
36732001,4688,146
36735284,2904,168
36735596,9143,61
36737949,6038,196
36739820,3090,173
36740155,4287,5
36741339,11271,36
36742603,5767,146
36743923,6460,196
36744739,9148,61
36744886,1395,173
36746456,16,173
36747008,13,173
36747492,382,61
36747872,932,61
36748192,3158,9
36749958,124,146
36750074,1077,61
36750208,329,146
36750225,5645,173
36750320,4680,196
36750893,355,200
36751362,307,200
36751708,299,200
36752362,4396,9
36752368,797,61
36752433,60,61
36753194,1177,61
36753889,9145,61
36754387,1136,61
36754996,5467,196
36755014,357,200
36755531,1521,61
36757026,2688,61
36758364,503,168
36759035,695,168
36760399,4946,196
36760726,241,200
36761503,1862,61
36761580,151,168
36762899,268,61
36763035,9097,61
36763402,696,61
36764102,795,61
36764902,377,61
36765279,772,196
36765906,161,84
36766145,4459,196
36770541,4484,196
36771879,2668,9
36772588,9101,61
36772707,309,22
36775062,6641,9
36777537,22503,36
36781629,33271,61
36782509,11974,196
36788633,442,93
36789109,1367,93
36789321,8990,61
36790657,355,93
36791205,2020,93
36794485,11846,196
36794754,413,93
36796110,12,93
36796341,58,93
36797255,926,93
36798191,1023,93
36799545,1301,93
36806328,11874,196
36808132,11,43
36810013,61,196
36814411,4594,196
36817355,93,93
36817516,1233,26
36817638,549,48
36818096,593,22
36818297,1007,40
36818329,10,201
36818494,18,201
36818649,4318,61
36818944,4784,196
36819311,3109,40
36819316,67,93
36819355,275,48
36819618,13,173
36819777,68,93
36819840,7,173
36819973,10,173
36820032,57,93
36820294,11,173
36820313,1348,5
36820509,15,173
36820512,45,93
36820555,1306,30
36820588,748,26
36820728,448,93
36820905,7,51
36820919,5,51
36820928,5,51
36820937,4,51
36820986,1281,183
36821006,7271,51
36821045,350,30
36821259,1391,26
36821269,1346,173
36821527,1578,50
36821589,71,93
36821731,19,30
36821913,20,30
36821942,16,30
36821987,1263,30
36822369,627,6
36822418,1062,183
36822493,12,93
36822577,2136,40
36822641,568,173
36822784,1080,22
36822818,2681,26
36822951,10,173
36823174,12,173
36823251,1242,6
36823360,10,173
36823405,74,183
36823536,1053,97
36823666,6529,196
36823790,13,173
36823984,3744,30
36824044,11,173
36824173,1211,183
36824288,84,93
36824538,75,93
36824726,82,137
36824731,87,93
36824809,24,173
36824919,47,93
36825120,7963,9
36825177,45,93
36825234,710,26
36825298,8537,95
36825327,13,173
36825376,778,6
36825814,1316,173
36825965,195,93
36826207,330,6
36826412,127,93
36826902,51,93
36827216,84,93
36827422,98,93
36827593,2599,58
36827974,19729,30
36828459,8559,51
36828974,4246,61
36829294,1477,173
36829345,19517,128
36829790,1385,22
36830188,18673,196
36830197,18661,146
36830202,71,196
36830586,2492,58
36831370,1340,173
36831439,853,6
36832173,452,26
36832658,4207,22
36833075,15785,30
36833442,25,173
36833637,17,173
36834261,376,36
36834616,304,143
36834836,2066,143
36834898,1249,9
36835046,1375,58
36835317,331,95
36839190,1309,58
36839305,1301,6
36844525,260,143
36849968,38,143
36850005,1267,125
36850127,325,143
36850154,41,95
36850183,31,95
36850212,3707,95
36850418,300,143
36850719,296,143
36852529,90,173
36852793,519,173
36853136,12923,36
36853394,1000,173
36853537,1398,6
36854142,995,173
36854358,11,173
36854399,4287,61
36854803,11,173
36855028,9,173
36855079,201,173
36855285,577,173
36855488,11,173
36855656,10,173
36855782,12,173
36856072,7,173
36856487,10,173
36856722,9,173
36858632,7115,61
36860684,5062,9
36862319,289,143
36862731,4439,196
36862862,1469,146
36863162,11,146
36863222,4036,146
36865751,11752,196
36865975,300,143
36866301,297,143
36866599,297,143
36877490,11874,196
36877565,58,196
36882435,4182,51
36888028,159,9
36889004,6628,9
36889365,12119,196
36892608,123,84
36894530,118,43
36897793,11212,36
36898800,4270,61
36899257,482,54
36899740,4289,54
36900679,458,30
36900795,4744,196
36900853,6492,30
36900935,6842,51
36902047,70,30
36902142,1113,6
36902340,3652,173
36902419,279,30
36903032,4286,61
36903070,78,30
36903272,64,6
36903344,6278,26
36903392,101,95
36903452,277,30
36903473,40,6
36904349,5580,162
36905078,102,95
36905474,4548,196
36906035,248,30
36906802,275,30
36906996,960,58
36907114,320,173
36907289,308,173
36907483,12,179
36907491,104,50
36907560,23,31
36907571,352,173
36907636,17,50
36907677,445,173
36907939,15,179
36907972,2338,58
36908029,870,173
36908041,61,173
36908044,1574,28
36908105,11,179
36908127,7,179
36908144,8,179
36908206,1811,173
36908233,113,30
36908326,95,50
36908349,31,31
36908377,1642,51
36908380,43,31
36908391,31,31
36908480,229,30
36908553,120,95
36908967,846,173
36908995,1013,36
36909030,95,95
36909437,22,26
36909451,84,183
36909542,769,26
36909549,291,50
36909621,62,31
36909817,51,95
36909961,63,173
36910196,14085,51
36911251,5500,58
36912020,7538,128
36912950,134,50
36913023,52,31
36913113,542,50
36913184,435,31
36913288,920,173
36913412,1815,9
36913457,3574,30
36913537,9330,162
36913574,16,173
36913618,264,30
36913951,1944,84
36914196,312,36
36914242,2183,31
36914267,888,173
36914296,19,173
36914299,322,143
36914669,314,36
36914852,5566,173
36915033,1719,70
36915227,13343,9
36915469,109,173
36915714,2175,84
36915826,912,173
36916912,13,173
36916917,4526,70
36916942,86,95
36917018,9337,196
36917187,861,31
36917210,13,173
36917224,4417,61
36917341,709,173
36917766,477,95
36917819,71,95
36918023,1034,6
36918126,689,173
36918161,958,30
36918191,56,84
36918233,5257,31
36918423,12015,95
36918890,363,143
36918971,713,173
36918982,62,173
36919432,418,125
36919449,1624,30
36919651,130,6
36919736,1088,173
36920046,1236,58
36920076,4985,58
36921083,1432,173
36921439,4428,70
36921748,3938,173
36921955,430,143
36922279,587,125
36922403,11408,30
36922551,1274,125
36922598,204,173
36923229,1440,22
36923244,1099,22
36924126,756,1
36924271,17,173
36924335,14,173
36924497,21,173
36925215,1620,1
36925294,1432,22
36925321,1281,22
36925358,4769,58
36925661,228,20
36925873,4328,70
36925926,18,173
36925950,69,143
36926147,690,125
36926244,405,143
36926346,8161,196
36926354,25768,110
36926355,62,196
36926428,15,173
36926653,359,143
36926834,4354,50
36927046,3164,1
36927073,280,95
36927386,4941,62
36927712,1334,22
36927723,1248,22
36927829,4376,30
36928327,97,95
36928467,4435,61
36928816,32,173
36928893,161,95
36929029,16564,128
36929061,2256,22
36929067,2012,5
36929080,1193,22
36929254,153,97
36929269,32,173
36929694,24,173
36929806,190,95
36929956,26,173
36929964,35,5
36930113,17,173
36930142,3352,58
36930304,505,22
36931103,783,75
36931412,8586,70
36931538,1766,31
36931685,5023,95
36931888,5781,9
36932465,1980,62
36932898,1544,30
36933006,1856,75
36934386,4190,30
36934502,11089,196
36934506,4836,30
36934636,986,28
36934727,11,30
36934854,2699,58
36934865,13,173
36934969,15,173
36935091,13,173
36935213,14,173
36936602,551,6
36937570,2546,58
36938230,4373,61
36938246,3052,173
36939538,22386,36
36940004,4414,70
36941002,165,95
36941759,5228,58
36942566,4356,61
36943395,7561,173
36944046,2252,62
36944419,4578,70
36944738,6121,9
36945530,3747,196
36946921,7185,61
36947000,2675,62
36949000,7249,70
36949102,3023,58
36952224,3699,58
36955064,291,62
36956086,4296,58
36956252,14189,70
36957653,13131,196
36970440,10303,70
36970784,11977,196
36973108,1422,9
36975108,1428,9
36976880,1421,9
36978791,1425,9
36980484,1419,9
36980748,6208,70
36980931,71,43
36982825,56,196
36982883,51,43
36982936,41,43
36983699,11288,36
36984937,4408,61
36985238,11588,196
36985692,119,5
36985856,8,5
36985876,1018,5
36985957,7,5
36987047,51,30
36987207,208,30
36987538,2752,30
36988147,11007,30
36988209,1276,22
36988681,14325,173
36989476,12730,196
36990513,2680,134
36990554,6615,30
36990673,1269,179
36991311,1033,61
36991753,3518,146
36991802,538,146
36992335,14,5
36992570,4496,61
36992652,20,5
36992951,4518,146
36993181,13,173
36993285,7,173
36993753,18,173
36993803,91,179
36993898,9,173
36994022,19,173
36994031,5515,134
36994159,14,173
36994276,11,173
36994330,10,173
36994758,2143,70
36994850,1204,28
36995129,125,179
36995140,11474,9
36995266,54,179
36995699,16,173
36995792,15,173
36995815,318,179
36995889,283,5
36995965,7139,128
36995983,167,5
36996074,7267,146
36996180,303,22
36996246,1223,179
36996268,19,173
36996379,10,173
36996420,367,99
36996667,2089,32
36996870,5904,47
36997062,4501,61
36997119,6004,70
36997331,914,162
36997701,781,99
36997995,309,80
36998628,907,99
36998803,270,80
36999191,18349,80
36999262,102,146
36999517,3514,146
37000902,5348,58
37001436,124,36
37001509,5310,61
37001990,1451,5
37003135,5195,70
37003920,21,173
37003934,6458,196
37004072,246,40
37004166,1670,5
37004331,11,173
37004418,13,10
37004491,153,40
37004528,74,10
37004635,14,10
37005189,12,201
37005224,2212,30
37005290,221,201
37005347,28,30
37005359,24,173
37005478,12,173
37005640,14,173
37005755,3687,143
37005803,11,173
37005835,11646,30
37005897,1683,5
37006087,12,173
37006649,28,10
37006693,40,10
37006854,7196,61
37006881,24,173
37006957,102,201
37007143,17,173
37007259,10,173
37007435,14,173
37007444,23,1
37007606,35,1
37007624,111,201
37007672,19,173
37007807,12,173
37007850,27,1
37007977,13,173
37008029,25,40
37008331,2278,70
37008521,21,10
37010379,6934,196
37010837,979,173
37011080,74,179
37011415,2947,38
37011466,17,1
37011734,5570,38
37012316,32,1
37012461,1557,173
37017627,3701,128
37017942,9356,38
37017986,1955,143
37017993,2142,143
37018115,226,201
37018121,22,1
37018125,51,40
37018176,19,10
37018329,119,99
37018559,459,5
37018625,19,1
37018897,1830,58
37019154,22,1
37019755,349,99
37020251,1396,125
37020339,7985,58
37020903,1686,58
37021312,10,173
37021396,285,99
37021581,7,173
37021713,7,173
37021980,8,173
37022162,239,99
37022249,8,173
37022392,9,173
37022502,8,173
37022695,8,173
37022819,2969,58
37022928,3183,9
37023171,12,173
37023342,9,173
37023542,10,173
37023777,7,173
37023879,8,173
37023882,501,188
37024073,9,173
37026124,3226,173
37026805,12,1
37027003,383,58
37027347,9,1
37027733,10248,38
37029189,6379,143
37029369,10,173
37029449,7,1
37029514,7,173
37029725,2979,173
37030789,11,1
37031145,19,1
37031332,7317,143
37031335,2042,143
37032185,10,1
37032681,10,1
37033006,60,143
37033137,2128,36
37033305,10,1
37033379,2137,143
37033590,6,1
37033682,4282,61
37033720,60,143
37033919,11602,196
37033930,14,1
37035236,1608,9
37035248,11,1
37035560,1251,143
37035564,2103,143
37036452,12,1
37036754,6,1
37036974,6,1
37037053,11,1
37037539,47,1
37037601,7324,143
37037604,413,143
37037616,11905,196
37037617,2163,143
37037722,183,1
37040488,8846,9
37044068,4318,61
37048388,4329,61
37049461,11807,196
37049536,60,196
37050134,7216,143
37052717,7122,61
37057356,7175,143
37061269,2672,196
37064531,7229,143
37067331,67,43
37069231,67,196
37069300,73,43
37069376,38,43
37070408,3094,143
37070822,1398,143
37070923,1566,61
37071762,1365,143
37071764,385,143
37072429,1246,61
37073265,35,173
37073290,9161,30
37073354,5923,30
37073380,56,6
37073429,828,1
37073568,19,173
37073728,1688,61
37073738,332,5
37073937,1609,143
37073953,5414,13
37074340,4536,143
37074441,716,6
37074543,30,173
37074581,363,1
37074729,27,173
37074886,34,173
37074948,28,173
37075442,394,1
37075881,228,6
37076018,22,201
37076026,7542,173
37076143,22,173
37076173,293,143
37076176,2652,143
37076207,55,201
37076281,24,201
37076582,37,173
37076860,13,201
37077298,63,1
37077363,2188,1
37077404,798,6
37078152,36,173
37078799,4805,143
37078835,35,50
37078865,2667,143
37078903,1482,50
37079157,6958,143
37079160,2285,143
37079176,2234,143
37079378,9860,13
37079560,21622,128
37079570,4323,30
37079696,847,1
37079969,932,6
37080137,2059,50
37080604,206,1
37080746,3128,5
37080805,20372,196
37081112,154,1
37081209,145,95
37081434,1255,50
37081483,11792,143
37081547,23,2
37081591,1289,2
37081614,161,38
37081625,49,2
37082093,24,143
37082115,4902,146
37082215,28,2
37082262,62,2
37082285,1065,146
37082417,18,173
37082563,1691,6
37082668,46,95
37082722,747,99
37083095,1208,22
37083096,75,143
37083383,75,201
37083392,17579,30
37083445,7161,58
37083475,1053,201
37083759,6331,143
37084541,1051,50
37084771,1718,61
37084836,6839,201
37084950,5423,1
37084998,14628,38
37085556,573,6
37086271,2134,5
37086633,2329,22
37087113,1534,22
37087116,74,50
37087247,60,50
37089245,4690,13
37089628,936,5
37089644,11540,22
37089846,1809,32
37091178,444,125
37091368,9911,143
37091374,1269,143
37091483,2576,143
37091622,9524,9
37091666,1432,125
37092211,653,6
37092389,21,173
37092504,21,173
37092773,265,201
37092969,8217,5
37093287,7993,201
37095489,1105,38
37098173,4795,58
37101756,7455,9
37103004,4721,30
37103620,3158,58
37103980,1891,143
37103987,51694,143
37104465,181,66
37104954,10018,38
37105076,1703,50
37105169,8733,38
37106187,5352,13
37106366,3364,128
37106700,2631,13
37106821,10647,58
37107089,2941,32
37107819,1710,93
37108014,228,50
37108534,7418,196
37108577,1262,93
37109530,4372,58
37109841,7048,128
37110015,1689,93
37111968,1096,100
37112494,3231,143
37112499,957,143
37112511,944,143
37112526,9760,9
37113448,175,200
37113912,191,200
37114288,205,100
37115434,1182,100
37115628,7554,143
37115631,936,143
37115658,2352,143
37115912,932,196
37120514,49244,58
37120883,1401,58
37127196,957,143
37128027,937,143
37153732,918,43
37153812,127,201
37154251,106,201
37155674,2026,201
37156581,981,43
37157568,998,43
37157968,2460,201
37162479,9089,13
37168505,1256,58
37168959,1172,131
37169642,8206,38
37169975,50,3
37170333,173,1
37170507,54,3
37170548,158,1
37170721,222,1
37170944,18,1
37170949,47,3
37171020,117,1
37171201,124,1
37171466,116,1
37171542,35,3
37171558,654,64
37171612,1201,1
37171983,432,99
37172245,3010,64
37172860,12,1
37172984,64,3
37173032,4504,32
37173290,292,1
37173592,6824,58
37173597,1204,99
37173608,1899,1
37173686,12182,58
37174596,854,143
37174909,2284,5
37175078,7270,143
37175239,647,201
37175369,2283,143
37175370,5560,143
37175509,15,1
37175570,14,1
37175683,2190,99
37176299,2633,201
37176814,502,3
37177362,1096,143
37177988,544,5
37178534,2855,5
37178885,507,5
37178987,4461,13
37179173,202,3
37179192,3626,9
37179951,20,3
37179991,282,3
37180337,988,32
37180344,1965,125
37180514,7374,201
37180563,17,3
37180584,759,3
37180763,39,1
37180898,30,1
37181222,11132,143
37181336,649,32
37181353,897,3
37181370,272,131
37181479,4698,196
37181724,126,1
37181995,3902,32
37182669,2139,143
37183011,1245,3
37183267,1619,5
37183460,15521,13
37183808,20,1
37184189,4972,9
37184271,4616,58
37184343,174,1
37184625,1638,99
37184703,1169,3
37184842,15,1
37184900,9,1
37185001,11,1
37185047,16,173
37185068,17,1
37185159,741,131
37185273,23,173
37185870,104,200
37185876,930,3
37185977,3882,131
37186115,5690,196
37186216,2309,125
37186767,1940,58
37187229,11981,196
37187878,305,3
37188232,449,125
37188243,2926,143
37188264,2075,143
37188743,9599,58
37188857,28,1
37188873,12,1
37188936,9588,58
37188941,8,1
37189030,768,125
37189310,175,3
37190454,1231,3
37190561,39,30
37190643,3182,9
37190738,162,30
37191081,377,30
37191121,6011,143
37191489,10745,38
37191742,4419,196
37193246,106,80
37193755,153,80
37194245,517,125
37194693,1243,125
37195864,190,80
37196147,4666,196
37196162,294,125
37196501,238,80
37197164,22196,143
37197221,89,80
37198048,34,80
37198375,2737,58
37199228,13,1
37199275,122,80
37199468,8,1
37199551,9,1
37199641,8,1
37199946,40,80
37200066,61,80
37200810,6742,196
37200919,11,1
37201516,10,1
37201581,6,1
37201666,6,1
37201803,6,1
37201887,6,1
37201943,6,1
37202002,7,1
37205001,6777,13
37207082,7532,143
37208904,60,143
37209157,2167,143
37210251,62,143
37211325,2136,143
37212733,11949,196
37215098,104,80
37215634,42,80
37216733,8767,38
37216836,57,80
37217868,102,80
37218221,45,80
37218488,100,80
37218956,45,80
37219141,41,80
37221450,10028,9
37224684,12059,196
37224758,59,196
37226822,7518,143
37226833,1525,143
37229530,11127,143
37229540,453,143
37236741,11984,196
37240131,79,43
37242140,69,43
37242211,48,43
37243502,7633,143
37243511,4006,143
37243962,1492,143
37245854,1577,3
37246931,24,143
37246956,7535,143
37247680,20,3
37247729,152,3
37247972,2210,143
37248384,13,173
37248775,4631,196
37249325,12,173
37249416,9,173
37249493,566,100
37249583,12,173
37249655,9,173
37249705,9,173
37249760,12,173
37249804,11,173
37249816,52,173
37249863,9,173
37249900,8,173
37250225,4566,143
37250245,10,173
37250312,24,173
37250388,13,173
37250400,63,173
37250497,9,173
37250571,52,173
37250657,36,173
37251130,22,1
37251147,3033,100
37253342,6067,196
37254453,23,100
37254603,2034,143
37254749,11127,143
37254753,1918,143
37255504,516,100
37255911,14,1
37256024,8,1
37256624,346,143
37256635,4277,143
37256751,559,95
37256985,2109,143
37257305,12,1
37257359,7,1
37257393,10,100
37257394,72,143
37257547,8,1
37257577,6,1
37257614,7,1
37257732,87,80
37257820,7,1
37257920,6,1
37258133,6,1
37258212,6,1
37258652,11,1
37258712,7,1
37259328,19,1
37259346,4694,196
37259956,149,95
37260407,16,1
37260459,25,1
37261032,20,1
37261075,6,1
37261157,1504,100
37261328,9,1
37261375,202,95
37261379,13,1
37261449,16,1
37261487,18,1
37261518,18,1
37261602,17,1
37261816,506,95
37262559,5489,9
37263372,2133,143
37263636,11,100
37263976,5556,196
37264221,77,143
37264235,1569,143
37265795,7515,143
37265804,4012,143
37265872,3659,95
37268779,3552,9
37269493,4522,196
37269819,1985,143
37270431,60,143
37271075,503,100
37271903,10,100
37272883,8218,38
37274000,4682,196
37274017,60,196
37276469,7502,143
37277889,703,100
37278620,4927,196
37278700,14,100
37279167,636,100
37279905,10,100
37280985,3296,95
37281761,3096,95
37282884,1351,143
37283481,5033,196
37283549,59,196
37284161,22237,143
37284173,3082,143
37286114,430,95
37286880,8897,95
37287256,2123,143
37288452,5477,196
37288526,60,196
37290232,12,1
37290393,1360,143
37290828,10,1
37292171,10,1
37292375,6,1
37292444,12,1
37292660,28,1
37293337,4480,95
37293698,9,1
37295933,10069,38
37296418,2782,64
37298075,6765,9
37300436,12188,196
37300511,62,196
37306735,9998,38
37312627,12140,196
37324768,12178,196
37326531,60,43
37328457,61,196
37328520,71,43
37328595,47,43
37329733,7623,143
37329738,7469,143
37333849,4607,196
37337277,3470,143
37337295,1464,143
37338392,4585,196
37339012,11170,36
37340666,7482,143
37340669,408,143
37340687,1956,143
37342915,6578,196
37343872,11211,36
37344109,4086,143
37344785,407,143
37344794,1510,143
37345822,545,173
37346289,7416,143
37346429,335,173
37348520,1673,13
37349012,4119,143
37349446,4631,196
37352942,295,143
37353132,2065,143
37353489,2112,143
37353750,1423,143
37354047,5233,196
37355092,4074,143
37355491,6477,13
37357102,45,96
37357130,7429,143
37357215,8685,38
37357266,31,96
37357741,8096,38
37357801,61,143
37358548,38,96
37359198,1924,143
37359264,4576,196
37359280,58,196
37363778,4485,196
37367147,335,173
37367665,6511,13
37368200,4578,196
37369387,32,173
37369723,335,173
37369734,61,173
37370294,336,173
37370950,336,173
37370961,61,173
37371316,334,173
37371684,361,173
37372196,584,173
37372716,9228,196
37372903,589,173
37372914,60,173
37373548,592,173
37373921,62,143
37374022,2345,143
37374178,4031,13
37374186,603,173
37374990,610,173
37375001,29,173
37381179,59,143
37381436,7570,143
37381438,2264,143
37381811,5211,58
37382333,8754,38
37384895,12043,196
37384969,60,196
37385541,6553,13
37387732,5,1
37392106,6568,13
37393045,6992,143
37393135,10140,38
37396939,12257,196
37397014,60,196
37398675,6609,13
37403934,10409,38
37405287,4003,13
37409196,12775,196
37409292,6568,13
37412931,67,43
37414811,67,196
37414880,72,43
37414955,53,43
37415750,11229,1
37415863,15437,13
37417081,4129,143
37417153,1376,143
37418053,6776,51
37418329,6940,95
37418517,1527,143
37420088,1311,143
37420132,28,1
37420232,10,1
37420941,15,1
37421024,17,1
37421119,14,1
37421192,358,143
37421195,8,1
37421204,71,143
37421220,2305,143
37421274,8,1
37421386,16,1
37421474,9,1
37421619,4216,143
37421622,5116,143
37421645,21,1
37421721,2659,131
37421771,267,1
37423384,632,30
37423986,6334,196
37424019,59,196
37425007,9169,36
37425270,13841,51
37425335,338,43
37425676,315,43
37425828,2341,143
37425962,14244,9
37425997,490,43
37426408,1378,32
37426490,337,43
37426869,1256,58
37427052,3195,30
37427491,2186,131
37427797,57,183
37428297,29,179
37428354,3723,179
37428496,373,128
37428892,8775,58
37430294,9845,196
37430481,3332,30
37430486,9655,146
37430502,10643,30
37430540,181,128
37430746,1316,125
37430816,4479,143
37431301,9958,13
37431472,1244,32
37433541,376,143
37433546,8075,143
37433713,23333,95
37434390,90,1
37434534,10,1
37434575,15,1
37434840,12,1
37435426,3444,143
37435796,312,143
37435889,7646,143
37436116,2928,143
37436149,1112,179
37436819,5773,32
37436943,16,179
37436982,74,179
37437094,2583,30
37437189,142,179
37437502,16,1
37437574,13,1
37437596,1290,179
37438082,1198,96
37438270,223,96
37438356,16789,36
37438482,633,28
37439256,27,1
37439462,56,1
37439641,18446,51
37440034,1218,26
37440128,8721,196
37440141,3538,26
37440164,108,196
37440771,36,1
37440848,26,1
37440965,2683,168
37441029,120,128
37441140,3076,30
37441199,559,96
37441251,10182,30
37441284,16564,9
37441433,5657,58
37441500,44,1
37442146,26,143
37442299,1043,26
37442516,1203,26
37442536,69,1
37442694,16,1
37442949,12,1
37443019,2965,146
37443087,28,1
37443278,75,1
37443470,451,32
37443520,83,1
37443581,1439,179
37443891,186,1
37443947,2337,96
37444161,40,1
37444228,9,1
37444231,1473,143
37444245,541,125
37444352,8,1
37444722,1218,125
37445041,8222,95
37445068,870,125
37445688,7627,143
37447160,123,96
37447169,126,179
37447174,14,25
37447364,136,146
37447421,5169,26
37447455,1749,32
37447460,4548,58
37447635,862,96
37447710,205,179
37447866,3720,58
37448178,1247,179
37448523,17,1
37448758,24,1
37448778,704,96
37448789,5218,196
37448858,15,1
37449193,14,1
37449301,13,1
37449354,11,1
37449646,24,1
37449725,23,1
37449973,1276,96
37450270,46,1
37450356,41,1
37450666,35,1
37450878,13,1
37450923,12,1
37451717,19,1
37451754,1224,96
37452060,3721,58
37452652,279,5
37453964,4687,196
37454203,6354,13
37455261,3940,58
37457285,4318,58
37457605,1046,95
37458367,4131,51
37458646,10743,196
37458663,69,196
37458944,197,95
37461778,236,143
37461791,2542,143
37461948,4087,143
37461950,2464,143
37461952,7529,143
37464293,1923,1
37464514,57,1
37465850,15,1
37466040,2206,143
37466119,9,1
37466545,12,1
37467117,10,1
37467464,9,1
37467657,6,1
37467735,48,1
37467813,35,1
37467982,35,1
37468241,37,1
37468380,38,1
37468623,72,1
37468748,58,1
37468936,59,1
37469127,59,1
37469188,65,143
37469550,200,1
37469879,3196,58
37470451,22318,1
37471366,12158,196
37471808,1265,125
37473085,5139,58
37474064,83,83
37474142,4953,58
37476866,1238,125
37476937,7452,143
37482521,418,83
37482936,1637,83
37483525,12294,196
37484319,9352,9
37484571,1341,83
37485908,521,83
37486427,1813,83
37488237,1538,83
37489774,592,83
37490364,1805,83
37492166,1798,83
37493963,445,83
37494406,1896,83
37495821,12504,196
37496299,1652,83
37497949,535,83
37498482,1548,83
37499331,83,43
37500029,1727,83
37500786,7899,1
37500817,486,201
37500923,25761,110
37501342,65,43
37501412,56,43
37501471,47,43
37501520,299,43
37501755,504,83
37501822,578,43
37502043,203,201
37502220,8714,36
37502251,1759,83
37502403,364,43
37502769,363,201
37502775,270,43
37502809,382,201
37503406,213,1
37503724,4872,143
37503809,1478,143
37504006,1356,83
37504605,409,131
37504635,6300,9
37505097,36,201
37505166,520,201
37505181,3840,30
37505269,2266,143
37505358,340,83
37505686,3043,83
37505703,10331,51
37506500,325,201
37506761,1079,5
37506772,1378,95
37506911,63,143
37507261,112,1
37507430,186,201
37507547,1203,143
37507857,3249,5
37507984,22,1
37508311,486,201
37508507,36,1
37508579,769,143
37508603,2217,143
37508727,1323,83
37508743,32,1
37508915,108,1
37509165,105,1
37509368,60,143
37509488,45,143
37509534,5424,143
37509535,4959,143
37509961,132,1
37510042,487,83
37510256,267,1
37510526,4359,83
37510555,113,1
37510842,6826,143
37510940,109,1
37511567,110,1
37511674,2911,30
37511681,7434,30
37511703,1473,95
37511743,127,1
37511781,182,201
37511961,10128,196
37512074,112,1
37512289,80,36
37512345,183,1
37512374,2796,36
37512397,543,99
37512437,1160,201
37512588,216,1
37512892,5861,58
37512948,121,1
37513162,116,1
37513243,10641,95
37514104,2858,5
37514881,2599,83
37515025,2283,143
37515108,113,1
37515222,5898,9
37515385,1257,125
37515410,118,1
37515652,110,1
37515855,161,1
37515859,3379,58
37516037,211,1
37516326,244,1
37516573,210,1
37516639,9101,51
37517019,215,1
37517027,614,125
37517299,41,143
37517337,327,1
37517438,4658,143
37517441,7603,143
37517477,1502,83
37517639,379,125
37517731,334,125
37517737,1657,143
37517957,121,1
37518057,7,96
37518076,245,125
37518334,112,1
37518645,1374,1
37518927,1745,125
37518976,2895,83
37519743,133,99
37519963,708,1
37519987,71,38
37520127,570,99
37520377,518,30
37520778,824,1
37520827,765,99
37520891,12,96
37521143,6527,38
37521484,1888,30
37521701,221,1
37521859,4800,83
37521972,350,1
37522027,8924,196
37522092,60,196
37522433,2985,143
37522457,361,1
37522606,827,125
37522795,533,99
37523224,365,1
37523300,841,125
37523805,361,1
37523982,2680,58
37524013,382,125
37524158,607,125
37524429,1269,125
37524899,1307,168
37525077,9190,95
37525239,3788,30
37525542,96,99
37526375,6251,51
37526386,61,51
37526952,4127,143
37526969,3529,143
37527030,1286,143
37527048,3196,143
37527116,2895,32
37527444,1203,1
37527562,6019,146
37527823,1567,125
37528291,10450,58
37528876,519,1
37529195,4985,58
37529388,6182,38
37529395,2838,30
37529446,8053,30
37529560,816,99
37529663,16,1
37529696,8,146
37529854,13,1
37530029,6612,32
37530381,12,1
37530486,4942,143
37530938,8320,196
37531309,13,25
37531682,1898,125
37531824,604,99
37532283,250,1
37532548,1284,179
37532558,236,1
37534195,7299,58
37534752,48,1
37534812,3231,125
37534825,108,1
37535047,47,137
37535479,59,30
37535820,233,30
37535864,181,1
37536169,4087,143
37536257,224,1
37536501,224,1
37536764,107,1
37536871,64,143
37537078,114,1
37537091,5731,32
37537235,104,1
37537408,102,1
37537610,186,1
37537748,10600,137
37537956,84,143
37538275,32591,38
37538495,7691,143
37538724,10206,38
37539215,494,125
37539418,4943,196
37539453,22,196
37539728,709,125
37540025,1143,58
37540257,2530,143
37540413,43,80
37540440,4255,95
37540624,46,80
37541109,3594,125
37541183,2972,58
37541695,7558,143
37544167,780,58
37544222,2422,143
37544292,4170,58
37544298,4815,196
37549050,10370,196
37549126,59,196
37549421,210,1
37549776,201,1
37550440,205,1
37551780,6594,58
37552092,2851,1
37552160,4404,58
37552308,3028,1
37555133,8741,38
37556102,2549,143
37556768,5810,58
37558386,3484,58
37561555,12113,196
37561630,60,196
37561939,113,83
37562069,326,83
37562910,78,83
37563014,1632,83
37563439,61,143
37563652,7472,143
37563655,2455,143
37564644,2180,83
37566821,1199,83
37568014,1660,83
37568572,4651,51
37569622,1442,83
37571126,7881,143
37573653,12165,196
37579637,2772,9
37585730,93,43
37585836,11797,196
37587186,8351,9
37587590,85,196
37587700,64,43
37587766,45,43
37587814,60,43
37587876,366,43
37588245,524,43
37588772,293,43
37589076,257,43
37590063,3960,143
37590136,1489,143
37590181,221,95
37590487,2934,95
37590557,60,143
37590784,1824,1
37591581,1634,143
37591921,242,201
37592520,84,201
37592530,42,137
37592620,92,1
37592714,523,201
37593240,1199,143
37593291,815,1
37593549,654,95
37593997,164,201
37594028,1239,143
37594049,9021,137
37594057,2612,143
37594118,2997,5
37594135,82,1
37594932,308,1
37594937,435,201
37595576,422,1
37595590,9,25
37595702,4042,95
37596252,479,1
37596535,1287,179
37596727,319,6
37596770,409,1
37597179,472,1
37597512,310,99
37597872,6259,196
37597967,460,1
37598118,1455,99
37598258,1235,179
37598440,86,173
37598477,7558,143
37598564,888,173
37598644,678,1
37598977,4035,83
37599108,22,95
37599483,317,1
37599611,7911,96
37599622,392,173
37600477,2373,95
37600615,475,173
37600988,1290,179
37601606,4369,58
37601822,3024,58
37602468,1254,179
37603009,12278,83
37603219,42,137
37603527,1783,99
37603534,457,32
37604067,6012,196
37604361,59,179
37604382,11469,32
37604608,6658,143
37604614,6203,143
37605332,278,99
37605622,42,1
37605959,41,1
37606216,528,99
37606274,310,36
37606431,10188,70
37606803,642,146
37607011,15978,137
37607460,314,5
37607584,140,99
37607836,139,1
37608046,132,1
37608211,135,1
37608293,24,43
37608401,130,1
37608465,73,99
37608647,133,1
37608709,4149,58
37608846,738,95
37608891,255,1
37608910,714,99
37609142,8497,58
37609242,4294,36
37609781,25,96
37609908,6177,96
37609935,1538,179
37610012,6111,196
37610079,50,196
37610128,4493,95
37610421,342,96
37610551,332,99
37610569,842,143
37610828,56,143
37611175,495,143
37611202,2196,143
37611453,307,99
37611465,9356,143
37612206,369,99
37612392,128,201
37612878,7357,58
37613049,241,99
37613776,1277,179
37613869,202,179
37614072,511,99
37614231,409,179
37614713,5962,95
37614723,5940,95
37614929,262,1
37615185,379,1
37615203,21,25
37615269,13,128
37615279,3204,83
37615357,17,25
37615563,555,25
37615573,2064,179
37615677,379,1
37616094,10699,196
37616192,397,1
37616381,41,25
37616405,1231,36
37616472,18,96
37616560,1917,201
37616713,1656,99
37616749,400,1
37616791,5619,70
37617257,75,1
37617350,151,1
37617360,19,96
37617412,25735,110
37617447,2069,143
37617519,1089,5
37617523,77,1
37617613,61,9
37617645,151,1
37617696,19,96
37617744,378,128
37617796,423,1
37618144,215,195
37618415,405,128
37618424,402,1
37618482,8345,83
37618657,9,195
37618670,39,143
37618708,371,96
37618759,8041,36
37618860,423,1
37618939,4697,143
37618941,7480,143
37618989,18,195
37619184,604,97
37619248,8,195
37619323,5,195
37619510,24,195
37619573,14,195
37620166,264,96
37620445,1232,1
37620541,177,83
37620572,356,96
37620760,6116,32
37620848,60,32
37620884,93,83
37620897,5814,95
37621019,228,195
37621051,5826,96
37621670,5205,99
37621794,5724,196
37623557,8801,83
37623736,314,128
37625771,8039,58
37626887,2473,96
37627028,2608,125
37627221,1287,125
37628499,2284,36
37629566,512,125
37629887,651,125
37630597,175,125
37630772,8284,9
37631423,1615,143
37631463,2405,143
37632464,6550,196
37634027,3258,143
37634038,2429,143
37634909,32,1
37635132,25,1
37635229,4113,1
37635235,61,1
37635636,4318,83
37636498,538,139
37637207,2289,143
37637390,836,139
37638906,3987,58
37639047,265,139
37639320,9045,137
37639492,4694,58
37640623,7482,143
37640849,44,83
37640860,35,143
37641539,11265,36
37643024,7497,143
37643029,2310,143
37644257,11937,196
37644337,59,196
37644569,5994,58
37656200,11952,196
37663302,7449,143
37668153,12219,196
37672132,168,43
37675935,240,201
37676542,3838,143
37676910,9450,9
37677820,1337,43
37678485,100,201
37678601,67,201
37678637,31,1
37678696,138,1
37679030,312,201
37679074,4836,5
37679088,114,1
37679204,161,1
37679619,1497,201
37680260,64,1
37680324,53,1
37680349,2598,143
37680354,2508,143
37680380,187,1
37680385,2484,143
37680576,7327,196
37680682,255,1
37681237,284,1
37681376,1306,36
37682093,7412,36
37682366,301,139
37682584,107,76
37682614,342,1
37682700,1400,36
37682931,4031,143
37682946,1480,201
37683456,542,76
37683502,1272,139
37684028,137,1
37684433,138,1
37684771,327,201
37684775,942,76
37684812,1219,201
37684919,2625,36
37685030,186,139
37685179,158,1
37685642,149,1
37685800,5118,5
37685922,8135,38
37686001,167,1
37686086,281,201
37686162,204,1
37686731,152,1
37686890,162,143
37686892,2351,143
37686916,2408,143
37687136,4409,143
37687884,7982,196
37687937,5317,30
37687941,2441,58
37687963,9475,9
37688043,142,128
37688779,387,143
37688782,7466,143
37689139,1356,169
37689223,294,76
37689429,7,83
37689477,225,83
37689483,22414,137
37689764,50,128
37689799,814,83
37690753,58,128
37691184,6901,70
37691190,7461,143
37691455,4159,36
37691510,2394,143
37692100,55,128
37693266,2049,125
37693340,327,1
37693607,37,143
37693794,266,1
37694158,139,1
37694472,153,1
37694881,134,1
37695326,136,1
37695569,4966,30
37695628,1092,36
37695803,6857,196
37695935,139,1
37696259,139,1
37696549,116,1
37696824,989,139
37697181,135,1
37697403,129,1
37697588,331,32
37697827,166,1
37698010,227,139
37698902,157,139
37699260,58,128
37699268,5912,51
37699301,462,139
37699529,44,76
37699893,302,139
37700244,173,139
37700274,47,76
37700582,439,38
37700662,1993,32
37700842,831,125
37700995,363,99
37701420,63,143
37701604,997,139
37701670,5155,30
37701722,129,143
37701837,4717,143
37702302,1602,168
37702446,8075,38
37702640,4614,196
37702658,44,196
37702706,2552,32
37702838,528,139
37703587,1092,139
37703600,56,128
37703608,147,1
37703755,385,1
37704181,380,1
37704322,22201,36
37704511,124,128
37704739,396,1
37704812,2773,139
37705421,376,1
37705475,6929,51
37705593,2058,5
37705820,53,128
37706252,4987,58
37706553,2170,143
37706848,468,139
37707186,6264,196
37707359,5077,30
37707579,1946,179
37707788,3413,5
37707793,4595,134
37708020,467,139
37708122,15,128
37708574,1911,139
37709354,1622,58
37709514,50,76
37709562,29,128
37709890,4005,128
37710191,1238,26
37710882,1353,76
37710905,1241,32
37711054,149,139
37711280,3745,58
37711296,676,139
37711850,4446,26
37711860,61,143
37712123,1366,58
37712659,3721,51
37712944,597,76
37713442,7434,196
37714225,7225,128
37714237,28,128
37714254,3913,58
37715364,4005,1
37716572,3495,51
37719325,1493,143
37720345,7092,70
37720354,3533,51
37720825,6092,196
37721341,303,1
37721355,94,80
37721697,26,80
37724309,100,139
37724506,158,139
37724721,106,139
37725624,3864,139
37726779,6788,143
37726781,446,143
37726925,3504,58
37727438,6912,70
37730747,41,137
37730849,29,137
37731044,34,137
37731534,10254,38
37733610,12511,196
37742335,8759,38
37742429,7118,70
37746122,12346,196
37746197,58,196
37747624,9433,9
37749535,16,38
37749549,4354,70
37755769,7590,143
37758513,12125,196
37758531,20,43
37761627,2246,76
37761699,6761,36
37761819,3997,143
37762266,1660,143
37762935,9448,9
37763657,434,43
37764108,56,43
37764230,6602,51
37764340,5786,30
37764641,4481,5
37764791,351,1
37765551,16,1
37765984,544,1
37766314,274,1
37766320,1780,143
37766324,4377,143
37766478,10576,196
37766746,737,1
37767595,887,1
37767846,395,76
37767983,3829,143
37768137,2551,26
37768627,493,15
37768628,72,143
37769048,718,1
37769125,693,139
37769353,1273,76
37769716,2029,143
37769993,803,1
37770517,846,30
37770706,6445,26
37770849,933,15
37770899,5151,5
37771161,4184,51
37771387,686,32
37771398,1309,76
37771797,73,43
37772105,2061,143
37772401,1122,30
37772468,115,76
37772494,209,6
37772514,4331,32
37773071,1088,103
37773093,190,15
37773488,4682,128
37773706,265,76
37774051,77,80
37774300,3069,30
37774424,142,83
37774495,3389,143
37774498,7640,143
37774518,646,30
37774526,39,80
37774576,1074,103
37774847,32,80
37775073,1243,76
37775244,1114,103
37775251,66,6
37775396,25,83
37775432,79,30
37775554,313,143
37775563,2051,143
37775679,3353,30
37775751,132,30
37775810,109,103
37775935,2117,143
37776560,222,179
37776876,741,26
37776989,6034,196
37777146,39,143
37777152,9462,9
37777154,31,143
37777230,623,32
37777283,6771,26
37777436,2600,5
37778045,4106,143
37778049,1204,38
37778150,776,179
37778722,76,83
37778819,501,83
37779339,390,15
37779526,638,76
37779618,8679,38
37780559,4422,51
37781696,65,80
37782139,1759,143
37782328,337,179
37782426,1384,1
37782639,1079,36
37782773,247,76
37782784,60,143
37782963,845,179
37783002,9270,196
37783023,61,196
37783463,7687,143
37783479,592,143
37783496,2378,143
37783729,3162,36
37783828,35,179
37783891,40,179
37783897,196,1
37783943,899,179
37784092,1326,1
37784145,4236,143
37784151,325,26
37784174,5733,26
37784267,7675,128
37784881,128,179
37785271,8155,51
37785351,1844,5
37785796,1594,1
37786736,7529,95
37787066,172,3
37787150,1341,38
37787164,23,143
37787860,338,15
37788027,354,143
37788052,2086,143
37788068,2100,3
37788221,160,15
37788226,436,24
37788330,754,83
37788356,2785,139
37788389,686,15
37788678,577,38
37788852,1470,76
37788914,68,80
37789143,139,80
37789587,703,38
37790082,1096,5
37790094,1849,5
37790143,5691,26
37790350,64,80
37790449,157,99
37790492,356,15
37790719,63,80
37790915,517,15
37791212,67,80
37791399,1100,103
37791460,974,1
37791630,1040,103
37791829,200,80
37792021,2033,139
37792203,68,80
37792236,8108,196
37792459,228,1
37792631,329,15
37792763,245,1
37793103,227,1
37793193,47,143
37793314,67,80
37793361,8,1
37793438,168,1
37793646,12,1
37793895,452,80
37794145,3923,51
37794175,9442,9
37794555,1781,24
37794791,1381,139
37794843,1128,202
37795148,492,80
37795245,7893,128
37795385,450,76
37796278,156,202
37796675,2040,143
37796680,2342,143
37796877,119,128
37797101,7405,143
37797104,452,143
37797410,12632,128
37798067,109,80
37798430,6179,61
37798546,6560,51
37799181,4027,143
37799183,63,143
37799547,61,143
37800280,5897,196
37803185,351,143
37803212,2037,143
37803534,9921,38
37805403,3552,51
37806117,13319,196
37807211,3048,143
37807228,77,80
37807524,7482,143
37807527,3013,143
37807767,78,80
37810927,352,143
37811021,63,61
37811084,46,61
37811108,685,61
37811964,425,61
37812389,416,61
37812898,740,61
37813855,715,61
37814332,8667,38
37815363,7447,143
37815460,538,61
37818242,12212,196
37818317,60,196
37822795,78,143
37822802,6551,143
37823450,18804,9
37825133,9958,38
37829348,7716,143
37830456,12293,196
37835936,8689,38
37842750,527,196
37844445,1285,9
37844931,142,43
37846852,130,196
37846995,109,43
37847226,43,43
37847272,44,43
37847331,1508,36
37849827,3979,143
37849930,2010,143
37850582,3525,51
37851988,1934,143
37853746,1804,143
37853803,2325,143
37854417,3565,51
37855679,4083,143
37855681,174,143
37855693,2943,143
37856128,2036,143
37856132,7648,143
37857279,1261,36
37859778,2029,143
37860143,4580,196
37861806,3727,143
37861809,7517,143
37863191,34,1
37863377,10,1
37863425,11,1
37863488,34,1
37863598,53,1
37863684,1260,139
37864659,6987,196
37864754,2163,143
37865032,1025,139
37866028,4116,143
37866040,1022,143
37866266,8165,38
37866643,4770,139
37866726,31,1
37866961,943,143
37866963,7550,143
37869253,36,1
37869581,63,1
37869914,50,1
37871582,5513,196
37871693,2133,143
37871911,108,1
37872140,13,1
37872238,75,1
37872686,410,1
37874273,1400,36
37874424,4145,143
37874435,1382,143
37875780,186,143
37875809,224,143
37875991,1228,36
37877034,4730,196
37877940,102,143
37877943,7470,143
37878354,4238,143
37879958,211,143
37879964,202,143
37881699,4636,196
37886004,1511,143
37886266,5345,196
37887440,6222,143
37887453,3900,143
37887665,472,61
37888087,30,61
37888157,1661,61
37889934,9649,38
37890436,3539,61
37891552,2101,196
37891628,60,196
37893226,59,143
37893479,2313,143
37899699,6168,143
37899702,2259,143
37900734,8676,38
37905869,6055,143
37911534,9642,38
37922334,2703,38
37925773,3677,51
37931330,84,43
37933134,8004,38
37933263,61,43
37933328,42,43
37935465,3948,143
37935520,149,143
37935666,130,143
37935802,140,143
37937059,3605,51
37940549,1446,36
37940876,3584,51
37941975,126,36
37942114,226,36
37942345,57,36
37942399,135,36
37942533,552,36
37942831,31,1
37942939,42,1
37943001,10,1
37943091,7143,36
37944181,13,1
37944633,3619,51
37945324,12,1
37948580,3600,51
37948772,3702,139
37950787,323,143
37950792,294,143
37950800,2226,143
37951361,305,143
37951915,4118,70
37952456,3600,51
37952664,5850,38
37952963,6945,143
37953576,9,38
37953618,56,38
37956033,6692,70
37956299,3588,51
37957228,11246,36
37962914,819,143
37963668,3015,143
37964851,3390,51
37965294,8039,38
37965570,13395,70
37968418,3415,51
37968943,10,2
37969217,6,2
37969282,6,2
37969639,10,2
37970222,78,2
37970377,8,2
37970471,297,2
37972017,5214,51
37972029,60,51
37973075,1476,2
37974814,3838,2
37977420,3560,51
37978968,9219,70
37987134,9913,38
37988189,6220,70
37992533,22321,1
37997934,12,38
38008735,390,38
38017732,75,43
38019689,42,43
38019734,44,43
38019780,39,43
38019822,269,43
38020094,198,43
38020295,235,43
38020533,237,43
38021350,95,76
38023335,6879,51
38023587,4734,95
38023991,173,139
38024178,653,139
38024875,3,95
38024882,11287,36
38024908,1,95
38024930,10998,95
38024955,1,139
38024989,1,139
38025026,2,139
38025092,2,139
38025117,408,139
38026162,283,139
38026734,3171,139
38029066,11201,1
38029149,141,76
38029225,125,5
38029483,265,5
38030391,6248,51
38030996,5512,95
38031679,157,76
38031811,1286,125
38033874,133,99
38034027,554,99
38036211,143,95
38036368,507,95
38036766,4334,51
38037385,296,95
38037641,1442,64
38038833,361,95
38039402,1373,64
38039419,1804,95
38041218,3429,26
38041960,8601,1
38042819,3916,5
38043625,555,139
38043880,29,30
38044504,1251,95
38044696,10201,26
38045018,263,179
38045305,485,179
38045808,25,179
38045852,27,179
38045894,20,179
38046015,202,179
38046317,512,43
38046572,1006,30
38046843,130,125
38047243,752,196
38047580,1031,95
38047696,61,99
38047711,3890,128
38047777,1252,99
38048616,3365,5
38048818,212,179
38048852,1574,24
38049260,357,179
38049451,217,95
38049767,1170,95
38050532,8131,38
38050956,666,99
38051095,240,125
38051335,264,95
38051389,11348,1
38052289,432,95
38052378,482,99
38052485,82,83
38052524,1771,24
38052827,181,76
38052840,1578,95
38052915,4021,128
38053100,52,76
38053362,1131,125
38053569,455,99
38053696,27,76
38053814,104,83
38054065,125,99
38054299,70,76
38054469,546,76
38054491,1816,202
38054586,1467,139
38054594,2284,95
38054767,543,32
38055253,2904,26
38055324,923,32
38056094,97,139
38056256,728,139
38056338,110,83
38056381,82,202
38056504,549,202
38056994,519,139
38057071,3706,202
38058002,3680,128
38058108,3929,128
38058155,14,76
38058450,746,125
38058802,636,125
38059438,26,125
38059502,3293,125
38060136,403,188
38062155,43,80
38062738,15,38
38063685,357,188
38064299,133,188
38064559,26,188
38067438,219,202
38067724,1195,202
38068558,5517,26
38068938,997,202
38070308,3110,202
38073533,11,38
38073591,189,202
38074916,10057,38
38074940,316,38
38075397,110,83
38075660,105,83
38077480,9573,70
38077669,108,83
38084335,6459,38
38087053,7012,70
38091537,932,38
38094068,6664,70
38100358,3603,51
38100736,6844,70
38104132,82,43
38106097,47,43
38106148,42,43
38106192,43,43
38106238,258,43
38106499,289,43
38106791,244,43
38107038,250,43
38107583,4189,70
38109791,4265,51
38110464,229,76
38110606,6885,36
38110702,116,76
38110728,205,5
38110910,129,76
38110949,8214,5
38111368,128,84
38111774,4281,70
38112111,437,179
38112710,1511,179
38112819,823,95
38113258,1612,76
38114150,1222,95
38114251,5011,51
38114488,1625,179
38114630,218,43
38114717,1278,188
38115239,251,202
38115588,224,202
38115603,1099,95
38116026,7582,146
38116054,4451,70
38116528,785,202
38116910,1104,99
38116917,2652,30
38117083,15,76
38117444,9224,38
38117858,2076,201
38118052,333,99
38118172,275,179
38118177,15,76
38118397,858,99
38118680,318,83
38118692,65,83
38118845,8180,32
38118950,45,76
38119339,3467,26
38119370,166,202
38119506,10833,51
38119800,76,38
38119922,2353,30
38119931,7688,30
38119952,1265,188
38120508,4761,70
38121415,440,95
38121591,694,99
38122081,5259,95
38122196,5293,26
38124336,54,202
38125274,4759,70
38125411,2638,30
38126830,8400,38
38127372,952,38
38128334,1914,30
38128863,8437,26
38129336,153,131
38129672,1568,179
38129685,1024,32
38129881,75,99
38130034,10171,70
38130710,12207,51
38130753,6353,32
38131236,3886,95
38131265,75,179
38131578,101,76
38131689,184,76
38131990,934,30
38132037,298,28
38132344,941,30
38132780,25,76
38132933,228,76
38132943,124,99
38133214,11,25
38133317,9319,30
38133414,1737,99
38133433,72,7
38133543,1737,7
38133559,460,24
38134311,813,179
38135317,392,36
38135572,282,131
38135703,6152,128
38136435,4939,95
38136568,84,83
38136926,1266,179
38137293,676,202
38137361,49,76
38137576,408,32
38137622,823,131
38138062,4513,32
38138309,385,202
38138874,55,179
38138920,17,76
38138933,1338,24
38139280,194,179
38139535,67,76
38139866,809,179
38140776,622,131
38141045,1605,26
38141274,46,202
38141335,392,202
38141732,37,76
38141743,1217,202
38141784,153,202
38142655,430,32
38142756,755,95
38142918,38,30
38142931,2762,30
38143112,4303,32
38143278,554,30
38143493,5169,51
38143518,3296,95
38143948,1184,188
38144407,13461,36
38146113,1932,125
38148857,3394,51
38149153,9916,38
38150632,11668,80
38156194,560,196
38156317,865,202
38156332,13463,1
38157166,4289,196
38157499,357,202
38158095,1580,202
38159934,10919,38
38165006,1817,83
38170086,80,83
38170098,60,83
38170523,79,83
38170533,53,83
38170732,21119,36
38170737,9805,38
38170767,54,83
38176154,225,83
38176444,124,83
38177070,435,83
38178067,1142,83
38179230,420,83
38180022,137,83
38180749,338,83
38181167,219,83
38181451,188,83
38190531,89,43
38192483,40,43
38192526,47,43
38192575,42,43
38192620,270,43
38192892,224,43
38193118,257,43
38193377,253,43
38195163,11246,1
38195598,5211,5
38195932,8135,38
38196088,247,36
38196416,4217,36
38197253,2602,30
38197285,2605,30
38198221,2347,36
38199994,14,76
38200138,8126,30
38200456,275,10
38200766,90,10
38200839,2835,5
38200845,573,36
38200989,15,76
38201016,1943,179
38201458,15,76
38201499,110,31
38201697,32,76
38201896,562,64
38202183,1079,36
38202254,7572,146
38202731,600,32
38202954,583,36
38202966,296,179
38203037,2423,76
38203583,1015,64
38203771,2822,30
38203799,1291,36
38204030,1080,5
38204258,955,179
38204681,8130,38
38205129,1705,36
38205559,314,179
38205733,1146,54
38205880,2542,202
38205960,460,179
38206457,259,188
38206523,1326,24
38206936,1405,76
38206980,3062,30
38207005,983,188
38207650,1228,179
38207963,16,38
38208410,2158,196
38208729,1252,1
38208891,19,76
38208919,5453,128
38209091,7550,30
38209258,37,76
38209270,724,125
38209981,1534,26
38210571,13384,26
38211236,22,1
38211244,1912,38
38211313,958,196
38211456,4956,1
38212413,64,99
38213026,77,99
38213122,1249,179
38213138,1119,99
38213239,1326,7
38213443,224,38
38213775,2671,201
38214225,221,38
38214487,2384,32
38214495,1175,179
38214507,1095,54
38214601,5760,7
38214850,275,99
38215142,742,99
38215458,228,38
38215661,189,54
38215911,658,54
38216145,1662,36
38216294,36,201
38216319,1269,24
38216386,2317,201
38216441,567,99
38216650,227,38
38217461,694,125
38217642,517,24
38217859,40,128
38217865,17,54
38217873,41,128
38217899,7517,36
38217905,27,54
38217922,3706,128
38217986,19,54
38218433,651,125
38218637,462,54
38219096,716,125
38219138,435,99
38220047,1243,125
38220177,33,200
38221605,247,200
38221651,364,99
38222281,429,99
38222447,957,24
38222715,5391,125
38223730,12152,196
38223745,4521,196
38224046,2493,95
38225879,447,99
38226622,1160,26
38228247,4554,196
38228266,1053,125
38228893,1859,95
38229299,1814,125
38230182,1268,131
38231154,507,125
38231530,1512,125
38232738,5123,196
38233100,684,125
38233301,483,125
38233699,1115,95
38234118,1205,125
38235012,1204,95
38235536,10945,38
38236503,96,95
38237802,4781,196
38240707,3246,64
38243960,7488,64
38246334,10079,38
38249933,1715,1
38249954,12310,196
38257135,10925,38
38262263,9706,196
38267936,10029,38
38272055,256,196
38272082,60,196
38272291,4773,196
38276932,88,43
38277024,12131,196
38278911,47,43
38278960,42,43
38279004,39,43
38279045,256,43
38279305,310,43
38279618,289,43
38279909,308,43
38281389,929,95
38281989,340,201
38282288,1971,36
38282335,16,38
38282937,718,95
38283313,1222,201
38283527,4633,196
38284404,725,95
38284487,1701,36
38286199,985,36
38287033,5797,7
38287177,3304,201
38287193,3350,36
38288096,4734,196
38290731,878,201
38291195,11199,36
38291329,1683,26
38291382,58,84
38292129,1556,201
38292766,4630,196
38293565,2633,61
38293741,634,201
38294239,4930,64
38294773,381,32
38294870,25760,110
38295241,324,32
38295287,1535,26
38295560,335,43
38295726,537,32
38295922,8139,38
38296462,194,32
38297006,2986,7
38297038,3665,61
38297368,4779,196
38297398,23,196
38297420,45,99
38297580,1454,38
38297706,2046,26
38297949,33,99
38298333,33,99
38298590,1742,1
38298845,3969,201
38299100,2173,24
38301683,177,83
38302064,1577,64
38302081,4629,196
38302683,8054,38
38302760,44,83
38302871,59,83
38303275,59,83
38303944,2691,32
38304175,105,28
38304505,78,83
38305073,63,83
38305825,102,201
38306040,117,201
38306127,59,83
38306478,56,83
38306489,47,83
38306648,4703,196
38306925,1378,32
38307051,76,83
38307202,1401,5
38307227,1070,26
38307287,52,83
38307353,604,24
38307470,132,99
38307475,24,43
38307668,150,99
38307961,683,26
38308001,57,99
38308106,128,99
38308633,649,5
38308676,10755,26
38308772,393,32
38308886,188,24
38309024,1207,131
38309042,1434,131
38309065,56,99
38309211,2689,95
38309315,132,99
38309471,1263,24
38309501,52,83
38310015,627,32
38310109,57,83
38310730,1841,5
38311291,4997,196
38311349,232,32
38311427,1831,24
38311658,665,134
38311982,114,1
38312140,1997,7
38312604,2977,5
38313330,9634,70
38314886,4100,134
38316224,5565,196
38316290,59,196
38317395,757,83
38319393,1899,26
38321724,4734,196
38321934,10146,38
38322692,490,64
38326395,4890,196
38326471,59,196
38332734,10841,38
38338524,12422,196
38338602,61,196
38343595,10065,38
38350737,5026,38
38350951,12198,196
38351026,60,196
38363151,12534,196
38363331,83,43
38363883,11285,36
38365135,1598,38
38365245,55,43
38365302,40,43
38365344,43,43
38365389,210,43
38365602,289,43
38365893,245,43
38366141,241,43
38366616,2583,201
38367319,2179,7
38369783,571,201
38369974,4738,196
38370470,420,201
38371028,223,201
38371054,203,5
38371443,455,5
38371718,74,201
38372002,174,201
38372377,780,201
38373682,16056,26
38373818,905,201
38374648,4648,196
38374737,1942,201
38376139,1139,5
38376263,11719,26
38376769,1830,201
38376899,146,99
38377585,1509,24
38378428,1343,3
38378539,435,99
38379230,4600,196
38379525,252,83
38379581,1240,3
38379735,372,201
38379942,43,83
38379992,149,83
38380040,32,3
38380079,230,3
38380187,46,83
38380691,145,38
38381154,103,38
38381439,8444,38
38381449,8039,38
38381467,8367,36
38381502,1071,7
38381620,484,99
38381999,115,38
38382020,488,143
38382027,486,143
38382571,138,1
38383427,129,99
38383827,5158,196
38384503,92,38
38385031,178,1
38385417,423,7
38385694,162,1
38385890,4965,7
38386615,169,1
38387268,214,1
38388693,168,1
38388919,5039,196
38389125,1093,26
38389598,161,99
38389700,258,1
38389735,347,61
38389804,22,143
38389812,2825,26
38390227,1009,99
38390472,1100,26
38390574,28,143
38390651,496,143
38390716,32,31
38390848,163,61
38391074,60,143
38391209,495,143
38391340,689,99
38391432,72,61
38391663,203,61
38391677,505,143
38391846,21,143
38391933,618,61
38392186,498,143
38392248,300,1
38392272,4974,7
38392590,491,61
38392685,442,143
38393104,208,83
38393170,505,143
38393214,289,1
38393251,285,61
38393383,6898,26
38393626,453,24
38393633,488,143
38393767,3614,61
38393891,5150,196
38394084,301,1
38394145,484,143
38394608,525,143
38395135,483,143
38395304,299,1
38395495,480,36
38395618,485,143
38396106,459,143
38396599,450,143
38396624,14,1
38396703,14,1
38396711,70,143
38396781,23,143
38396791,63,1
38397055,483,143
38397179,200,1
38397324,2023,26
38397370,3375,61
38397538,487,143
38397637,65,1
38397638,25,143
38397989,512,143
38398305,59,143
38398501,464,143
38398986,500,143
38399029,4840,196
38399045,60,196
38399222,986,36
38400823,463,61
38401726,3289,26
38403808,4899,196
38404505,485,40
38404512,483,40
38404830,241,26
38405830,366,61
38406678,581,61
38407258,444,61
38407888,265,61
38408155,59,40
38408335,10053,38
38408648,4640,196
38408720,59,196
38408883,512,40
38409402,464,40
38409869,488,40
38410350,461,40
38410749,8031,61
38410829,482,40
38411293,475,40
38411770,478,40
38412024,61,40
38412249,489,40
38412503,61,40
38412738,489,40
38413053,48,40
38413227,480,40
38413708,482,40
38414191,479,40
38414625,44,40
38414670,480,40
38415152,478,40
38415632,477,40
38416110,524,40
38416633,482,40
38417118,489,40
38419134,10808,38
38421181,12382,196
38429934,10161,38
38433564,12717,196
38433638,61,196
38446289,148,40
38446339,12698,196
38446950,259,40
38447969,58,40
38447978,189,40
38448407,2046,40
38448417,2180,40
38449731,69,43
38450433,6136,40
38451687,49,43
38451739,42,43
38451784,56,43
38452568,6921,40
38452572,2164,40
38454512,163,84
38454738,2247,40
38456217,5548,196
38456486,23,40
38456505,697,40
38456508,2172,40
38456924,141,84
38457001,7734,40
38457006,795,40
38457049,3350,61
38457996,187,40
38458002,2301,40
38459098,60,40
38459217,177,40
38460347,3363,61
38461702,4921,196
38463646,3463,61
38464763,87,28
38465097,231,40
38465110,1654,40
38465261,7654,40
38465265,1625,40
38466557,5069,196
38466631,510,28
38466777,311,40
38466821,235,40
38467085,3482,61
38467148,61,28
38467220,617,28
38467313,230,40
38467543,228,40
38467775,228,40
38467881,321,28
38467999,259,40
38468253,130,28
38468257,2872,40
38468406,935,28
38468591,103,26
38468729,6598,26
38470470,8147,38
38470505,3444,61
38471116,3541,40
38471135,2220,40
38471559,5544,196
38472736,9720,61
38474302,3190,61
38474661,1512,40
38474695,7548,40
38474697,394,40
38474717,2097,40
38476140,4860,40
38476274,61,40
38477038,5219,196
38477429,3371,61
38477500,1863,96
38478588,580,96
38479704,14,96
38480737,3312,61
38481396,4332,40
38482132,25,96
38482191,5549,196
38482334,1533,40
38482947,61,40
38483197,22,96
38483294,37,200
38483832,7792,40
38483864,4763,40
38483987,3459,61
38484071,22,96
38484571,16,96
38485273,172,96
38485780,108,96
38486206,872,96
38487356,720,96
38487381,3457,61
38487446,60,40
38487674,5277,196
38488187,2214,40
38488833,210,70
38488985,5885,70
38490486,2254,40
38490776,3189,61
38492887,5352,196
38493903,3321,61
38494733,10972,38
38494932,8484,70
38496226,4049,26
38497925,9822,61
38498178,7597,196
38500348,482,36
38502453,1686,40
38503216,60,70
38505533,10116,38
38505658,1604,70
38510665,7709,40
38510669,449,40
38510876,12593,196
38512364,8007,70
38516335,6684,38
38517241,3016,61
38519986,6692,40
38523487,12794,196
38523534,10090,38
38525309,7602,70
38526756,7583,40
38534318,7641,40
38535930,7646,70
38536131,133,43
38536289,12494,196
38537638,471,61
38538050,81,196
38538186,84,43
38538273,57,43
38539657,4303,40
38540105,1507,40
38540616,3255,61
38541912,1334,40
38543564,7848,70
38543758,204,84
38543803,1416,61
38544413,630,40
38544450,2278,40
38544765,5043,40
38544776,4106,40
38545050,1163,40
38545126,25,40
38545223,3216,61
38545559,7031,196
38546153,8964,146
38546197,1538,40
38547745,1512,40
38548378,3331,61
38548910,10308,61
38549819,2229,40
38550861,3170,36
38551426,7259,70
38551647,3286,61
38552524,4728,196
38553645,7813,40
38553923,2180,40
38554152,1951,36
38554747,8159,38
38554928,3455,61
38555872,3550,40
38555876,4397,40
38555878,7597,40
38556983,40,40
38557050,6870,7
38557189,5222,196
38558320,3435,61
38561668,2484,40
38561694,2524,61
38561776,4165,40
38561786,1938,40
38562340,5782,196
38562413,60,196
38563694,7496,40
38563945,3191,7
38564483,3292,61
38566015,2149,40
38566261,914,26
38567691,17,54
38567730,15,54
38567754,3336,61
38567776,233,54
38567935,2011,26
38568065,6704,196
38568132,377,54
38568796,3940,26
38569357,125,54
38569485,1772,26
38569525,93,54
38569789,22,54
38569841,325,54
38570159,4302,40
38570867,41,54
38571027,3401,61
38571262,146,54
38571406,1583,40
38571422,132,54
38571734,150,54
38572929,4723,40
38573533,87,54
38574153,322,54
38574593,3339,61
38574705,4883,196
38575251,2405,26
38575602,969,54
38575973,6650,40
38576778,295,54
38577844,23,40
38577864,3417,61
38578019,8953,26
38578125,2206,40
38579201,2223,40
38579523,4650,196
38580069,59,40
38581222,3224,61
38582556,2074,40
38584113,5902,196
38591530,10340,61
38591933,9978,38
38592628,10,62
38592668,389,62
38594411,1365,40
38596606,12664,196
38596681,134,196
38601039,7436,40
38601043,406,40
38601872,10525,61
38608489,7534,40
38609272,12385,196
38616024,7519,40
38621658,12331,196
38622383,71,61
38622531,89,43
38623602,7570,40
38624529,62,43
38624596,42,43
38625729,3623,40
38626135,1048,40
38627567,3406,61
38629752,1400,40
38629760,3725,40
38630255,9445,196
38630865,3306,40
38630904,3346,61
38631115,416,40
38632940,1524,40
38634098,89,40
38634183,3487,61
38634480,1818,40
38634531,2443,40
38635647,22,40
38635788,65,40
38636331,4213,40
38636334,1673,40
38636668,59,40
38636860,79,200
38636951,1230,40
38636953,7538,40
38637611,3406,61
38639633,4959,196
38640954,3204,61
38641449,2122,40
38643073,58,200
38643612,4465,40
38643616,6156,40
38644096,3641,61
38644528,5576,196
38645494,61,40
38645566,1525,40
38647037,8281,38
38647674,3312,61
38647785,2116,40
38648572,66,200
38648783,80,200
38650038,5421,196
38650923,3793,61
38652287,4424,40
38652310,2378,40
38652312,73,1
38652534,103,200
38653081,379,1
38653236,4387,40
38653251,1085,40
38653355,59,36
38653608,416,36
38654186,364,1
38654663,3651,61
38654715,466,36
38655379,412,1
38655456,4520,196
38655933,416,36
38656640,504,36
38657372,1199,40
38657375,6768,40
38658251,3714,61
38658670,5130,36
38659746,7442,40
38659752,3012,40
38659966,11740,196
38660211,60,40
38660992,38,40
38661064,8789,40
38661254,74,62
38661340,59,62
38662396,8803,62
38662757,2074,7
38662961,8811,40
38666269,1191,36
38669039,1263,7
38673610,2546,40
38678334,10002,38
38678384,2733,40
38681115,1901,40
38681933,22398,36
38683976,12343,196
38685609,60,40
38685825,2749,40
38685831,1919,40
38689133,11,38
38696307,12464,196
38696367,9913,38
38705576,2839,40
38708810,12337,196
38708931,73,43
38710888,85,43
38711038,44,43
38711471,129,61
38711617,10804,196
38711783,103,61
38711974,169,61
38712147,347,61
38712439,74,61
38712513,55,61
38712569,367,61
38712681,2590,40
38712718,2591,40
38712720,1363,40
38713286,3371,61
38713545,10683,61
38714083,1258,40
38714345,67,1
38714742,25793,110
38714762,11247,36
38715283,1243,40
38715342,2624,40
38716590,1376,40
38716594,3681,61
38716676,368,1
38717875,1256,40
38717877,63,40
38717965,2911,40
38719216,1054,7
38719223,1399,40
38720270,3636,61
38720326,141,54
38720562,1034,40
38720621,3244,40
38720637,58,40
38721657,1183,40
38721961,234,54
38722315,2981,54
38722398,10492,196
38722446,40,196
38722843,1238,40
38723032,338,1
38723470,1216,40
38723847,3391,61
38724081,3141,40
38724402,336,1
38725300,1398,40
38725337,1282,54
38725670,58,40
38726024,11253,36
38726345,8018,38
38726650,10943,38
38726699,1238,40
38726719,1237,40
38727151,302,54
38727176,3398,61
38727754,5721,54
38727939,3540,40
38729010,356,54
38729179,1396,40
38729667,24,54
38729860,1182,40
38730567,3272,61
38730574,2855,40
38730913,61,54
38731154,32,54
38731328,2144,54
38731758,989,40
38732749,1263,40
38732843,10376,196
38733210,135,200
38733777,3289,61
38734012,2801,40
38734015,1355,40
38734396,1284,62
38735003,366,54
38735370,1206,40
38735695,108,54
38736004,622,54
38736576,2710,40
38736578,1409,40
38736913,40,54
38737044,3373,61
38737080,48,54
38737312,11280,36
38737379,62,40
38737693,56,54
38737850,25,54
38737989,1235,40
38738134,177,54
38738147,60,40
38738409,445,54
38739221,2732,40
38739225,1441,40
38739546,135,200
38739895,121,62
38740068,16,62
38740353,3227,61
38740666,1223,40
38741889,3151,40
38741892,1003,40
38742893,1202,40
38743142,10510,196
38743517,3466,61
38744029,64,54
38744099,1383,40
38744419,7,54
38744832,17,54
38745110,2710,62
38745152,16,54
38745289,992,54
38745360,59,40
38745480,3207,40
38745483,1203,40
38745806,493,54
38746419,17,54
38746541,11,54
38746668,15,54
38746688,1403,40
38746794,1066,54
38746921,3271,61
38747315,8082,38
38748088,3547,40
38748092,1241,40
38748201,3991,54
38748593,4081,70
38748871,1468,54
38749331,1437,40
38750020,313,62
38750129,3309,61
38750333,22459,36
38750348,162,54
38750636,582,62
38750771,1258,40
38751946,1578,62
38751948,74,40
38752029,3191,40
38752032,1088,40
38752074,138,54
38752219,38979,54
38752677,4344,70
38753120,1143,40
38753378,3306,61
38753590,5093,196
38754264,1422,40
38756622,3277,61
38757023,7371,70
38758621,10457,196
38764396,12795,70
38764733,10858,38
38766351,787,62
38767307,10723,61
38768049,790,62
38769680,997,62
38770959,12284,196
38776023,1941,62
38777194,9446,70
38783245,12342,196
38783320,59,196
38786641,5666,70
38788974,11046,61
38795331,94,43
38795586,12547,196
38797336,64,43
38797403,44,43
38798626,2700,40
38798631,1207,40
38799835,2677,40
38799839,1410,40
38800433,3993,61
38800729,398,1
38801251,1295,40
38801528,613,1
38802204,64,40
38802543,2764,40
38802546,1376,40
38802962,337,1
38803677,11215,36
38803925,1260,40
38803937,59,40
38804180,242,1
38804418,3835,61
38804698,130,1
38805149,113,1
38805181,3020,40
38805185,1357,40
38805253,9047,70
38805412,435,1
38806179,169,84
38806544,956,40
38806850,405,1
38806982,57,54
38807218,46,54
38807499,3054,40
38807502,1405,40
38807556,3819,54
38807681,12789,196
38808197,3482,61
38808396,25,40
38808758,417,1
38808909,1249,40
38809287,9,103
38809379,2311,103
38810154,3577,40
38810157,1525,40
38811614,3827,61
38811684,1368,40
38811978,150,103
38812138,377,103
38813050,2900,40
38813053,1740,40
38813065,27,40
38813092,551,103
38813542,663,168
38813643,665,15
38814314,6957,70
38814549,889,7
38814795,1466,40
38814859,11279,36
38815047,163,168
38815135,508,15
38815440,3291,61
38816262,1818,40
38816498,179,200
38816718,1125,15
38817208,873,7
38817220,1875,7
38817841,2090,103
38818010,322,54
38818079,3464,40
38818081,1340,40
38818246,2262,62
38818453,702,54
38818671,3440,61
38819107,2926,7
38819224,579,15
38819302,550,54
38819423,3857,40
38819425,1793,40
38819850,4391,54
38819934,10,54
38820206,3466,54
38820405,11752,196
38820471,40,196
38820570,540,15
38820976,60,40
38821274,6817,70
38821726,1811,40
38822047,3405,61
38822757,287,15
38823536,3193,40
38823540,1362,40
38823893,66,40
38824193,1293,54
38824900,1274,40
38825034,61,40
38825273,8324,38
38825434,3334,61
38825514,4031,54
38825933,64,40
38826178,1418,40
38826189,63,40
38827594,3012,40
38827597,1260,40
38827883,190,96
38828092,6895,70
38828320,61,40
38828668,691,96
38828710,7898,61
38828858,1381,40
38828967,11232,36
38829172,7488,7
38829424,1081,96
38830226,2744,40
38830240,1028,40
38830251,64,40
38830432,61,40
38830561,780,96
38831258,1026,40
38831424,756,96
38832116,10654,196
38832211,472,96
38832296,1240,40
38832916,576,96
38833526,526,96
38833532,2909,40
38833535,1442,40
38833549,63,40
38834081,99,96
38834202,596,96
38834209,61,40
38834426,61,40
38834839,719,96
38834980,1220,40
38834987,4457,70
38835456,882,54
38835588,665,96
38836198,2743,40
38836201,1423,40
38836662,3260,61
38837615,1227,40
38838850,2815,40
38838853,1382,40
38838866,60,40
38839860,3454,61
38840238,1243,40
38840332,22452,36
38841477,2822,40
38841481,1421,40
38842706,7596,196
38843275,3292,61
38844658,6746,70
38851133,10342,38
38851410,6757,70
38855257,12784,196
38858168,6800,70
38864970,13660,70
38865163,10631,61
38868043,13253,196
38878632,9861,70
38881296,12206,196
38881732,109,43
38883780,134,43
38883917,48,43
38885049,2242,40
38885056,1202,40
38886254,69,40
38886257,1373,40
38886889,3387,61
38887409,405,40
38887629,448,40
38888089,820,40
38888496,6968,70
38890215,3231,61
38891046,494,103
38891178,5720,196
38891243,59,196
38892523,844,15
38892697,16,38
38893383,3614,61
38893483,93,15
38893617,89,15
38893741,109,15
38894378,305,8
38894605,132,15
38894734,45,70
38894774,317,15
38894788,373,8
38895306,1460,15
38895510,6628,36
38895550,1442,7
38896280,490,103
38896294,4015,38
38896654,60,103
38896754,1700,8
38896761,1839,8
38896764,231,8
38896768,451,8
38896804,1224,15
38896834,6765,196
38896995,3482,61
38897050,979,103
38897061,60,8
38897157,59,196
38897537,4959,54
38897634,4861,54
38897938,11,38
38898148,348,15
38898384,5579,8
38898646,453,15
38900092,1488,7
38900443,3265,61
38900958,190,8
38901005,59,8
38901149,471,8
38901593,172,8
38901799,61,8
38902118,2787,36
38903164,8228,38
38903192,82,38
38903380,15725,54
38903454,288,125
38903644,3322,61
38903823,5055,196
38903954,4663,8
38903967,2310,8
38903972,2258,8
38904281,194,15
38904593,1454,15
38904705,1342,125
38904937,3053,36
38905162,585,125
38905744,1031,15
38906157,1019,15
38906384,516,125
38906903,3212,61
38907438,175,15
38907842,74,15
38907985,229,15
38908002,6511,36
38908313,144,15
38908473,429,15
38908627,5763,8
38908843,5790,196
38909001,137,15
38909244,102,15
38909420,612,15
38909670,481,125
38910051,3396,61
38910592,577,15
38911529,286,15
38912202,354,96
38912326,19,96
38913248,18,96
38913341,241,15
38913409,3569,61
38913648,381,15
38913658,476,8
38913659,7764,8
38913706,10,96
38914385,2183,8
38914596,5132,196
38914632,187,15
38914633,73,196
38914776,13,96
38915107,737,15
38915350,59,15
38915904,7537,8
38916112,15,96
38916698,9,96
38916975,3235,61
38918087,2042,8
38918161,60,8
38919666,5707,196
38920056,10923,38
38920154,2062,8
38920193,3465,61
38922246,2370,8
38922643,1724,8
38923597,3214,61
38924350,7588,8
38924367,4426,8
38924431,60,8
38925364,3855,196
38926222,945,125
38926755,3297,61
38929002,2248,8
38929991,3264,61
38932023,1943,8
38932027,9430,70
38937534,10102,38
38939522,7697,8
38939527,1958,8
38940624,10459,61
38941367,12482,196
38941443,26,196
38941468,7330,70
38947218,6774,8
38948800,7020,70
38950401,966,62
38951648,2878,62
38953848,12260,196
38954017,7567,8
38955823,6834,70
38961585,7655,8
38962011,10339,61
38962658,6651,70
38966109,12704,196
38968131,107,43
38969311,6685,70
38969740,3136,7
38970180,78,43
38970263,40,43
38970842,61,8
38971972,4340,8
38972038,7714,196
38972874,190,36
38972932,366,7
38973172,6142,36
38973273,3347,61
38973319,7728,7
38975998,6785,70
38976263,2023,8
38976270,4435,8
38976598,3357,61
38977734,224,1
38978432,34,7
38979366,8093,38
38979745,4674,196
38979818,11115,7
38979890,3470,61
38982786,11960,70
38983300,3224,61
38984257,7,96
38984356,4686,196
38984781,7,96
38984908,7,96
38985158,6,96
38985736,8,96
38986461,3244,61
38986777,338,96
38987159,341,96
38988977,4686,196
38989643,3420,61
38992999,3214,61
38993598,4615,196
38994747,4149,70
38996181,3556,61
38998148,4683,196
38998910,8597,70
38998948,35,110
38998984,25768,110
38999677,3287,61
39002823,4955,196
39002846,53,196
39002899,3263,61
39003590,1373,125
39003597,6133,36
39004685,8106,38
39005607,2854,62
39006099,3375,61
39007509,5791,70
39007614,1383,125
39007716,4835,196
39008618,1073,125
39009050,581,125
39009412,3215,61
39010904,2856,62
39012483,4809,196
39012565,3537,61
39014273,12314,36
39014934,16789,38
39016042,3237,61
39017231,4659,196
39017679,2384,70
39022927,2915,62
39023308,171,43
39024784,7377,70
39027345,2841,62
39029936,12421,196
39030011,61,196
39031072,18830,7
39036486,10495,61
39042359,12439,196
39042434,59,196
39054531,83,43
39054799,12829,196
39056457,57,196
39056530,50,43
39056583,44,43
39059595,3490,61
39060112,2304,36
39061026,4744,196
39063021,3150,61
39065707,4866,196
39066161,3393,61
39066172,2320,36
39067223,1609,70
39069492,3310,61
39070105,6901,70
39070507,4822,196
39072739,3260,61
39074855,8139,38
39075326,4995,196
39075384,10174,38
39075936,3537,61
39077008,7075,70
39079410,3259,61
39080277,4731,196
39082607,3330,61
39084085,6908,70
39084945,4736,196
39085876,3272,61
39089085,3221,61
39089616,4847,196
39092244,3506,61
39094399,4824,196
39095687,3275,61
39098899,3337,61
39099135,4187,70
39099159,4923,196
39102176,3522,61
39103319,15,40
39103324,7068,70
39104021,73,196
39104094,60,196
39105458,1306,40
39105614,78,40
39105841,62,40
39105982,2461,40
39106222,61,40
39106523,59,40
39106582,61,40
39106703,60,40
39106852,2679,40
39107119,70,40
39107119,70,40
39107240,123,40
39107419,60,40
39107419,123,40
39107599,120,40
39108227,63,40
39108514,60,40
39108574,70,40
39108754,72,40
39108927,62,40
39109467,60,40
39109625,1427,40
39110237,60,40
39110356,32,40
39110392,7292,70
39110405,60,40
39110526,62,40
39110917,60,40
39112672,10198,61
39112962,14,40
39112991,15064,40
39114978,647,55
39116848,12763,196
39117686,7191,70
39122844,5720,38
39124878,13664,70
39129612,13129,196
39129748,60,196
39133045,10476,61
39138547,9730,70
39140931,106,43
39142817,51,196
39142915,40,43
39142957,43,43
39146251,3238,61
39148277,5968,70
39149427,3235,61
39149635,29,196
39149715,27,196
39150071,26,196
39150312,24,196
39152600,3348,61
39155886,3210,61
39159033,3485,61
39162456,3235,61
39165629,3317,61
39168884,3343,61
39170657,2863,62
39172165,3241,61
39175345,3453,61
39176263,2894,62
39176280,555,125
39176915,906,125
39177750,434,125
39178766,3232,61
39181936,3208,61
39185082,3322,61
39188344,3245,61
39194064,9923,38
39204543,10426,61
39227330,99,43
39229134,8017,38
39229248,41,43
39229292,42,43
39232317,3220,61
39235476,3310,61
39237741,25767,110
39238731,3228,61
39240317,1254,43
39241896,3389,61
39245255,3351,61
39248544,3454,61
39251332,7,8
39251388,2232,8
39251399,2692,8
39251933,3595,61
39252943,11699,38
39253555,7563,8
39255524,3451,61
39256243,7672,8
39256250,2579,8
39258477,61,8
39258830,2405,8
39258904,49,8
39258971,3731,61
39261053,896,8
39261058,2274,8
39261230,7720,8
39261236,323,8
39261690,52,196
39261699,44,8
39261975,2091,8
39262016,8,54
39262039,4926,196
39262305,5372,8
39262339,12301,196
39262545,17,54
39262617,10603,61
39262640,3330,61
39262743,23,54
39262875,601,54
39263041,61,8
39264111,43,54
39264346,80,54
39264553,999,70
39264852,308,54
39265211,242,54
39265548,206,54
39265553,104,70
39265906,3221,61
39266048,9569,70
39266191,385,54
39266900,4594,196
39267210,371,54
39267681,2387,8
39267713,215,54
39268080,762,54
39269045,976,54
39269107,3383,61
39270844,4848,54
39271430,4621,196
39272432,3488,61
39273285,2537,8
39275397,553,70
39275990,11089,196
39276063,62,196
39279688,6663,8
39279692,2461,8
39280910,169,54
39281610,399,54
39283035,10280,61
39285269,2902,62
39287859,4609,54
39288243,7500,8
39288288,12262,196
39288372,54,196
39288594,5506,62
39288698,6706,54
39289322,6968,70
39293314,10606,61
39294511,1351,54
39295718,7598,8
39296072,3938,54
39296291,6898,70
39300554,12307,196
39303189,7072,70
39303316,7553,8
39303921,10432,61
39304826,6,60
39304907,3,60
39305035,11,60
39305405,6,60
39305567,4,60
39305699,9,60
39306051,10,60
39306201,9,60
39306324,11,60
39306529,10,60
39306858,6,60
39307254,6,60
39307435,4,60
39307528,4,60
39308027,11,60
39308116,9,60
39308420,4,60
39308528,9,60
39310266,7236,70
39310580,60,8
39310835,13,60
39311328,11,60
39312821,12,60
39312862,12856,196
39313615,6,60
39313665,4,60
39313807,4,60
39313946,19886,36
39313999,168,60
39314289,4,60
39314425,4,60
39314436,3,60
39314508,21,60
39314517,7,60
39314585,61,60
39314597,14,60
39314895,6,60
39315027,6,60
39315109,6,60
39315173,66,60
39315429,6,60
39315505,5,60
39315690,299,43
39315992,564,43
39316121,24,60
39316559,251,43
39316904,34,76
39317066,19,76
39317206,60,8
39317504,7544,70
39317571,24,76
39317605,2054,76
39318136,4476,8
39318229,1529,8
39319116,10698,61
39319157,36,61
39319224,351,61
39319672,3880,61
39319746,1302,8
39321052,1347,8
39321318,61,8
39322400,2351,8
39322586,2232,8
39322613,2318,8
39324447,7999,146
39324736,3764,8
39324737,3699,8
39325006,7379,61
39325051,4027,70
39326698,5723,196
39328050,8026,38
39335252,1543,43
39335531,9,15
39335554,148,15
39335555,73,8
39335733,393,15
39336095,263,8
39336097,104,8
39336100,7807,8
39336477,2096,43
39337521,2682,8
39337895,7494,70
39337934,1548,1
39338682,1299,43
39339570,5527,196
39339597,30,196
39339791,3214,43
39340620,10378,137
39340701,752,99
39341258,4761,8
39341279,2354,8
39341868,2421,61
39342047,78,80
39342215,3703,80
39342632,331,15
39342930,1469,99
39343213,964,15
39343843,3369,5
39344288,2321,61
39344810,599,15
39345034,9557,196
39345098,62,196
39345431,767,15
39345609,1534,99
39345638,5266,8
39345647,757,8
39345887,8162,38
39346015,1536,8
39346320,20,8
39346611,2543,61
39347774,2984,62
39347927,5215,8
39348111,6409,7
39348288,748,24
39348351,61,99
39348837,153,99
39348891,25766,110
39349084,2565,61
39350383,1441,125
39350618,81,54
39351133,2909,62
39351651,3401,61
39351658,4536,70
39352757,15106,146
39353301,2648,134
39354277,6384,8
39354279,7537,8
39354366,4363,62
39354520,5792,196
39354922,843,54
39354989,3299,61
39356486,397,8
39356525,2508,8
39356563,5540,80
39358227,3420,61
39359143,2823,8
39360311,6803,196
39360330,58,196
39360633,9753,70
39361072,13,36
39361585,3657,61
39361970,2647,8
39362839,2454,8
39364691,61,8
39370387,11609,70
39370675,9,60
39370818,6,60
39370930,117,60
39371222,7,60
39371448,44,60
39372133,8,60
39372285,10332,61
39372969,93,60
39373112,12736,196
39373186,60,196
39373436,10,60
39374228,9,60
39374372,7,60
39375238,10184,38
39376957,196,60
39376978,16,60
39377864,1755,8
39378179,63,8
39378261,6326,8
39378264,468,8
39382619,10730,61
39384577,7265,8
39385905,12569,196
39385928,56,196
39391591,61,8
39391863,7648,8
39392803,8064,38
39398419,5284,196
39399511,7679,8
39400131,92,43
39402135,63,43
39402201,46,43
39402250,277,43
39402529,401,43
39402557,540,36
39402935,234,43
39403256,5383,7
39403710,7634,8
39403724,4379,8
39404189,1150,8
39405614,3260,61
39407181,1454,8
39407616,3698,80
39407750,60,8
39408112,78,8
39408569,1710,8
39408629,2489,8
39408804,7599,196
39408810,3359,61
39408875,61,196
39409850,3696,8
39410130,61,8
39411067,4190,8
39411068,1592,8
39411417,8194,38
39411819,411,95
39412105,5396,61
39412250,144,99
39412455,123,99
39412790,401,43
39412992,7495,95
39415011,3834,80
39416331,6305,196
39416622,2843,38
39416827,2627,8
39417050,100,54
39417440,4687,61
39417644,965,99
39418692,5514,8
39418694,7702,8
39418705,1585,8
39419155,442,99
39420276,148,99
39420552,469,99
39421066,2115,8
39421199,7983,38
39421574,143,99
39421743,95,99
39421852,1129,99
39422128,5944,61
39422578,5022,196
39422929,5775,8
39422931,7602,8
39423507,7216,95
39424609,819,99
39424926,1349,1
39425508,1217,99
39425953,1323,24
39426544,2231,8
39426812,281,99
39427530,5004,196
39428011,5692,61
39428181,694,21
39428272,38,135
39429748,16,21
39429866,86,24
39430016,2898,24
39431045,23,21
39431240,7508,95
39431369,28,21
39431519,179,99
39431689,16,21
39431712,663,99
39432301,4664,8
39432355,2734,8
39432419,21,21
39432465,6459,196
39432643,14,135
39432779,1560,8
39433003,4929,80
39433032,8032,38
39433112,24,135
39433324,88,99
39433699,6232,61
39434142,227,99
39434290,7000,8
39434301,4473,8
39434620,79,137
39434841,3284,7
39434946,23,135
39435088,155,99
39435252,1045,99
39435368,3568,24
39435372,25732,96
39435792,2269,137
39436314,757,99
39437777,443,7
39437802,374,99
39438190,24869,137
39438863,5436,196
39439105,6526,95
39439937,6188,61
39441065,8125,38
39441892,1239,8
39442770,8930,95
39443066,3234,8
39444289,4652,196
39446124,4025,61
39448883,9176,196
39449192,10481,38
39450535,62,8
39451425,7724,8
39453889,9512,146
39454181,2399,8
39454219,12924,196
39454242,60,196
39456559,2568,8
39456848,10356,61
39459124,1181,8
39459532,1451,7
39463918,53,96
39464172,418,96
39464647,78,96
39466077,135,96
39466311,341,96
39467060,49,96
39467120,12877,196
39467167,58,196
39473777,1816,8
39479970,12490,196
39481524,7594,8
39481533,1632,8
39483919,602,61
39486531,130,43
39489230,2140,203
39499789,25802,110
39501696,22,128
39503176,93,43
39503272,52,43
39503327,318,43
39503506,140,99
39503648,539,43
39503929,1079,7
39504055,2178,99
39504191,337,43
39504321,63,8
39504406,503,24
39504724,1095,7
39504820,2238,5
39504838,3538,8
39505617,44,137
39505876,76,7
39505952,30,137
39506012,3716,7
39506085,107,24
39506293,1179,38
39506420,4145,8
39506604,300,203
39506788,44,99
39506922,24220,137
39507024,5647,61
39507036,235,99
39507619,7258,95
39507739,8412,38
39507820,22,95
39507870,1183,125
39507921,332,95
39508437,80,99
39509189,270,99
39509750,3497,7
39509892,55,26
39509913,1222,26
39509960,214,8
39510404,3419,99
39510586,2555,8
39510863,5647,203
39512161,7910,196
39512623,7422,61
39513142,4344,8
39513258,5312,7
39514016,692,125
39514706,714,125
39514719,702,125
39514867,1146,1
39515232,8275,95
39516243,1346,1
39516253,865,125
39517189,15,38
39517219,2386,99
39517738,156,38
39517793,14,38
39517907,8320,38
39517954,536,38
39518716,8,54
39518722,2259,38
39518920,234,54
39519292,33,54
39519588,25,54
39519734,3919,80
39520002,4569,196
39520099,4965,61
39520427,3713,54
39520500,1169,26
39524507,5773,196
39525068,3274,61
39525178,3404,134
39525405,269,30
39525518,48965,5
39525580,7,54
39525830,7,54
39526169,328,24
39526197,8297,38
39526426,474,54
39528567,3386,61
39529424,11529,80
39530216,53076,196
39530423,9,80
39530835,7,80
39531609,8,80
39531894,4045,61
39532200,8,80
39532567,4910,125
39532588,8,80
39532783,8,80
39534491,8263,38
39537763,10189,61
39542727,11,38
39552440,10397,61
39562838,10347,61
39572931,94,43
39573187,10558,61
39574914,58,43
39575987,9,1
39576469,747,1
39577217,870,1
39578197,4306,5
39578791,4947,61
39578871,1824,201
39581004,1383,201
39581333,1034,30
39582325,1412,1
39582446,685,201
39582550,5703,95
39582838,5340,131
39583095,1055,30
39583478,40,43
39583521,1132,43
39583670,4696,201
39583714,507,61
39584599,3654,61
39584703,3633,196
39584819,3580,80
39585054,129,30
39585857,5056,203
39586800,1123,5
39588273,3709,80
39588473,44,203
39588530,7206,61
39588950,8624,95
39588974,343,201
39589255,574,6
39589544,63,137
39589661,232,6
39589727,6346,5
39590019,128,30
39590330,432,7
39590768,6192,196
39590779,11907,137
39590907,1260,1
39591224,527,188
39592179,1458,1
39592674,4184,131
39592688,3139,131
39592800,3997,54
39592910,7,95
39593621,23,95
39593804,1514,1
39593834,3709,80
39593854,3722,134
39594135,8442,38
39594482,9894,95
39594720,2254,7
39595350,25746,110
39595674,5020,61
39596075,3799,5
39596991,4374,7
39597766,367,1
39598133,902,1
39598661,8852,196
39599421,11,80
39599640,6,80
39600304,608,28
39600730,3725,61
39600793,80,8
39600907,1045,201
39601064,3983,7
39601464,320,50
39601510,59,31
39601725,61,31
39601880,877,1
39601902,1649,50
39602010,311,70
39602162,58,201
39602249,311,201
39602707,3691,80
39602907,1205,201
39602988,8,80
39603379,585,188
39603462,1365,26
39604379,3475,5
39604418,6263,61
39604457,7648,95
39604808,54,95
39604916,6487,95
39605265,160,201
39605399,1263,7
39606167,1036,30
39606369,346,7
39606705,4266,7
39607102,2062,24
39607339,18,1
39607452,8234,196
39607634,1039,30
39607841,26,1
39608322,1059,5
39608414,33,137
39608572,231,1
39609211,1032,30
39609485,1516,26
39609656,131,1
39610047,843,7
39610155,1372,24
39610449,58,70
39610661,6684,61
39610773,416,188
39610961,359,7
39611032,2488,7
39611064,8403,38
39611302,2,1
39611395,222,1
39611494,1041,30
39611647,262,54
39611846,19,95
39611912,2996,95
39611994,137,54
39612147,6575,95
39612850,29916,54
39613590,3716,54
39613839,6545,80
39613846,19066,36
39614956,10,80
39615639,4877,196
39615686,10,80
39617306,3979,61
39619472,8286,38
39620455,4543,196
39620521,3619,80
39623133,14,80
39623240,5,80
39623886,9,80
39624153,5,80
39624489,20678,80
39627759,10289,38
39631351,195,55
39631962,393,55
39632333,22198,7
39632946,12752,196
39633020,59,196
39633996,7521,61
39641456,9343,61
39642132,10101,38
39645700,12323,196
39650801,9139,61
39658023,12803,196
39659331,104,43
39659942,9119,61
39661330,54,43
39661387,56,43
39661446,36,43
39665692,4678,196
39669062,9246,61
39670308,4545,196
39671549,16306,154
39674789,4581,196
39678309,9139,61
39679306,4595,196
39683054,2152,70
39683837,5651,196
39684109,525,125
39685651,4346,61
39687449,8081,61
39687644,240,1
39689422,6730,196
39691498,20,13
39691596,545,125
39691769,15,13
39691869,2129,13
39692009,2039,13
39692424,221,1
39692471,928,125
39693957,15,1
39694057,13,1
39694106,164,1
39694194,1525,13
39694258,605,125
39694751,439,125
39695045,219,1
39695188,1342,125
39695531,9028,61
39696090,5139,196
39696280,22373,36
39697059,665,125
39697330,332,13
39697354,1606,13
39697593,541,125
39698161,408,125
39699189,262,84
39699232,289,13
39699285,468,13
39699561,1193,13
39701214,6670,196
39701229,337,13
39701687,3546,13
39704560,9111,61
39707824,4620,196
39713671,9078,61
39716160,2163,13
39720628,12403,196
39722750,9070,61
39731822,9084,61
39735196,12242,196
39740908,9080,61
39745731,64,43
39747440,12605,196
39747701,55,43
39747759,47,43
39747808,42,43
39749989,9064,61
39752180,4627,196
39754755,16731,154
39755381,206,154
39755681,591,36
39756801,4642,196
39756805,31,36
39757462,302,36
39757715,842,55
39757877,138,36
39759054,9178,61
39761378,4610,196
39765926,4728,196
39767508,1045,36
39768232,9144,61
39768342,3217,95
39768575,6966,36
39769092,7703,8
39769094,7749,8
39770588,4854,196
39775377,4707,196
39775790,1345,36
39777100,1236,76
39777154,1311,36
39777376,9048,61
39777874,191,76
39778485,40,96
39778692,236,76
39778737,2865,36
39779713,41,96
39780059,5787,196
39780085,35,196
39781671,975,36
39782415,42,96
39782658,13,36
39782798,1775,36
39783153,1573,8
39784362,135,76
39784680,7150,8
39784702,4252,8
39784727,5,36
39784793,225,36
39785115,192,36
39785631,1108,76
39785782,6238,196
39786461,9061,61
39786486,1089,36
39787166,889,76
39787601,156,36
39787812,447,36
39787848,3605,13
39788496,545,76
39790933,2110,8
39791956,6231,196
39795499,9046,61
39802645,6688,8
39802649,1311,8
39804184,40,96
39804564,12236,196
39804646,51,196
39805205,40,96
39809369,41,96
39811411,41,96
39811697,9169,61
39811882,42,96
39812479,136,96
39813789,72,96
39813895,37,96
39814577,41,96
39815270,41,96
39815824,41,96
39816206,267,96
39816503,281,96
39816800,12543,196
39816875,60,196
39820867,9063,61
39829346,12614,196
39829932,9071,61
39832131,62,43
39832290,460,201
39832849,193,201
39833128,1440,201
39834125,72,43
39834200,56,43
39834258,362,43
39834592,266,201
39834845,169,84
39835196,3631,201
39835444,2662,8
39835971,3212,95
39836078,134,8
39836087,4417,8
39836160,61,8
39838938,1001,201
39839005,9094,61
39839475,4824,95
39839518,2622,5
39839989,16126,154
39840217,2234,36
39840258,4697,196
39840281,61,196
39840589,163,30
39840650,394,201
39840795,1381,201
39841215,941,146
39841245,1427,30
39841423,181,95
39841693,132,95
39841706,1632,1
39842154,3968,5
39842498,280,8
39842883,13,146
39843026,1345,36
39843232,1084,30
39843331,262,201
39843542,1263,99
39843867,302,201
39844131,1289,43
39844385,4669,36
39844633,1048,30
39844825,4726,95
39844937,4783,196
39844958,60,196
39845328,151,201
39845351,122,137
39845609,82,137
39845783,1489,201
39845844,12409,146
39846233,588,99
39846375,1058,30
39846740,7793,26
39847791,1068,30
39848099,9132,61
39848467,15,13
39848540,441,13
39848975,18,13
39849156,17,13
39849178,2024,99
39849221,9,80
39849442,344,13
39849659,9042,196
39849790,355,13
39849846,8,80
39850139,357,13
39850157,1585,30
39850277,8,80
39850488,354,13
39850678,1772,95
39850835,350,13
39851180,1561,13
39851271,78,99
39851364,6873,95
39851832,717,99
39851854,81,201
39852158,290,201
39852571,62,99
39853185,1086,30
39853226,753,99
39854593,1083,30
39854915,13,38
39855125,114,99
39855791,252,99
39855971,1193,30
39856051,57,201
39856245,90,201
39856366,109,201
39856821,116,99
39856925,3208,95
39857232,9051,61
39857745,67,99
39858110,1300,179
39858236,148,99
39858638,7890,196
39858785,6571,95
39859104,65,99
39859445,488,99
39859652,100,99
39860040,10187,26
39860897,143,99
39861077,794,1
39861149,1334,146
39861667,29,99
39861750,122,99
39862647,195,99
39862741,13480,146
39862908,213,99
39863589,798,1
39863840,177,99
39864031,127,99
39864345,1164,5
39864497,448,99
39864786,789,1
39865364,262,99
39865571,8,80
39866188,2155,99
39866335,7,80
39866339,9126,61
39866461,6529,196
39866772,162,36
39866958,3695,1
39867181,3349,36
39867644,8347,38
39868075,4704,95
39868208,3564,95
39868447,2019,125
39871066,1265,5
39871395,4876,36
39872921,4634,196
39873807,1241,28
39875424,9096,61
39877499,4650,196
39877979,145,80
39878489,26,1
39878670,1617,80
39878702,22,1
39878915,4812,1
39881679,607,80
39882435,7,80
39883771,8261,38
39885204,11489,80
39885925,8,80
39890114,12476,196
39890189,58,196
39892869,9080,61
39892989,2591,13
39897789,13,96
39898182,43,96
39898554,229,96
39901131,10462,38
39902591,12416,196
39910211,9120,61
39917610,12971,196
39918531,87,43
39919332,9152,61
39920399,61,196
39920479,51,43
39920533,42,43
39920578,33,43
39921826,11208,36
39923853,1932,1
39924127,98,36
39924248,1775,36
39924281,7874,203
39924920,209,43
39924964,8972,196
39925821,2568,5
39926522,1622,36
39926648,11,201
39926795,1856,1
39926859,125,201
39927351,375,201
39927780,293,201
39928266,2741,201
39928527,9126,61
39928546,7313,5
39928683,18894,154
39929562,13,15
39929591,6158,15
39930186,982,1
39930640,1912,8
39930646,1989,8
39931180,347,1
39931784,1230,201
39932254,1710,131
39932681,2947,99
39933163,1209,201
39933513,3122,38
39933871,6124,196
39934927,2829,95
39935111,4486,36
39935160,894,80
39935341,133,95
39935855,668,1
39936033,424,99
39936167,8,80
39936482,6,80
39937176,20,95
39937609,4347,95
39937622,9074,61
39937904,3552,95
39938196,1699,15
39938326,4574,58
39938429,8,80
39939178,1487,202
39939581,6010,8
39939932,6780,196
39940710,666,1
39941213,4549,15
39941518,6806,8
39941523,2065,8
39942210,4136,95
39943097,195,201
39943264,200,97
39943486,14,96
39943614,33,96
39943945,157,201
39943995,73,6
39944106,1576,58
39944267,2363,99
39944525,24,7
39944616,5174,7
39944884,865,179
39945179,223,131
39945203,32,96
39945547,866,8
39945675,84,96
39945865,141,96
39946371,473,8
39946388,2934,8
39946444,124,188
39946547,1772,26
39946556,9303,26
39946596,125,96
39946692,5049,196
39946713,26,196
39946955,3287,32
39947367,398,96
39947414,76,179
39947420,19,80
39947497,13,179
39947665,7,80
39948058,144,96
39948173,8171,38
39948433,275,96
39948554,127,179
39948593,4359,95
39948675,51,96
39948678,7,80
39948797,597,13
39949609,70,96
39950566,825,188
39951269,154,96
39951520,36,96
39951627,37,96
39951683,5401,196
39951741,675,201
39951779,12,96
39952187,260,201
39952254,379,13
39952356,943,8
39952829,456,8
39953005,371,13
39953062,970,96
39953169,6160,146
39953299,4659,8
39953301,471,8
39953346,2201,188
39953374,201,201
39953416,428,146
39953611,253,201
39953767,456,8
39954078,14,96
39954226,455,8
39954298,367,96
39954640,410,13
39954820,319,201
39954877,524,201
39955595,77,13
39955733,8,80
39955831,120,13
39956119,75,13
39956221,289,13
39956791,13,96
39957071,10248,196
39957082,354,13
39957095,2300,15
39957503,3107,95
39957587,312,96
39957677,656,13
39958884,6610,13
39959193,200,96
39959457,2295,15
39960291,188,96
39961812,1822,15
39963695,210,15
39965092,422,61
39967259,6039,196
39972750,155,96
39972819,3006,13
39973301,8206,38
39973578,418,125
39973686,229,61
39974136,119,96
39974230,1298,125
39974358,90,96
39975183,6,1
39975213,120,96
39975250,12,1
39975283,49,1
39975457,138,1
39975467,715,125
39975998,158,1
39976627,27,1
39976659,3087,13
39976814,23,1
39976933,134,96
39977061,18,1
39977144,73,1
39977489,448,1
39977562,136,96
39977981,359,1
39978072,112,13
39978405,120,96
39978562,22350,1
39979336,127,96
39980231,12265,196
39980305,60,196
39980687,353,96
39981919,43,38
39981953,164,96
39982133,310,61
39982311,361,96
39982444,396,61
39982708,349,96
39983140,728,96
39983952,836,96
39984834,1330,96
39986349,2228,96
39988679,27,96
39988718,221,96
39988963,17,96
39989007,89,96
39989130,17668,96
39992496,12372,196
39992571,59,196
40004917,12736,196
40004932,129,43
40005076,212,61
40006809,60,196
40006930,64,43
40006998,43,43
40007044,216,43
40007262,282,43
40007547,255,43
40007798,1898,15
40008802,1283,131
40008849,1230,131
40010757,110,36
40012769,4612,196
40013225,18603,154
40013329,2724,1
40013673,2152,5
40014113,4455,95
40015044,782,61
40015847,2955,8
40016033,222,8
40016489,104,36
40016858,4828,8
40017085,13,36
40017220,3,36
40017261,652,36
40017316,5950,196
40017949,1649,36
40018443,5483,26
40018882,1823,95
40019344,1235,146
40019760,320,76
40019790,122,76
40020011,77,13
40020155,3571,13
40020475,10483,146
40020712,249,38
40021074,32,146
40021114,436,146
40021208,497,99
40021769,1889,8
40021895,36,36
40021908,310,99
40023092,156,15
40023262,7187,196
40023653,91,1
40024167,3097,15
40024471,89,1
40025182,414,99
40025204,7916,38
40025379,257,1
40025701,9,50
40025906,469,1
40025974,4642,50
40026023,335,201
40026063,63,31
40026125,58,31
40026226,307,99
40026543,841,99
40026877,89,1
40027029,2189,201
40027403,94,1
40027656,89,1
40027905,2254,95
40027915,787,125
40027962,1237,7
40028037,11660,96
40028317,1265,26
40028334,1211,26
40028580,224,1
40028597,528,99
40028816,531,125
40029090,991,13
40029159,655,1
40029164,124,99
40029454,870,125
40029501,658,83
40030006,1274,28
40030345,1268,125
40030386,14579,196
40030449,72,196
40030449,2548,95
40030575,812,13
40030643,418,201
40030853,14174,95
40031395,1007,13
40031878,208,1
40032145,206,1
40032507,1287,146
40032745,3706,13
40032836,448,1
40033112,13520,146
40033450,438,76
40033456,1400,125
40033624,386,1
40033669,19,99
40033792,25,99
40034028,1954,5
40034059,109,1
40034083,82,38
40034349,256,76
40034371,51,99
40034417,408,61
40034432,124,38
40034720,4103,26
40034773,553,99
40034823,75,1
40034991,1210,146
40035140,3702,20
40035280,118,125
40035295,517,1
40035360,178,99
40035575,28,10
40035616,1815,99
40035692,2331,95
40036034,602,76
40036090,30,31
40036091,4611,5
40036119,3990,7
40036124,34,31
40036190,2803,125
40036223,37,31
40036259,36,31
40036295,51,31
40036346,30,31
40036375,34,31
40036408,30,31
40036438,54,31
40036453,38,31
40036489,194,1
40036491,85,31
40036858,9344,13
40037000,1281,1
40037421,1322,76
40037614,892,99
40037728,8751,38
40038081,505,201
40038281,14,1
40038376,378,80
40038711,33,31
40038720,877,99
40038744,24,31
40038756,29,31
40038774,205,201
40038783,22,31
40038789,4547,80
40038800,21,31
40038810,115,1
40038820,21,31
40038935,49,31
40038982,923,125
40038984,25,31
40039006,253,76
40039007,29,31
40039080,71,1
40039322,72,1
40039468,2501,95
40039917,2572,125
40039979,147,1
40040169,15464,96
40040290,56,31
40040346,61,31
40040406,60,31
40040461,391,1
40040466,1070,31
40040472,16786,146
40040477,1059,31
40040549,481,26
40040622,918,20
40040858,385,1
40041204,145,1
40041652,451,1
40041654,31,31
40041681,71,99
40041682,66,31
40041745,35,31
40041756,24,31
40041977,548,99
40042098,223,1
40042120,15780,96
40042330,2922,95
40042336,301,1
40042481,1115,24
40042671,930,20
40042672,27,31
40042718,14,135
40042719,25,31
40042735,363,1
40042808,1775,31
40043143,680,1
40043525,549,76
40043587,186,1
40043665,746,20
40044700,68,10
40044901,10731,196
40045763,13464,36
40046869,6792,13
40050078,6250,95
40050276,3728,95
40052599,8396,38
40055562,7690,196
40058260,872,1
40060123,26,1
40060321,44480,1
40068307,12471,196
40068383,60,196
40080780,12426,196
40091332,66,43
40103061,18272,154
40104840,58,31
40104893,69,31
40104957,26,31
40105005,24,31
40105029,75,31
40105104,41,31
40105165,21,95
40105195,65,99
40105243,56,43
40105302,44,43
40105344,8341,38
40105351,314,43
40105667,348,43
40105687,282,76
40105772,39,99
40106019,231,43
40106023,95,137
40106291,62,137
40106384,1287,99
40106440,4348,61
40107144,1737,1
40108875,1226,26
40109929,7001,1
40110099,201,96
40110546,278,96
40110770,3208,61
40110884,2004,8
40111298,1693,146
40111375,785,96
40112117,1474,24
40112726,1823,96
40112792,5422,196
40113915,3541,61
40114303,388,99
40114756,71,96
40115039,407,96
40115437,9540,26
40115688,1931,20
40115840,1126,99
40116454,52,96
40116702,42,96
40116858,133,96
40116907,7496,8
40117025,1187,96
40117279,2916,99
40117285,39,13
40117392,5541,61
40117567,1342,24
40118031,356,146
40118086,333,96
40118112,5301,146
40118206,6074,196
40118435,236,96
40118539,935,13
40118733,144,96
40118796,1056,11
40118978,478,96
40119003,98,80
40119233,120,80
40119370,9800,80
40119538,3393,96
40120039,1942,13
40120496,279,76
40121688,126,38
40121861,8490,38
40122393,899,40
40122690,86,13
40122931,4163,61
40123248,1292,13
40123488,2337,99
40123831,204,11
40123989,1243,20
40124150,5311,1
40124195,1035,5
40124271,4685,196
40124393,1686,8
40125483,1670,20
40125537,5310,96
40125721,59,8
40126022,4977,8
40126079,87,76
40126215,2563,99
40126662,280,76
40126711,1278,146
40127037,1900,61
40127521,229,76
40128929,9093,61
40128949,80,76
40128953,4570,196
40129251,82,99
40129603,1847,5
40129695,3021,99
40129780,61,99
40129844,243,80
40130736,893,76
40130792,13,80
40131105,8,80
40131281,149,80
40131443,126,80
40131642,7,80
40132299,119,80
40132331,394,76
40132742,19574,80
40133454,4876,196
40135928,8387,38
40136475,260,188
40136940,146,188
40137277,71,188
40137544,55,188
40138269,4945,196
40138343,60,196
40144314,8348,38
40147813,10179,61
40150697,12309,196
40150769,62,196
40160377,10,80
40161128,11,80
40161756,10346,38
40162520,11,80
40163006,12471,196
40163080,60,196
40175478,12705,196
40177731,79,43
40179611,61,196
40179682,116,43
40179800,39,43
40179842,214,43
40180059,267,43
40180329,235,43
40180773,4920,61
40181063,1681,61
40181342,11179,1
40183723,4920,22
40184369,240,15
40184501,5256,196
40184536,225,9
40185196,3004,9
40186003,5632,15
40186046,7909,22
40186488,20155,154
40187315,1654,61
40188683,391,8
40188690,189,8
40188792,3401,95
40188973,1642,61
40189566,38,8
40189605,29,8
40189655,5940,95
40189734,7685,196
40189757,45,196
40189757,1221,8
40189763,952,8
40191220,1164,99
40191225,2512,61
40191312,6990,9
40191625,961,61
40192497,12057,8
40192553,50,61
40192615,171,61
40192769,6337,5
40192824,5559,61
40193399,11525,8
40193403,221,8
40193897,15009,146
40193980,10179,22
40194184,315,146
40194510,3874,15
40195459,8411,38
40196080,132,99
40196262,16571,146
40196290,384,99
40196699,3908,99
40197353,4859,196
40198380,8208,61
40198518,370,125
40198882,12731,15
40199959,222,8
40200185,204,8
40200728,1563,99
40200889,1238,125
40201882,5114,95
40202157,5324,196
40202212,397,125
40202336,58,83
40202818,2926,1
40202917,2354,99
40203173,1680,125
40203866,31,83
40203915,37,83
40204177,9142,22
40204558,2854,8
40205688,3495,22
40205731,4860,99
40206527,5252,61
40207382,10844,8
40207398,6488,8
40207454,5553,196
40207481,72,70
40207482,25,196
40208539,189,38
40208816,8453,38
40208862,367,125
40209342,368,125
40209528,915,125
40209918,525,125
40211047,1338,125
40211103,2487,22
40211171,4118,99
40212452,1066,125
40212886,8606,95
40212942,6380,196
40213316,14434,15
40213391,1733,125
40214471,1355,125
40214739,2985,24
40215756,206,5
40215830,1442,125
40215984,6359,5
40216808,9499,61
40217878,1622,125
40218041,1220,70
40219258,6172,196
40219496,228,36
40219849,667,36
40220324,782,8
40220390,75,8
40221036,10938,8
40221043,2784,8
40225370,4764,196
40225443,60,196
40225844,4859,36
40228780,8544,38
40229392,11,80
40229777,11,80
40230585,13,70
40230609,11,80
40231031,1455,70
40231231,11,80
40232486,4395,70
40233223,10,80
40233602,157,8
40233695,10825,8
40233699,386,8
40233808,32,80
40234451,10866,80
40235178,25,96
40235291,154,96
40236457,345,96
40236514,242,96
40236686,5014,26
40236773,656,96
40237320,19,38
40238075,12775,196
40238149,43,196
40239036,145,70
40239180,110,70
40239405,311,36
40239813,4295,96
40239841,1316,70
40243823,9415,61
40244523,219,8
40244697,500,8
40250851,12348,196
40253179,1611,61
40253253,59,61
40255365,165,8
40255466,399,8
40263200,12526,196
40264132,94,43
40266099,59,43
40266161,48,43
40266212,195,43
40266421,284,43
40266707,235,43
40269221,33,61
40269256,9516,61
40270727,167,196
40271005,11212,1
40271289,899,196
40272616,607,196
40273260,775,196
40273268,25,196
40274522,20083,154
40274656,4661,196
40278712,9675,61
40279253,4621,196
40282313,8530,38
40283343,2133,55
40283809,4639,196
40285362,51,70
40286156,981,15
40286437,854,15
40287198,46,15
40287831,6588,15
40288383,4841,196
40288386,9607,61
40292493,813,1
40293160,4647,196
40293601,808,1
40294574,1523,15
40294861,463,1
40296169,9467,15
40296585,1053,1
40296918,8478,38
40297742,4574,196
40298906,339,1
40300996,3196,70
40302252,4551,196
40305637,20,15
40306404,335,8
40306531,9480,61
40306791,4928,196
40306805,55,196
40306820,10603,15
40306821,39,8
40306861,11259,8
40311649,4788,196
40313580,22327,1
40314213,652,36
40314581,274,36
40314879,1283,36
40315340,8433,38
40322162,10447,61
40323187,14892,15
40324184,12319,196
40324279,39,196
40336077,687,8
40336504,12351,196
40336701,2521,8
40339684,10491,61
40347083,9648,61
40348856,12306,196
40350531,91,43
40352460,49,43
40352511,40,43
40352554,200,43
40352756,269,43
40352959,10164,15
40353028,227,43
40357079,4667,196
40359825,9551,61
40361680,4632,196
40362005,20731,154
40362987,559,1
40364535,388,1
40366249,4695,196
40366388,631,1
40367028,891,1
40367969,536,1
40368519,454,1
40369099,631,1
40369378,9897,61
40370182,7763,80
40370281,449,173
40370878,4826,196
40374145,12895,15
40374653,8696,38
40375638,4887,196
40379274,9559,61
40380461,3714,196
40381730,8986,1
40382742,11,80
40383272,3193,80
40384405,4672,196
40387010,16340,80
40387246,72,13
40387865,23,13
40387971,8313,38
40389012,4861,196
40389262,153,13
40393811,4672,196
40397532,9491,61
40398423,4854,196
40398495,59,196
40399803,13907,1
40403412,554,80
40403641,137,13
40404104,1679,80
40404421,122,13
40405155,3178,13
40405845,2012,38
40406050,2468,80
40409568,142,80
40410002,1146,80
40410728,12483,196
40410803,58,196
40411543,1919,80
40413696,264,96
40413770,510,80
40414010,148,96
40414203,134,96
40414386,5558,96
40414425,2637,80
40415338,9435,61
40417108,2476,80
40419673,598,80
40419988,251,96
40420332,15293,80
40420704,364,96
40421130,394,96
40421559,756,96
40422683,178,96
40423266,12339,196
40423288,58,196
40426787,9469,61
40435552,12681,196
40436257,9453,61
40436931,79,43
40438883,49,43
40438935,42,43
40438980,183,43
40439165,260,43
40439428,229,43
40443309,523,173
40443581,4738,196
40444339,315,173
40444816,547,173
40445730,9529,61
40446279,1231,173
40446290,76,173
40446884,609,96
40447237,510,154
40447524,708,96
40447822,20031,154
40448267,4563,196
40448317,249,96
40448814,2490,96
40451677,239,96
40451981,1311,96
40452767,4847,196
40452988,7352,146
40453348,225,96
40453377,11797,146
40453600,1314,96
40454394,118,80
40454408,1290,96
40454947,1426,96
40455029,5946,80
40455241,9618,61
40456481,3456,96
40457551,4751,196
40459978,67,96
40460062,1614,96
40461306,10140,80
40462236,5797,196
40463854,13,23
40463893,936,146
40464758,16,95
40464813,31,23
40464856,6122,23
40464888,4967,146
40464895,9420,61
40465314,3657,95
40465861,1559,32
40467969,6038,196
40468538,8493,38
40469322,3654,95
40469734,418,95
40471178,331,96
40472336,4584,9
40472481,5,60
40472491,1126,96
40472956,1700,146
40473261,6519,23
40473947,7627,196
40474006,9,60
40474007,71,196
40474281,2765,61
40474803,7,61
40475064,36,61
40475316,3263,38
40475568,85,61
40475750,64,61
40475870,249,96
40475917,59,61
40476143,37,61
40476394,41,61
40476399,2228,32
40476662,36,61
40476699,1350,61
40476933,1559,9
40478213,4413,146
40481510,4813,196
40482773,2156,38
40483305,9432,23
40485600,9412,61
40486263,10119,196
40486336,63,196
40486990,22332,1
40487697,74,38
40490480,585,61
40492662,1368,96
40494213,3134,62
40494821,92,96
40495296,731,96
40497110,9519,61
40497186,75,38
40498945,12433,196
40506705,9414,61
40506781,10262,38
40511379,12313,196
40516196,9473,61
40523331,67,43
40523692,12813,196
40523950,11315,36
40525295,56,43
40525354,56,43
40525412,199,43
40525614,339,43
40525670,9578,61
40525956,227,43
40528162,6842,5
40528790,11604,15
40529655,10,201
40529742,515,201
40529751,332,201
40530145,42,201
40530255,7,201
40530306,4281,201
40531297,3288,22
40531752,2331,95
40534417,231,154
40535121,274,83
40535297,688,32
40535306,9453,61
40535310,7886,196
40535331,11254,36
40535492,6857,23
40535891,22,95
40535919,222,95
40536440,6435,95
40536594,120,38
40536855,74,38
40536930,1276,22
40538703,2340,168
40538767,1109,22
40538969,1494,32
40539885,836,22
40540596,3386,146
40540739,6519,22
40543187,4861,196
40543193,594,95
40543370,552,80
40543466,643,5
40543505,30,5
40544155,3707,95
40544341,9,80
40544749,9473,61
40545461,1225,28
40545953,2302,36
40546364,25857,80
40546631,54,83
40547589,1279,36
40547625,7149,23
40547987,8304,196
40548308,868,95
40548950,7148,38
40549253,2493,36
40549361,3917,95
40549777,14771,15
40550065,720,22
40550809,7563,22
40550934,992,125
40551254,1318,76
40551361,1529,96
40551935,756,125
40552321,1177,36
40552718,554,125
40552761,16,60
40553270,266,146
40553278,740,125
40553397,10610,60
40553525,5014,36
40553575,10302,95
40554055,1477,125
40554066,1525,96
40554258,9389,61
40555030,8391,23
40556261,11,83
40556269,10023,196
40556292,28,196
40556308,30,83
40556489,220,60
40556753,1067,30
40556790,22,60
40556948,703,60
40557689,1249,60
40557915,1394,125
40559029,4258,60
40559303,6988,22
40559309,1302,146
40559458,15634,70
40559499,1073,36
40559982,19379,154
40560515,306,36
40560600,491,36
40561075,18,1
40561419,6995,38
40561520,993,36
40562097,694,96
40562391,1210,28
40563295,2384,60
40563940,16255,36
40564049,2306,60
40565291,7096,95
40565750,240,60
40566001,594,60
40566227,7375,196
40566367,1220,60
40566616,4062,60
40567708,3192,60
40570735,2274,60
40570826,9563,61
40570982,3478,60
40574547,326,32
40575250,1617,32
40575976,1451,96
40577821,7973,38
40580176,23,70
40580692,441,70
40581202,9,96
40581303,41,96
40581730,20708,70
40582292,133,13
40582738,121,13
40582982,324,13
40583438,226,13
40583823,50,13
40584009,44,13
40584138,155,96
40584530,113,96
40585168,433,62
40585695,1882,62
40586690,78,13
40587357,9493,61
40587621,3832,62
40587877,13063,196
40591526,5283,62
40595329,42,38
40600908,12157,196
40604846,9466,61
40605972,4842,196
40606006,49,61
40609731,79,43
40611748,48,43
40611799,40,43
40611841,338,43
40612182,279,43
40612225,57,1
40612464,234,43
40613446,353,36
40613458,69,1
40613825,3395,36
40614334,9485,61
40614667,299,36
40615257,25,1
40615542,3528,95
40616104,39,1
40616445,4717,196
40616498,40,1
40617111,48,13
40617145,13,1
40617200,75,13
40617276,2507,36
40617513,15,1
40617609,1648,13
40618485,13,1
40619048,15,1
40619575,18647,154
40619663,15,1
40619948,38,13
40620075,410,97
40620127,48,13
40620240,11,1
40620501,1248,28
40620566,13,1
40620577,3241,95
40620816,222,13
40621063,144,13
40621120,4675,196
40621162,14,1
40621372,6023,36
40621416,32,13
40621771,14,1
40622343,14,1
40622462,46,13
40622504,47,13
40622685,47,13
40622696,38,13
40622835,109,188
40622838,1062,5
40623128,35,13
40623286,8034,38
40623364,1365,22
40623439,1289,28
40623583,58,188
40623814,2778,61
40624012,193,13
40624312,330,154
40625731,4643,196
40625806,3533,95
40625988,1266,22
40627386,2017,36
40627482,15,1
40627548,1961,99
40628036,1254,22
40628078,13,1
40628425,15,1
40629347,1578,36
40629947,12,1
40630151,2899,99
40630309,4946,196
40630605,349,22
40630890,1460,125
40631153,5171,36
40631379,819,70
40631428,15,1
40631853,3434,38
40632482,11,1
40632812,55,95
40632853,3528,95
40633091,1541,22
40633618,2439,99
40634441,557,32
40634651,9517,61
40634694,1271,22
40634709,16,1
40634897,10,1
40634929,6076,22
40635190,9002,196
40635417,1228,5
40636176,23560,70
40636244,17,1
40636486,918,28
40636642,2883,99
40636962,9638,5
40637409,1034,28
40637715,3783,62
40637835,1272,22
40637868,1821,36
40637970,1000,125
40638017,13,1
40638645,13,1
40638764,3541,95
40638893,357,5
40639391,605,125
40639532,13,1
40639923,2855,36
40639929,969,125
40640150,12,1
40640305,4971,9
40640909,262,5
40640953,12,1
40641185,1214,28
40641401,1060,22
40641514,41,22
40641845,15,1
40642467,1037,22
40642783,1231,20
40642990,9959,38
40643092,2196,36
40643304,3525,95
40643424,348,5
40643510,131,22
40644155,1059,196
40644194,60,196
40645341,13,1
40645529,3319,36
40645807,455,125
40645826,12,1
40645951,136,196
40646087,7096,196
40646196,1236,125
40646362,21,1
40646370,389,146
40646407,72,146
40646418,2471,99
40646759,674,125
40647086,1935,24
40647294,15,1
40647452,7,1
40647568,806,125
40647597,9417,61
40648317,529,125
40648859,2032,125
40648956,3819,95
40648968,16,1
40649228,2053,36
40649655,13,1
40650004,2799,62
40650546,13,1
40653119,6334,196
40654591,8789,60
40654598,8783,60
40657557,4152,38
40659392,947,196
40663067,14,1
40663451,979,60
40664653,13,1
40664732,9,1
40664922,10,1
40665038,10,1
40666947,131,70
40667034,9449,61
40667260,12,1
40668126,13,1
40668205,1542,70
40669109,13,1
40669143,1320,70
40669448,13,1
40669592,10,1
40670458,499,70
40671006,4042,70
40671129,57,38
40671830,11955,196
40671908,20,196
40675048,4055,70
40679105,8290,70
40680578,9444,61
40680660,10289,38
40683827,11948,196
40689788,7,92
40689925,5,92
40690104,878,61
40690185,4,92
40690354,5,92
40690999,30,92
40691330,6,92
40691465,15,92
40692291,10231,38
40708298,977,70
40713720,948,80
40720692,12652,15
40729534,931,202
40730398,2916,26
40730749,2237,5
40730915,9335,61
40731247,19,1
40731333,1144,24
40731376,3759,80
40731417,78,202
40731512,1275,202
40731608,17,1
40731640,4629,196
40731869,7,1
40731941,8,1
40732179,7,1
40732275,6,1
40732495,2931,24
40732656,1043,202
40732831,148,202
40733505,284,5
40733592,1151,26
40734429,2281,26
40735146,530,48
40735270,7,92
40735594,39,125
40736207,4367,196
40736588,18,92
40738522,773,125
40739229,8593,9
40739327,1259,28
40739417,894,125
40739967,342,125
40740211,715,125
40740334,591,125
40740554,4526,196
40741044,1945,125
40741621,282,80
40741967,14871,80
40742549,4092,70
40743167,9449,61
40745019,4695,196
40745092,59,196
40746642,4169,70
40750265,31,70
40750812,4368,70
40751374,398,70
40751405,17,38
40752617,9628,61
40754690,1603,9
40755212,4251,70
40756888,3318,9
40756967,11945,196
40757039,62,196
40758811,116,83
40759466,8658,70
40762244,9471,61
40768126,4563,70
40768913,11849,196
40768988,58,196
40771718,9517,61
40772691,7619,70
40777588,271,83
40780762,11975,196
40781236,9403,61
40782531,82,43
40784427,15,1
40784482,53,43
40784537,37,43
40784576,203,43
40784770,53677,110
40784781,277,43
40785060,257,43
40785217,10,1
40785381,7,1
40785935,10,1
40785991,6,1
40786019,6,1
40786525,10,1
40786577,18175,15
40786733,6,1
40787039,7,1
40787153,1101,5
40787287,6670,203
40787615,3541,95
40787811,9,1
40788142,12,1
40788367,9,1
40788406,8,1
40788485,8,1
40788641,2908,22
40789018,4854,196
40789137,1349,5
40790174,526,154
40790214,15,1
40790496,5424,5
40790652,9707,61
40790788,7786,22
40791406,1266,28
40791677,3688,95
40792061,15,1
40792599,14,1
40793424,14,1
40793807,4549,196
40793874,1251,188
40794893,52,202
40795541,3671,95
40796084,375,202
40796308,3879,26
40796502,83,202
40797260,15,1
40797542,60,13
40798292,5464,196
40798501,1130,48
40798954,2325,99
40799033,42,13
40799956,168,13
40800509,71,13
40800954,58,13
40801168,82,202
40801668,3885,95
40801680,253,13
40801976,11,1
40802113,288,188
40802250,8776,26
40802272,874,202
40802598,2343,99
40802610,20,99
40803193,11,1
40803546,272,70
40803690,4646,196
40804452,15,1
40804801,168,13
40804913,79,202
40804992,101,5
40805360,165,13
40805575,7,80
40805754,87,13
40805839,163,13
40806097,250,202
40806127,1577,5
40806286,175,13
40806520,9782,80
40806600,184,13
40807357,39,99
40807371,27,99
40807402,12,1
40807416,2767,99
40807422,53,99
40807428,136,13
40807435,3641,95
40807613,13,1
40807721,310,5
40808329,4632,196
40808338,537,83
40808349,60,196
40808602,105,13
40809003,564,83
40809047,89,13
40809240,53,1
40809567,500,83
40809696,15423,15
40809719,479,13
40810295,147,13
40810569,96,1
40810807,92,1
40810873,12284,26
40811032,112,1
40811123,1260,13
40812101,4191,95
40812408,28,1
40812516,503,13
40812586,66,13
40812640,22,1
40812896,4575,196
40812974,22,1
40813038,530,13
40813108,60,13
40813364,6211,22
40813399,1282,6
40813407,27,1
40813917,94,1
40814019,87,1
40814236,384,1
40814693,495,13
40814764,60,13
40814861,15,201
40814906,16,201
40814945,5,201
40815023,42,201
40815079,20,201
40815224,343,1
40816109,1116,22
40816255,107,13
40817210,1013,5
40817276,119,22
40817409,4919,196
40818524,9564,61
40818704,1668,125
40819175,605,13
40819247,92,13
40820335,146,13
40820917,3531,95
40821349,157,13
40821420,23,13
40821766,635,13
40821837,548,13
40822261,4503,196
40822644,263,83
40823189,578,83
40823765,507,83
40824596,578,13
40824665,60,13
40825827,589,13
40825898,120,13
40826702,4524,196
40828089,9508,61
40831165,957,196
40831476,193,1
40833723,77,1
40834281,74,1
40834479,133,13
40834552,23,13
40835262,69,70
40835351,220,13
40835507,665,70
40835673,167,13
40836478,233,13
40837179,79,1
40837335,1409,70
40837598,9623,61
40838078,232,13
40838624,243,13
40838759,4336,70
40838941,220,13
40839315,4941,22
40839576,290,13
40839799,96,1
40840382,150,13
40840937,74,1
40841167,238,13
40841478,442,1
40841502,248,13
40843098,4185,70
40843141,2773,196
40847276,5366,61
40847282,5160,70
40849946,60,196
40868932,947,43
40871751,1089,43
40872842,8351,43
40883122,9384,61
40883417,4418,196
40883442,12297,196
40887773,4459,196
40889314,5800,22
40889730,5069,22
40891236,128,202
40892170,4390,196
40892823,8996,70
40896024,813,96
40896497,4884,196
40898653,6348,61
40898984,10348,38
40899196,22,22
40899869,313,22
40900715,1154,96
40900773,499,22
40901317,4466,196
40901820,4206,70
40901949,160,96
40902140,129,96
40903051,37,96
40903065,26,96
40903123,26,96
40903149,9,96
40903312,134,96
40904047,299,96
40904701,36,96
40905719,5200,196
40906037,4136,70
40906991,212,22
40907632,3909,22
40909833,2268,22
40910175,6847,70
40910889,4813,196
40911745,4933,22
40912365,2142,22
40912911,3497,61
40913504,690,61
40915642,4721,196
40917024,4519,70
40921575,12397,70
40923410,9441,61
40924284,10329,38
40927940,12214,196
40928013,62,196
40933975,8691,70
40934614,10361,38
40940212,12544,196
40940229,60,196
40942677,6228,70
40943357,9536,61
40945036,10208,38
40952701,12412,196
40952893,9384,61
40955330,74,43
40957301,66,43
40957369,67,43
40957439,218,43
40957659,302,43
40957963,256,43
40961870,4621,196
40962280,9368,61
40964209,163,1
40964475,815,1
40966428,4505,196
40968150,34,1
40968368,34,1
40968854,31,1
40969041,35,1
40969369,36,1
40970041,38,1
40970322,34,1
40970869,4490,196
40971243,23,1
40971543,35,1
40971648,9472,61
40972599,23,1
40973597,10253,38
40973979,36,1
40974523,35,1
40974559,898,96
40974926,35,1
40975164,1616,1
40975318,4601,196
40975501,63,96
40975960,101,96
40976219,71,96
40976401,21,1
40976583,35,96
40976711,121,96
40976867,19,1
40976905,2736,96
40977305,111,1
40977995,2084,22
40978720,110,1
40978857,92,1
40979022,105,1
40979176,59,80
40979582,5746,80
40979855,4671,196
40980771,82,1
40981122,9483,61
40981490,73,1
40981536,5830,22
40981798,2184,22
40981895,223,1
40982587,75,1
40982664,563,96
40982939,154,1
40983509,85,1
40983577,321,96
40983923,105,1
40983934,20,96
40984462,63,1
40984513,4579,196
40984642,148,96
40984747,1336,70
40984805,132,96
40984976,339,96
40985071,74,1
40985378,171,96
40985383,72,1
40985506,72,1
40985565,155,96
40985990,272,96
40986054,2038,22
40986084,4037,70
40986292,44,96
40989029,4538,196
40989863,2157,55
40990062,63,61
40990123,4128,70
40990393,776,61
40990605,9460,61
40992119,31,22
40992493,204,22
40992804,1427,22
40993473,2112,22
40993503,4537,196
40994253,4081,70
40994348,2231,55
40994677,2089,22
40997976,4716,196
40998336,8295,70
41000067,9530,61
41002631,4776,196
41006632,4341,70
41009595,9445,61
41010691,10367,38
41010976,4159,70
41013930,1337,55
41015056,12550,196
41015106,1293,55
41015117,30,196
41015137,4164,70
41015649,1384,55
41019043,9486,61
41019303,4093,70
41020998,10424,38
41023397,8533,70
41027594,12459,196
41027668,60,196
41028529,9485,61
41031423,10270,38
41031932,4704,70
41036638,7908,70
41038015,9536,61
41040055,12934,196
41041730,81,43
41041755,10519,38
41043711,89,43
41043803,83,43
41043891,240,43
41044133,297,43
41044203,62,70
41044433,253,43
41046050,3519,95
41047599,9415,61
41047612,7229,201
41048330,7562,196
41049653,129,70
41050092,3681,95
41051951,109,1
41053000,93,1
41053397,84,70
41053483,13352,146
41053504,106,70
41053783,12801,146
41053926,15,70
41053974,73,70
41054195,410,70
41054534,3733,95
41054549,61,95
41054955,6339,26
41055829,4644,196
41056908,861,22
41056978,9526,61
41058168,947,22
41058271,902,22
41058397,3644,95
41059389,89,1
41060410,4624,196
41061224,91,1
41062141,375,95
41062485,135,1
41062533,3687,95
41062990,4309,26
41063147,92,28
41063834,3553,9
41064430,93,1
41064726,194,5
41064969,7164,196
41065867,101,1
41066556,9391,61
41066877,91,1
41067235,2119,5
41067246,53,1
41067610,3723,95
41067790,9456,9
41068168,61,137
41068251,5019,26
41068468,12,12
41068475,59,137
41068483,314,12
41068499,8,12
41068535,8,12
41068709,35,137
41068720,69,188
41068750,39,137
41069093,249,12
41069109,10,12
41069121,224,12
41069364,70,5
41069497,7,12
41069500,92,1
41069507,77,12
41069601,7,30
41069674,841,22
41069699,7,12
41069709,759,12
41069815,5422,30
41070223,1227,146
41070330,265,1
41070481,13,12
41070496,824,12
41070538,601,125
41070564,42,137
41070657,95,137
41070824,97,137
41071022,41,137
41071039,882,125
41071168,93,137
41071194,103,1
41071265,12,137
41071349,11,137
41071368,4739,95
41071485,433,125
41071543,10,137
41071644,99,1
41071694,14,137
41071851,1253,125
41072071,10338,196
41072190,16,137
41072261,129,96
41072319,16,137
41072425,295,95
41072437,874,96
41072660,141,1
41073342,98,1
41073358,1309,125
41073465,12,12
41073520,111,96
41073537,8878,26
41073662,205,96
41073781,96,1
41073795,2311,5
41073854,22,137
41073863,14,12
41073934,215,96
41074222,910,22
41074234,25,96
41074279,257,96
41074292,11,12
41074564,166,96
41074795,726,125
41074800,552,96
41074875,17,12
41074892,1343,47
41075126,11,12
41075146,1172,22
41075248,10,12
41075263,226,12
41075273,7,12
41075284,8,12
41075412,74,12
41075422,8,12
41075425,16,1
41075512,1257,125
41075644,1364,125
41075793,44,30
41075883,18,1
41075917,10151,61
41075996,1762,30
41076133,130,202
41076163,5509,5
41076240,3958,95
41076357,587,96
41076480,230,22
41076566,1216,202
41076819,294,22
41077138,768,5
41077156,18,1
41077242,102,1
41077779,1421,47
41078016,406,83
41078157,239,30
41078401,2098,125
41078473,2238,5
41078518,368,202
41078591,214,30
41078744,706,83
41078752,134,1
41078977,2146,30
41080478,3554,95
41080497,65,95
41080635,1266,125
41081406,239,30
41081431,1221,125
41082181,939,22
41082343,4814,196
41086068,9604,61
41086281,2664,22
41087095,4746,196
41092760,18937,154
41093976,5945,22
41094466,7520,22
41094784,17,137
41094933,12,137
41095307,15,137
41095697,10,137
41095726,9524,61
41097297,1452,125
41099277,2086,125
41100029,12174,196
41100103,61,196
41102036,1256,125
41102753,600,125
41103222,1275,125
41104486,526,125
41104575,436,125
41105009,1314,125
41105199,9370,61
41106533,111,125
41112206,12050,196
41112279,60,196
41114569,9486,61
41124055,9453,61
41124256,12496,196
41128131,82,43
41130086,47,43
41130135,40,43
41130178,277,43
41130457,273,43
41130732,238,43
41132366,53,1
41132882,3766,95
41133105,118,1
41133509,9409,61
41133978,3379,22
41134019,4056,5
41134370,662,5
41134673,4685,196
41134805,2068,22
41134957,124,1
41135483,92,1
41136534,92,1
41136766,3808,95
41137013,11,137
41137081,121,1
41137223,15,1
41137386,15,1
41137435,16,1
41137502,14,1
41137645,14,1
41137683,23,1
41137754,22,1
41138010,88,1
41138071,612,30
41138315,18,137
41138650,30,137
41138800,662,30
41139151,32,137
41139184,889,146
41139294,4573,196
41139391,33,137
41139431,583,146
41139709,31,137
41140117,32,137
41140243,8,137
41140489,28,137
41140768,18,137
41140811,5,146
41140881,4,146
41141427,408,99
41141645,2222,99
41141917,18,137
41142335,1340,26
41142866,601,137
41142919,9521,61
41143805,4662,196
41144269,21,146
41144921,756,99
41144974,71,76
41145575,437,137
41145756,4827,95
41145795,18,137
41145899,20,137
41146085,671,94
41146113,260,99
41146279,175,137
41146419,9,168
41146466,87,137
41146557,19135,154
41146707,55,137
41146871,56,137
41147116,12,137
41147131,119,99
41147160,2062,22
41147239,17,137
41147285,21,137
41147302,83,168
41147336,2019,22
41147443,144,137
41147497,175,70
41147678,6643,137
41147749,2627,26
41148014,79,99
41148141,153,99
41148385,432,103
41148397,5125,196
41148474,118,103
41148568,1043,103
41149125,1108,70
41149358,5489,95
41149524,4064,146
41149687,48,30
41149765,20,30
41149840,85,22
41149872,268,146
41149962,5,92
41149979,7,22
41150141,12649,146
41150314,167,125
41151321,58,1
41151686,97,103
41151844,149,103
41152437,127,103
41152498,10329,61
41152880,3540,22
41152918,262,125
41153278,1855,22
41153377,1538,146
41153507,5697,196
41153518,6898,103
41153520,71,196
41153686,88,1
41153832,1140,99
41153974,222,168
41154417,638,168
41154487,2254,125
41154693,649,96
41154796,161,1
41155282,1238,146
41155526,629,168
41155624,107,76
41155664,2283,22
41156473,1853,76
41156484,113,76
41156505,1461,22
41156529,720,48
41156673,7,92
41156835,89,137
41157032,17,92
41157107,37,21
41157249,12464,137
41157826,986,75
41157939,79,21
41157968,5492,75
41157979,1247,96
41158069,35,22
41158332,55,1
41158380,82,21
41158845,7543,22
41158961,3079,99
41159192,8266,196
41159850,4193,95
41159866,43,1
41159898,539,96
41159959,111,21
41160304,45,1
41160316,35,1
41160476,166,21
41160689,2330,202
41161000,271,21
41161082,20,1
41161481,20,1
41161606,225,21
41161615,97,1
41162013,428,96
41162387,79,21
41162691,111,125
41162776,115,96
41162867,176,1
41163065,1986,99
41163134,62,21
41163336,351,96
41163604,1256,21
41163628,6,92
41164074,124,125
41164226,5211,95
41164461,1281,21
41164671,6,92
41164890,341,96
41164902,10998,95
41164915,55,30
41165126,102,30
41165254,106,125
41165289,1284,21
41165409,9923,61
41165460,3154,96
41165614,264,30
41166009,1316,21
41166034,143,30
41166320,941,202
41166628,217,125
41166830,721,30
41167092,95,21
41167392,4679,196
41167482,23,21
41167826,566,21
41168458,110,125
41168792,113,21
41168811,927,22
41169147,127,21
41169547,648,21
41170036,112,125
41170921,326,125
41171642,2066,22
41172010,4611,196
41172367,2039,22
41174132,1646,22
41175376,9461,61
41175383,1632,22
41176559,4457,196
41178286,11,22
41178456,1370,22
41179839,1647,22
41180826,6674,22
41184783,9391,61
41185711,5367,70
41187910,16,96
41188054,13,96
41188406,12,96
41188808,7750,96
41189106,11972,196
41189130,68,196
41194177,9424,61
41194758,753,96
41196515,222,96
41196958,1396,96
41201029,11937,196
41203601,9427,61
41212978,12031,196
41213029,8968,61
41214530,94,43
41216507,53,43
41216562,8845,43
41219416,1430,22
41219950,1817,22
41222025,7702,95
41223077,1998,201
41223121,1960,201
41225066,1242,154
41230113,1217,137
41230966,3786,26
41231372,2162,92
41233073,26,1
41233398,11734,168
41233546,53,1
41234220,3693,201
41235161,19,1
41235325,18295,154
41235345,653,154
41235431,438,99
41235497,209,99
41235950,417,92
41236322,5253,70
41236595,9018,70
41236657,26,92
41236693,436,92
41237054,404,22
41237128,409,30
41237204,5703,196
41237219,466,92
41237912,3729,22
41238040,2570,201
41238142,60,1
41238201,52,99
41238236,190,1
41238282,1282,28
41238287,136,99
41238450,2828,96
41238736,412,1
41238834,1853,22
41238947,1578,99
41238973,2563,146
41239066,6,179
41239083,59,179
41239660,176,30
41240058,471,99
41240532,15,30
41240891,1679,22
41240916,38,1
41241327,50,99
41241539,1211,183
41241618,5,173
41241644,48,21
41241851,469,21
41241906,681,173
41241931,85,1
41241955,188,92
41241961,388,6
41242041,167,6
41242149,1076,201
41242161,15,92
41242261,83,6
41242274,908,70
41242347,68,21
41242446,11533,26
41242459,2366,96
41242526,436,21
41242581,1377,84
41242695,734,173
41242770,2839,22
41242872,162,84
41242880,6165,196
41243085,722,99
41243151,655,99
41243175,2080,22
41243178,25,92
41243184,984,202
41243202,636,125
41243212,12021,9
41243335,416,21
41243347,140,61
41243480,1251,201
41243485,2101,61
41243546,711,173
41244272,131,1
41244317,23,92
41244453,149,61
41244566,36,21
41244789,237,1
41244990,12960,146
41245317,23,21
41245405,3750,22
41245568,367,76
41245580,4265,202
41245615,6663,70
41245636,59,21
41245854,4815,22
41245936,55,99
41245946,695,125
41245976,9731,92
41246005,2044,96
41246020,1064,99
41246057,5983,5
41246067,435,1
41246088,1002,99
41246521,628,61
41246535,46,1
41246612,984,201
41246852,197,1
41247233,112,61
41247268,682,201
41247395,11269,70
41247405,276,61
41247522,69,21
41247751,92,99
41247878,3997,99
41247984,300,61
41248004,3873,99
41248009,71,21
41248571,40,21
41248852,50,1
41248915,44,1
41248952,34,1
41248996,70,1
41249002,10771,196
41249092,74,1
41249249,36,137
41249271,74,1
41249307,4007,11
41249312,337,61
41249363,92,1
41249453,8888,96
41249478,138,1
41249490,37,1
41249498,1421,22
41249538,75,21
41249654,29,1
41249698,1999,125
41249728,26,1
41249758,55,21
41249792,20,1
41249869,37,1
41249922,28,1
41249982,24,1
41249988,20,1
41250058,282,61
41250070,21,1
41250079,34,1
41250079,364,21
41250117,16,1
41250174,16,1
41250216,16,1
41250261,19,1
41250301,2660,75
41250308,19,1
41250351,17,1
41250420,4355,95
41250535,30,1
41250641,27,1
41250650,11002,95
41250659,457,61
41250718,74,1
41250764,127,22
41250809,58,1
41250883,52,1
41250940,170,21
41250976,52,1
41251050,60,1
41251125,58,1
41251191,89,22
41251198,59,1
41251213,835,5
41251250,469,96
41251255,51,1
41251346,69,1
41251387,49,1
41251443,60,1
41251471,148,61
41251560,59,1
41251708,203,1
41251721,333,21
41251743,461,61
41251923,294,96
41252069,1527,99
41252083,6967,5
41252386,1232,99
41252433,5,125
41252494,157,96
41252604,241,61
41252681,364,76
41252687,9449,61
41252801,16,96
41252919,41,96
41253181,243,61
41253405,246,76
41253431,42,96
41253667,28,76
41253762,27,125
41253810,715,26
41254205,289,11
41254215,140,76
41254383,4058,70
41254506,982,11
41255024,84,76
41255742,205,76
41256307,89,188
41256999,280,22
41257286,42,76
41257393,3182,22
41257594,3266,22
41258756,8002,70
41258870,61,76
41259442,1272,11
41259767,4420,196
41259773,857,125
41259964,146,125
41261996,79,188
41262301,133,188
41262408,145,61
41264078,157,61
41265502,152,61
41265910,7407,201
41265995,152,61
41266755,166,61
41266759,4061,70
41268306,151,61
41270167,61,96
41270282,90,96
41270443,94,96
41270614,173,96
41270819,4064,70
41271754,12073,196
41271805,177,96
41271957,3702,9
41272663,9522,61
41273140,177,96
41273759,114,96
41274064,248,96
41274361,371,96
41274889,4103,70
41275558,6200,96
41278994,4188,70
41279526,73,96
41279786,97,96
41279943,101,96
41281796,200,96
41282062,88,96
41282242,9448,61
41282246,76,96
41282259,64,61
41282651,95,96
41282790,193,96
41283184,8531,70
41283825,11912,196
41284256,1379,96
41285706,386,96
41286005,8378,9
41286151,87,96
41286318,2346,96
41287924,2074,96
41289848,796,96
41290182,288,96
41290551,185,96
41290802,6589,96
41291636,9453,61
41291717,4544,70
41295739,12114,196
41305168,563,76
41306101,6201,95
41306248,2724,201
41306692,167,61
41307047,3089,9
41308853,5989,196
41309033,7605,70
41309795,142,5
41309872,523,201
41310068,6178,5
41312007,201,154
41312053,102,5
41312172,180,11
41312293,19296,154
41312472,290,99
41312619,399,11
41312628,137,99
41313540,187,11
41313832,149,99
41313879,9380,61
41313946,1132,99
41314026,1056,99
41314136,319,11
41314738,1209,11
41314779,5094,196
41315796,633,99
41316326,6182,95
41316561,2363,5
41317170,274,1
41317188,7933,201
41317828,168,36
41317869,4311,95
41317896,5063,9
41318020,3199,99
41318080,1190,11
41318266,1082,36
41318460,414,75
41319086,3272,201
41319411,3153,22
41319651,3523,75
41319725,2512,36
41319808,5624,196
41320193,34,25
41320575,234,96
41320736,373,61
41320922,78,96
41321050,182,96
41321260,66,96
41321291,203,5
41321365,499,96
41321508,113,5
41321513,73,61
41321555,52,96
41321586,492,61
41321630,24,5
41321664,1597,5
41321768,91,96
41321874,562,202
41321927,62,96
41322033,229,96
41322163,11,96
41322234,152,96
41322283,18,96
41322389,77,96
41322428,4,1
41322519,29,96
41322571,69,96
41322684,4,1
41322988,4,1
41323223,22,61
41323262,58,61
41323330,9,61
41323382,4,61
41323387,47,61
41323519,4,61
41323560,39,36
41323690,124,36
41323969,4,99
41324053,4,99
41324194,3,99
41324204,19,36
41324544,4,99
41324740,4,99
41324774,82,95
41324838,2782,95
41324887,29,99
41324908,22,99
41324938,62,99
41325153,176,61
41325242,359,95
41325348,84,36
41325380,8112,196
41325540,221,30
41325570,723,36
41326044,10504,5
41326091,6245,95
41326128,177,61
41326219,180,96
41326234,1606,11
41326607,90,96
41326906,178,61
41327039,1256,92
41327044,1442,36
41327425,6,179
41327531,1275,92
41327538,30,179
41327542,1113,22
41327585,76,179
41327651,1368,7
41327691,150,179
41327759,41,1
41327813,4184,95
41327859,198,11
41328113,53,1
41328271,28,179
41328292,83,96
41328360,6,179
41328365,254,61
41328392,4,179
41328484,6,179
41328532,184,96
41328536,4,179
41328622,15,179
41328852,91,96
41328906,119,1
41328947,100,11
41328993,75,96
41329065,2202,99
41329105,1002,22
41329119,75,96
41329149,2119,99
41329233,30,96
41329256,155,92
41329311,105,1
41329322,47,96
41329396,76,96
41329562,27,92
41329630,73,1
41329639,542,92
41329678,504,92
41329877,241,61
41329903,1111,92
41329912,9352,61
41330043,65,1
41330205,15,96
41330341,54,1
41330662,168,61
41330879,50,96
41331069,76,1
41331080,1524,11
41331480,578,188
41331704,164,99
41331773,71,1
41331832,183,30
41332115,30,1
41332798,873,99
41332856,818,99
41332931,182,61
41332939,134,125
41333029,30,1
41333262,36,1
41333428,7571,196
41333598,40,1
41333764,397,99
41333809,356,99
41333818,12,96
41334189,172,61
41334360,50,30
41334371,2224,99
41334387,1359,5
41334513,29,96
41334581,26,96
41334857,176,61
41335179,38,96
41335321,63,30
41335449,165,30
41335452,43,96
41335558,1501,96
41335576,910,128
41335745,129,30
41335924,175,61
41336119,72,30
41336296,6,173
41336407,504,36
41336562,9211,5
41336621,2222,99
41336632,62,99
41336858,283,179
41336995,101,30
41337173,50,96
41337217,190,36
41337427,104,125
41337629,36,96
41337744,333,96
41337933,746,125
41338115,135,96
41338132,397,36
41338195,176,61
41338360,132,96
41338560,151,96
41338687,544,36
41338997,967,125
41339264,9334,61
41339621,2958,7
41339633,1608,36
41339784,1240,128
41340464,67,96
41340591,39,96
41340702,34,96
41340910,175,96
41340936,7169,196
41341120,897,125
41341147,587,96
41341922,150,96
41342123,155,96
41342774,901,96
41343961,190,96
41344142,112,125
41344180,354,96
41344799,105,125
41345402,660,125
41347907,197,61
41348055,4666,196
41348539,9365,61
41348881,190,61
41349353,181,61
41350610,181,61
41351372,183,61
41353590,390,36
41357574,11146,70
41357906,9582,61
41360157,11941,196
41367489,9318,61
41372100,12038,196
41376808,9377,61
41384142,12356,196
41386185,9343,61
41387330,70,43
41389200,70,196
41389273,50,43
41389325,37,43
41389364,233,43
41389599,255,43
41389856,237,43
41390564,105,61
41391018,148,61
41393283,3694,95
41393357,499,95
41393490,253,5
41393819,4652,196
41393857,60,196
41394451,1589,36
41394695,268,30
41395257,344,30
41395528,9342,61
41395716,84,30
41396365,20014,154
41396717,1363,36
41398406,4521,196
41398409,961,36
41399019,4950,95
41399500,960,36
41399605,135,30
41399988,190,30
41400104,951,11
41401187,2438,168
41402141,7793,201
41402898,6346,196
41402927,2561,30
41403286,985,201
41403538,1008,36
41403969,5054,95
41404162,3556,128
41404872,9447,61
41405872,925,125
41405908,3413,5
41407657,7194,9
41407707,168,61
41408059,3435,201
41408062,174,125
41409181,4627,196
41409256,677,36
41409453,127,61
41410021,442,36
41410123,205,61
41410479,1358,36
41411366,410,99
41411766,540,36
41412251,13649,146
41412491,1120,36
41412627,11944,146
41412650,289,61
41413012,33,125
41413592,3220,99
41413802,4686,196
41413808,2746,11
41414114,176,61
41414176,860,36
41414327,9477,61
41414377,3250,95
41414637,35,125
41415128,1490,36
41415192,3811,202
41416176,14,30
41416215,17,22
41416235,501,61
41416325,655,30
41416453,911,22
41416882,182,61
41417586,3737,9
41417715,1287,22
41418049,4469,95
41418422,4721,196
41419318,312,125
41419742,862,61
41419988,21,1
41420217,16,1
41420296,3109,99
41420544,555,1
41420642,304,30
41421173,13,1
41421263,11,1
41421322,17,1
41421406,51,1
41421492,59,1
41421524,992,36
41421582,15,1
41422098,346,125
41422270,2211,128
41422891,4220,95
41422905,37,95
41422958,22152,95
41423112,5247,196
41423146,188,125
41423147,72,196
41423266,97,1
41423427,95,1
41423794,9419,61
41424620,21,125
41424884,3651,99
41424895,60,99
41425390,375,76
41425451,73,1
41426190,3121,38
41426580,101,1
41426930,98,1
41427281,547,1
41427936,93,1
41428061,66,1
41428195,1145,1
41428299,4451,196
41430799,22,125
41431423,22,125
41432259,21,125
41432689,5627,196
41433217,9378,61
41434742,9,1
41442595,9367,61
41445046,12025,196
41446596,1472,70
41448617,154,70
41451962,9369,61
41457072,11935,196
41461333,9349,61
41470683,1690,61
41473731,68,43
41475601,31,196
41475631,155,154
41475672,52,43
41475726,63,43
41475791,242,43
41476035,268,43
41476305,235,43
41481884,14,61
41482033,5866,196
41482058,61,196
41482218,206,61
41482344,1026,61
41483194,176,61
41483581,173,61
41485323,119,61
41485498,1739,61
41486064,440,61
41486790,406,61
41487926,198,61
41488618,146,61
41492547,141,61
41492865,94,61
41492975,4459,196
41493004,12037,196
41493409,95,61
41494107,141,61
41495364,140,61
41495707,93,61
41496159,141,61
41496656,92,61
41496942,139,61
41497371,4478,196
41497746,143,61
41498116,8,1
41498656,9,1
41498962,8,1
41499048,153,61
41499597,147,61
41499716,7,1
41499848,8,1
41499862,55,61
41499917,7,1
41500108,147,61
41500226,8,1
41500339,21,1
41500992,146,61
41501585,23,1
41501679,38,1
41501781,181,61
41501785,4574,196
41502342,38,1
41502662,36,1
41504599,10,1
41504647,39,1
41505488,38,1
41505769,40,1
41505958,40,1
41506252,37,1
41506296,4479,196
41506687,39,1
41507759,1303,38
41510712,4498,196
41512836,75,76
41513215,75,76
41515147,4474,196
41517016,39,1
41517151,69,1
41517436,60,1
41517504,321,1
41518029,26,1
41518113,76,1
41518227,248,1
41518477,359,1
41519560,4724,196
41522019,80,1
41522207,597,96
41522344,80,1
41522488,148,1
41522716,217,1
41522903,289,96
41523083,193,1
41523240,827,96
41523339,67,1
41523454,68,1
41523826,139,1
41523971,598,1
41524133,878,96
41524850,161,1
41525039,1073,96
41525105,180,1
41525295,4,96
41525321,126,1
41525522,90,96
41525538,74,1
41525633,127,1
41525901,62,96
41525905,1069,1
41526013,110,96
41526252,487,96
41526639,199,96
41526788,3323,96
41526860,172,96
41527056,527,1
41527082,221,96
41527329,266,96
41527608,263,1
41527635,16503,96
41528984,27,1
41529102,25,1
41529261,101,1
41529363,59,1
41530248,78,1
41530907,476,96
41531596,3355,196
41531680,608,96
41532392,406,96
41532839,6387,96
41535019,1323,196
41536342,7166,196
41536354,60,196
41540133,133,96
41540302,97,96
41540431,266,96
41540762,115,96
41540996,228,96
41541253,200,96
41541481,127,96
41541637,593,96
41542261,142,96
41542714,2614,96
41544189,13967,96
41545555,415,96
41546076,880,96
41547136,1094,96
41548331,6961,96
41560130,77,43
41562079,51,43
41562132,39,43
41562173,253,43
41562428,266,43
41562696,226,43
41566650,3412,196
41567364,78,1
41567502,77,1
41568287,77,1
41568779,149,1
41568967,65,1
41569033,281,1
41569038,47,1
41569338,42,1
41570416,79,1
41570886,79,1
41571082,78,1
41571347,77,1
41571643,148,1
41571885,291,1
41572355,43,1
41572428,77,1
41572575,156,1
41573613,149,1
41573830,87,1
41573922,1052,1
41574156,14,196
41574453,3438,196
41575811,5336,1
41578559,54,196
41578615,3408,196
41578626,29,196
41578971,194,70
41586562,956,96
41587633,691,96
41588327,299,96
41588437,112,196
41588564,57,96
41588661,2471,96
41588669,2495,96
41590387,3774,196
41591228,28,196
41592666,738,96
41592691,3271,96
41593457,3800,96
41594929,353,196
41596224,1150,96
41596508,351,196
41597360,343,196
41597370,65,196
41597849,712,96
41598069,484,96
41598138,554,196
41598999,339,196
41599009,54,196
41603201,339,196
41610915,80,196
41610967,109,196
41611289,79,196
41611300,61,196
41611597,923,196
41612542,897,196
41612553,59,196
41613636,3430,196
41615661,2342,96
41615768,758,96
41616631,134,96
41616794,152,96
41617012,3348,96
41619279,215,96
41619535,1563,96
41621164,6039,96
41626933,328,96
41628478,330,96
41629265,1481,96
41630576,157,96
41630869,17478,96
41631455,364,96
41631835,1860,96
41633740,126,96
41633884,665,96
41635258,377,96
41646530,61,43
41648412,54,43
41648468,37,43
41648506,203,43
41648711,211,43
41648925,214,43
41649596,5649,9
41650778,3490,95
41650884,294,76
41654660,3637,95
41655255,4354,9
41655411,18512,154
41655966,233,76
41656616,182,95
41657153,9345,95
41657517,450,6
41657991,152,6
41658735,3256,95
41658978,3000,30
41659823,754,24
41659925,29,173
41660746,232,76
41661012,130,173
41661143,1,173
41661145,497,5
41661232,12,173
41661243,62,173
41661638,119,76
41661680,901,99
41662685,3645,95
41662912,1133,9
41663118,2117,202
41664059,6680,9
41664407,10629,70
41664513,10930,61
41664811,468,99
41664876,388,99
41665276,206,99
41665975,2208,202
41666175,10,173
41666270,12,173
41666337,14,173
41666350,40,173
41666390,12,173
41666437,9,173
41666488,11,173
41666498,61,173
41666581,16,173
41666802,16,173
41666813,65,173
41666915,13,173
41666967,13,173
41667112,15,173
41667121,3764,95
41667239,15,173
41667250,21,173
41667284,13,173
41667295,45,173
41667351,12,173
41667362,34,173
41667411,16,173
41667422,67,173
41667504,16,173
41667535,12,173
41667546,22,173
41667575,14,173
41667580,52,173
41667651,10,173
41667697,10,173
41667705,32,173
41668228,126,28
41668363,15644,28
41668574,1585,5
41668706,1660,24
41670823,4074,9
41671618,3497,95
41672183,2070,99
41672295,51,99
41672379,65,202
41672382,1870,99
41672553,636,202
41673085,1289,146
41673258,4253,202
41673480,1870,24
41674852,25,125
41674982,824,146
41675385,3747,70
41675810,73,99
41675896,3562,146
41675922,784,99
41676004,701,99
41677170,603,99
41677227,549,99
41677321,93,10
41677760,216,202
41678006,554,202
41678022,3956,99
41678074,3907,99
41678259,3823,9
41679152,2245,202
41679482,4200,146
41679554,60,146
41680458,320,30
41681233,279,196
41681301,308,1
41682452,318,96
41682531,1345,99
41682557,8648,196
41682724,681,96
41682767,80,1
41682786,1092,99
41682801,11258,96
41682859,548,1
41682906,547,30
41683602,29049,5
41683682,179,96
41684031,8281,28
41684542,3258,196
41684654,99,28
41684975,225,96
41685342,416,96
41685810,427,96
41686097,805,24
41686348,4725,61
41687542,2661,146
41687613,62,146
41688163,2232,202
41688656,937,202
41688866,990,76
41690072,1001,202
41691012,1536,61
41691156,22,125
41691639,58,95
41692051,22,125
41692425,23,125
41692588,1562,61
41692612,2256,202
41692997,38,125
41693466,38,125
41694174,39,125
41696439,22,125
41698118,22,125
41698682,22,125
41699416,21,125
41701716,116,125
41706134,108,70
41707469,10769,61
41710359,3431,70
41715513,1966,70
41718177,10710,61
41718254,1216,70
41721437,614,70
41728890,3152,61
41731708,283,196
41732138,1532,61
41732930,88,43
41733610,1534,61
41734937,55,43
41734994,36,43
41735033,246,43
41735154,542,61
41735281,242,43
41735348,514,196
41735525,222,43
41735862,620,196
41735922,1554,61
41736404,873,1
41737625,1394,1
41737694,5158,95
41737704,60,95
41738479,7523,5
41739080,1359,1
41739769,210,9
41740784,6196,28
41741575,10661,61
41741786,5351,196
41741853,678,1
41742600,2266,202
41744338,64,99
41744570,19268,154
41744927,68,10
41744997,937,10
41745285,769,99
41745352,348,1
41745429,91,188
41745658,57,188
41745735,145,30
41745756,36,25
41746229,108,30
41746276,9,10
41746333,6,10
41746337,79,188
41746386,6752,9
41746412,88,10
41746479,212,30
41746617,40,99
41746635,56,10
41746682,460,99
41746831,145,30
41746923,225,99
41747008,635,146
41747018,450,1
41747111,621,30
41747614,1438,196
41747660,1948,146
41747779,708,76
41748008,9431,28
41748071,3515,5
41748377,123,30
41748602,76,188
41748700,36,10
41748706,42,30
41748957,133,30
41749045,194,196
41749327,139,188
41749607,535,92
41749699,85,76
41749726,537,1
41749775,141,99
41749869,1800,196
41749965,228,99
41750113,102,188
41750148,16,92
41750208,57,99
41750326,400,92
41750426,1336,146
41750717,218,188
41750793,15,92
41750886,14,92
41750932,403,92
41751331,812,1
41751640,7159,95
41751643,5858,5
41751792,9347,95
41752203,1163,61
41752312,147,1
41752831,307,99
41753180,298,99
41753288,1186,196
41753602,1764,61
41753710,296,99
41754059,293,99
41754247,54,1
41754285,32,1
41754325,28,1
41754361,2767,146
41754370,77,1
41754456,4728,1
41754805,229,99
41755040,898,99
41755115,820,99
41755401,3405,196
41755993,386,99
41758806,1810,99
41758919,1696,99
41759260,11385,146
41759461,1834,196
41759721,12775,28
41759860,1166,10
41759908,697,1
41760092,3858,5
41760377,34,125
41760606,6290,26
41760828,48,125
41761020,3719,9
41761101,515,99
41761163,452,99
41761548,1336,10
41761630,939,99
41761937,2013,196
41762170,40,125
41762402,363,96
41762977,208,96
41763263,200,96
41763378,55,10
41763405,1927,24
41763487,217,96
41763762,2384,146
41763989,165,96
41764001,3847,5
41764192,7312,196
41764196,56,1
41764265,107,1
41764465,2145,10
41764488,8,1
41764535,53,30
41764582,48,125
41764631,8,1
41764687,60,30
41764736,9,1
41764795,1229,1
41764981,132,99
41765083,2331,96
41765101,230,30
41765754,115,30
41766334,1296,10
41766412,25,1
41766540,175,30
41766968,530,99
41767517,52,10
41767643,933,92
41768144,387,99
41768204,3996,196
41768217,10523,61
41768301,139,96
41768509,66,96
41768610,4510,26
41768629,62,96
41768743,1028,5
41768750,92,96
41768869,1249,24
41768879,97,96
41768947,469,99
41769607,10131,9
41769695,75,96
41769799,79,96
41769920,88,96
41770056,85,96
41770242,159,125
41770253,39,10
41770488,149,96
41770785,85,125
41770816,26,10
41770876,5030,125
41771442,4592,196
41772114,9344,95
41772334,3515,95
41773132,3397,26
41773182,201,76
41775680,4567,13
41775801,4677,13
41775971,4684,196
41776400,415,11
41778680,9237,61
41780594,4681,196
41784653,160,196
41784814,12144,196
41785535,30,1
41785711,1788,1
41796898,12204,196
41797163,9300,61
41806466,9849,61
41809102,4012,196
41816315,9207,61
41819330,75,43
41821212,61,43
41821278,47,43
41821328,40,43
41821370,189,43
41821561,272,43
41821835,254,43
41824110,46,95
41824153,3503,95
41825373,10346,5
41825523,9195,61
41825809,5294,196
41827178,3310,5
41827774,3501,95
41830476,1341,92
41830558,1261,28
41830634,14931,15
41831040,6763,196
41832104,1512,146
41832381,94,92
41832692,1847,5
41833329,1453,146
41833437,117,92
41833881,6806,146
41835365,3374,202
41835392,483,202
41835534,865,96
41836183,1414,26
41836485,3961,96
41836519,18596,154
41837780,4509,196
41837803,144,96
41837804,27,196
41838026,338,96
41838390,238,96
41838730,525,96
41838952,34,10
41839282,243,96
41839547,402,96
41839873,36,10
41840983,3743,146
41841679,15,10
41841717,7342,5
41841812,507,99
41842233,55,10
41842264,7578,196
41842290,31,196
41842708,509,99
41842874,306,188
41843596,25,96
41843886,17,10
41844100,15,10
41844270,371,11
41844827,3563,146
41845136,12174,146
41845479,395,99
41845490,14,10
41845653,15,10
41845982,908,10
41846143,259,99
41847029,682,10
41847858,57,10
41848084,763,10
41848338,32,173
41848376,15,146
41848411,21,173
41848421,53,173
41848473,22,173
41848484,53,173
41848536,21,173
41848547,70,173
41848618,23,173
41848629,73,173
41848702,24,173
41848719,15,99
41849301,15,10
41849554,14,10
41849672,1296,15
41849725,15,10
41849780,5660,196
41849887,15,10
41849929,488,15
41850133,14,10
41850293,295,61
41850452,14,10
41850605,1140,5
41850730,794,15
41850900,16,10
41851039,1057,28
41851368,14,10
41851548,20,173
41851566,19274,15
41851584,4546,15
41852105,3510,28
41852343,5955,95
41852406,13,10
41852428,12371,95
41853296,497,96
41853394,952,61
41853434,11,10
41853469,14,10
41853646,4281,5
41853839,13,10
41853864,6605,146
41854009,15,10
41854179,12,10
41854355,11,10
41854358,1257,188
41854408,520,96
41854465,74,99
41854468,15,10
41854664,61,10
41854730,14,10
41854777,588,99
41854895,17,10
41855027,14,10
41855276,6,10
41855379,4459,196
41855628,6,10
41855724,3498,99
41855824,7,10
41855925,6,10
41856021,6,10
41856096,6,10
41856179,6,10
41856285,7,10
41856392,6,10
41856542,6,10
41856599,6,10
41856674,5,10
41856745,6,10
41856871,7,10
41856969,6,10
41857401,997,10
41858263,1451,26
41858404,62,10
41858513,6681,95
41858591,8,10
41858666,7,10
41859020,1955,11
41859773,5742,196
41860406,6161,146
41860708,134,76
41861140,1125,76
41862009,206,188
41862119,41,188
41862213,796,61
41862287,315,76
41862924,499,188
41863009,1604,61
41864014,1886,61
41865110,86,188
41865323,578,61
41865454,11045,196
41865923,17,61
41866505,3725,146
41867182,836,61
41867211,82,188
41867571,51,188
41867653,26,188
41868260,103,188
41868564,376,61
41869754,740,61
41871508,902,61
41875794,1145,61
41875916,12129,196
41877156,23,96
41877536,18230,96
41878293,599,61
41879110,9187,61
41879128,2432,99
41882197,2757,99
41882209,60,99
41887981,12240,196
41900225,11831,196
41905731,107,43
41909744,5181,201
41911498,1290,188
41912836,25727,110
41927404,821,202
41940185,310,125
41953815,18330,154
41961739,12463,47
41970797,5865,61
41973445,12288,196
41973779,12482,146
41977296,81,125
41978560,82,125
41980041,82,125
41981303,83,125
41984461,18,125
41984770,81,125
41985165,82,125
41986206,22,125
41986575,117,125
41987459,118,125
41994174,97,43
41994273,39,43
41994316,306,43
41994624,690,43
41995316,252,43
41995943,9209,61
41997715,3562,146
42000489,3763,5
42001184,5496,146
42001993,8796,201
42002035,1919,47
42002970,683,95
42003237,2543,38
42003622,7735,201
42003693,8524,95
42003769,7,10
42003845,637,26
42003905,6,10
42003995,1919,47
42004191,6,10
42004934,30,173
42005071,622,196
42005093,777,61
42005699,319,196
42005802,72,61
42005947,1998,47
42006357,3017,5
42006417,2506,38
42006574,3478,99
42006635,5505,146
42006691,3353,99
42007961,2027,47
42008398,4,200
42008418,430,15
42008465,17,200
42009526,19966,15
42009812,661,24
42010034,2389,47
42010146,1661,47
42010658,2794,24
42011667,26,99
42011738,3025,99
42012476,3052,47
42013264,680,135
42014329,1029,38
42014655,3520,146
42014704,7328,38
42015047,451,24
42015124,999,48
42015157,5453,196
42015478,9297,61
42015584,2045,47
42016025,122,188
42016143,253,5
42016205,1031,48
42016524,453,5
42016607,1751,5
42017040,289,99
42017465,90,188
42017659,1942,47
42017713,1297,188
42017750,6042,95
42017778,5,92
42017855,3,92
42017889,4,92
42017908,278,92
42018145,6396,146
42018178,7054,201
42018285,8260,26
42018341,176,92
42018773,18,200
42019083,86,92
42019179,131,92
42019369,767,92
42019612,1987,47
42020548,6929,196
42020693,600,92
42020709,885,47
42020886,39,125
42021093,38,125
42021387,37,125
42021624,2308,47
42022002,5,92
42022031,224,92
42022141,398,48
42022333,23,125
42022422,58,48
42022612,4824,36
42022812,390,92
42023027,1017,24
42023261,2605,92
42023726,176,125
42023789,149,188
42023940,1988,47
42024076,73,188
42024479,5322,146
42024839,3435,95
42025024,10864,95
42025100,131,5
42025104,19712,154
42025277,427,5
42025366,5,135
42025393,7,135
42025422,6,135
42025476,6,135
42025505,8,135
42025541,6,135
42025573,5,135
42025602,5,135
42025609,3616,5
42025636,5,135
42025668,6,135
42025712,4,135
42025957,1956,47
42026066,74,188
42026164,466,92
42026508,309,26
42026676,668,92
42027101,6,146
42027462,564,92
42027471,6727,196
42027555,5,146
42027753,1231,146
42027914,2292,47
42028258,1310,135
42028522,620,146
42028985,483,146
42029605,1282,135
42029608,29,95
42029648,6720,95
42029737,6255,146
42030230,1912,47
42030922,1268,135
42032181,1927,47
42032245,1070,135
42033357,1270,135
42034131,1933,47
42034138,6523,196
42034668,1604,135
42035929,4036,146
42036082,1948,47
42036307,1756,135
42036762,7091,38
42038034,2527,47
42038119,1769,135
42038181,1134,173
42039906,3714,146
42039977,60,146
42040589,2277,47
42040592,724,173
42040600,6261,196
42042903,1932,47
42045103,1919,47
42046059,9297,61
42047057,1911,47
42049007,1915,47
42050957,2023,47
42052387,15217,146
42052608,215,125
42052887,11960,196
42052981,48,196
42053028,2047,47
42053151,6091,38
42054088,215,125
42055099,2142,47
42055999,216,125
42056946,228,125
42057291,1916,47
42059243,2091,47
42059876,240,125
42061160,44,125
42061386,1932,47
42062448,9287,61
42062775,22,125
42063338,1917,47
42064851,11836,196
42065288,1923,47
42067240,1940,47
42068540,75,38
42069193,1937,47
42071147,1932,47
42073096,1948,47
42075047,1923,47
42076687,12007,196
42076997,1914,47
42077829,9349,61
42077904,73,38
42077978,71,38
42078050,72,38
42078123,59,38
42078530,76,43
42078949,1943,47
42080508,57,43
42080567,49,43
42080618,322,43
42080899,2098,47
42080942,350,43
42081294,333,43
42082243,691,135
42082994,573,135
42083032,2428,47
42083505,998,61
42083615,650,135
42084062,3544,146
42084868,25760,110
42085466,1917,47
42086619,5528,196
42087417,1972,47
42087472,9340,61
42087549,74,38
42087593,4067,146
42087608,37,38
42087680,73,38
42087706,547,135
42087719,75,38
42088767,576,135
42089110,239,154
42089473,1925,47
42089488,41,135
42089979,5,135
42090543,329,135
42091062,321,135
42091311,56,178
42091424,1937,47
42091601,3523,146
42091983,11,1
42091996,341,135
42092092,7480,196
42092218,10,1
42092337,175,1
42092405,231,135
42092514,233,1
42092646,2531,135
42092749,110,1
42093373,2277,47
42093397,1748,1
42093718,714,173
42095061,4156,146
42095227,1771,1
42095562,1755,135
42095686,2289,47
42096780,725,173
42096791,61,173
42097060,9254,61
42097137,74,38
42097212,43,38
42097284,54,38
42097373,500,135
42097998,3471,47
42098166,990,135
42098278,1217,173
42099185,3734,146
42099217,1728,135
42099324,2080,173
42099510,7523,196
42100332,1795,1
42101020,4116,135
42101521,2635,47
42102191,728,61
42102872,4882,146
42103398,712,173
42104139,1421,173
42104160,2176,173
42104197,1923,47
42104532,2682,1
42106147,1937,47
42106567,9339,61
42106945,10393,38
42106970,5601,196
42107691,4765,146
42108097,1938,47
42108651,779,173
42108707,1109,173
42109821,1086,1
42110047,1940,47
42111997,1997,47
42112393,3664,146
42112510,4550,196
42112837,10,125
42113016,42,125
42113132,43,125
42113989,232,125
42114009,2291,47
42115001,243,125
42115784,239,125
42115907,9362,61
42116021,3583,146
42116057,11,125
42116131,17,125
42116323,2058,47
42116950,231,125
42117027,4457,196
42118395,2029,47
42118592,226,125
42119543,3588,146
42120466,2175,47
42120810,230,125
42121423,4718,196
42121952,229,125
42122018,30,200
42122660,2674,47
42123001,231,125
42123067,3613,146
42123852,1321,125
42125268,9318,61
42125338,1926,47
42126081,4628,196
42127288,1934,47
42129238,1918,47
42131188,1927,47
42133138,1925,47
42134589,8437,61
42135088,1938,47
42137038,1939,47
42138088,12104,196
42138990,1931,47
42140941,1931,47
42142892,1933,47
42143016,9254,61
42144846,1937,47
42146812,1912,47
42148763,1957,47
42150195,12039,196
42150776,1945,47
42152282,9343,61
42152354,60,61
42152725,1938,47
42154676,1924,47
42156630,1935,47
42156728,10404,38
42158582,1917,47
42160532,2001,47
42161626,9262,61
42162234,12549,196
42162543,1942,47
42164493,1922,47
42164931,63,43
42166443,2120,47
42166901,45,43
42166949,46,43
42166998,207,43
42167207,272,43
42167482,334,43
42168578,1937,47
42170528,1934,47
42170888,9312,61
42171381,4522,196
42172478,1923,47
42174428,1917,47
42175841,4594,196
42176378,1920,47
42177035,4275,146
42178330,1930,47
42180218,9268,61
42180280,1917,47
42180373,4656,196
42181246,4398,146
42182231,2268,47
42183023,751,200
42184544,1937,47
42185021,4983,196
42185033,60,196
42185580,5206,146
42186494,1921,47
42188445,1915,47
42189469,9282,61
42189541,59,61
42189942,5254,196
42190395,1917,47
42190723,4835,146
42192347,1920,47
42194296,2299,47
42194514,776,200
42195134,5120,196
42195496,4843,146
42196610,1909,47
42198560,1906,47
42198750,9268,61
42200193,5586,196
42200274,5401,146
42200485,7350,146
42200511,3386,47
42201006,13432,146
42201174,13,200
42201185,18,200
42201225,17,200
42201233,29,200
42201539,12,200
42203913,3921,47
42204867,39,200
42205063,36,200
42205717,4459,196
42206721,1292,9
42207860,3158,47
42208019,6364,61
42210117,6486,196
42210426,87,200
42211021,3129,47
42212621,21,200
42214183,3151,47
42214385,6212,61
42217350,3017,47
42218013,6744,146
42218390,164,200
42218986,608,200
42220390,1927,47
42220599,9309,61
42220671,59,61
42222341,2287,47
42222666,12128,196
42223029,747,200
42224654,1917,47
42225164,14857,146
42226570,1914,47
42228522,1919,47
42229909,9367,61
42230473,1920,47
42232424,1937,47
42234375,1915,47
42234796,12100,196
42235569,10172,38
42239276,9338,61
42239349,59,61
42246897,12210,196
42248976,9960,61
42251330,143,43
42253210,71,196
42254268,12887,201
42254336,246,201
42254393,12761,201
42254445,13362,201
42256730,2206,146
42256852,4,1
42256895,87,1
42256982,2605,1
42258520,1423,47
42261022,2997,30
42263103,5565,26
42263850,3062,196
42264867,2290,47
42265817,284,99
42267773,33,188
42268299,45,99
42268303,1135,146
42268534,817,38
42268676,30,1
42268790,4597,38
42269278,677,146
42269464,6982,146
42269515,548,99
42269665,2056,47
42269699,2062,47
42269968,19,188
42270216,557,99
42270442,14848,196
42270645,6966,95
42270673,540,146
42270690,491,30
42270952,261,28
42270963,1624,43
42271401,20,1
42271453,3398,30
42271625,4709,47
42271690,344,99
42271824,395,146
42272131,31,1
42272802,12,1
42272876,120,99
42273046,9,1
42273092,36,99
42273129,8,1
42273279,14,1
42273582,15,1
42274132,1581,24
42274677,12,1
42274715,779,1
42274813,3032,26
42275188,586,30
42275202,3736,30
42275668,340,202
42275704,2231,99
42275934,529,1
42276431,9154,146
42276448,3712,80
42276481,6092,47
42277141,16061,201
42277285,58,1
42277459,4350,38
42277503,15,5
42277835,7922,95
42278451,663,99
42278464,677,1
42278787,746,188
42279126,5503,30
42279135,529,30
42279161,1365,5
42279698,2902,9
42279913,293,1
42280158,917,188
42280223,568,1
42280415,447,99
42280697,13955,201
42280773,79,1
42280925,665,1
42281132,55,99
42281479,2416,99
42281784,4473,38
42282438,658,1
42282566,627,47
42282664,385,202
42283266,71,47
42283306,668,1
42283493,1930,47
42283500,28,188
42284008,71,36
42284423,66,188
42284745,387,188
42284846,490,30
42284857,3754,30
42285135,288,95
42285220,11394,196
42285451,2015,47
42285525,178,95
42285564,432,188
42285581,7240,146
42285919,2295,99
42286028,6866,95
42286913,600,202
42287188,10852,95
42287246,79,188
42287393,5098,26
42287423,45,204
42287470,1921,47
42287473,4645,38
42287871,1443,5
42288294,388,202
42288685,3159,30
42288695,561,30
42289345,949,188
42289429,2523,47
42289604,1565,24
42289629,9272,61
42289782,1935,5
42289867,519,5
42289992,15,135
42290243,35,135
42290537,79,5
42291097,253,188
42291992,1911,47
42292759,4779,146
42293203,57,188
42293948,1906,47
42295901,1911,47
42296553,4855,196
42297077,10365,38
42297477,5707,146
42297854,1889,47
42298938,67,36
42299155,344,36
42299516,56,36
42299745,1908,47
42301696,2563,47
42302267,1312,125
42304312,1917,47
42306263,1904,47
42306350,9272,61
42308216,1917,47
42308764,12017,196
42310166,1864,47
42312056,1926,47
42312333,15560,146
42314008,1917,47
42315623,9343,61
42315960,1924,47
42317911,1942,47
42319862,1910,47
42320782,12031,196
42321812,1873,47
42323705,1900,47
42324967,9254,61
42325657,1899,47
42327610,1901,47
42329566,1928,47
42331517,1917,47
42332814,12580,196
42333468,1918,47
42334222,9295,61
42335419,1922,47
42337371,1914,47
42337731,79,43
42339324,2118,47
42339656,71,146
42339737,49,43
42339788,45,43
42339836,343,43
42340182,278,43
42340463,328,43
42341458,1922,47
42342751,2900,95
42343410,1946,47
42343518,1560,61
42343665,629,30
42343847,2650,30
42343851,25779,110
42344468,5848,196
42344538,1098,30
42344676,253,203
42344899,18,1
42345099,9477,61
42345310,7723,146
42345352,222,203
42345365,1931,47
42345864,15,1
42345994,92,30
42346157,8318,95
42346176,1000,30
42346718,1273,11
42346775,10868,95
42347087,208,1
42347302,170,1
42347319,2681,47
42347473,92,1
42347597,166,1
42347879,677,1
42347898,2504,202
42348102,12747,146
42348199,439,5
42348404,1956,5
42348668,102,5
42348683,109,11
42348706,826,1
42348999,75,5
42349480,1406,103
42349569,140,30
42349901,34,30
42349998,1995,47
42350014,558,5
42350235,1329,30
42350255,5699,196
42350715,649,5
42350805,5905,5
42351027,1683,36
42351478,1552,1
42351609,1944,11
42351657,13,13
42351836,4408,134
42351876,6,80
42351901,111,6
42351907,30,13
42352018,1925,47
42352453,5,80
42352576,1357,6
42352658,1273,6
42353004,8680,146
42353575,1119,11
42353709,3362,1
42353978,2038,47
42354110,10,137
42354203,2425,6
42354223,1104,6
42354557,9534,61
42355135,5301,95
42355343,1184,6
42355986,5256,196
42356054,3324,47
42356275,316,11
42356337,24,30
42356547,79,6
42356564,308,30
42356680,3,5
42356824,1121,5
42357213,118,125
42357921,118,125
42358409,338,202
42358431,195,202
42358902,118,125
42359342,270,30
42359406,2579,47
42359840,155,30
42359866,683,125
42360418,931,30
42360964,108,5
42360980,306,202
42361181,6592,196
42361494,4213,6
42361497,368,30
42361506,1028,6
42361651,5727,146
42362026,1994,47
42362205,64,30
42362246,198,84
42362578,1541,6
42362582,161,30
42362650,13,204
42362695,14,204
42363083,357,30
42363280,1784,5
42363451,2668,11
42364043,2055,47
42364123,9522,61
42364152,766,6
42364157,5794,30
42364307,234,5
42364889,501,30
42364944,768,6
42365111,12,83
42365138,583,83
42365407,4054,95
42366124,1996,47
42366206,354,202
42366478,512,202
42366601,1073,5
42367302,7180,146
42367396,46,99
42367738,5574,196
42367743,2888,5
42367775,23,196
42367776,24,83
42367964,37,83
42368064,3874,11
42368108,38,83
42368167,2259,47
42368177,703,125
42368579,586,202
42368619,535,202
42368665,144,103
42368873,135,103
42369100,68,103
42369182,801,202
42369269,1571,103
42370047,662,125
42370275,1729,95
42370438,2748,47
42370446,34,99
42370966,129,13
42370970,11642,5
42371011,86,83
42371057,37,99
42371198,110,99
42371366,122,80
42371437,702,202
42371448,20,202
42371525,54,99
42371574,1868,80
42371954,1436,11
42372238,290,83
42372329,6382,95
42372575,1005,125
42372864,15,1
42373230,84,30
42373245,2006,47
42373255,4807,196
42373261,819,50
42373463,85,30
42373614,9363,61
42373825,817,36
42373856,41,30
42373897,121,50
42374478,6401,146
42374481,84,30
42374551,9318,80
42374568,15,1
42375084,8784,80
42375258,2070,47
42376460,12329,38
42377008,343,83
42377336,1915,47
42377999,4567,196
42379300,2881,47
42380230,2223,83
42380815,4285,146
42382241,1977,47
42382550,4991,196
42382979,9348,61
42384257,3283,47
42384822,24171,80
42385037,6128,146
42386991,22002,80
42387511,5062,196
42387545,5465,47
42387558,58,196
42392327,9352,61
42393008,5513,47
42398529,5447,47
42400061,11985,196
42400599,13048,146
42401686,9264,61
42403990,5163,47
42409208,1910,47
42410949,9335,61
42411160,1907,47
42412046,12313,196
42413111,1920,47
42415062,1921,47
42417015,1913,47
42418967,1933,47
42420287,9298,61
42420918,1884,47
42422808,1882,47
42424130,87,43
42424362,12028,196
42424700,1923,47
42425824,10,1
42425977,78,146
42425999,55,196
42426076,47,43
42426125,45,43
42426172,252,43
42426426,316,43
42426652,2142,47
42426745,369,43
42426761,352,1
42427406,89,1
42428087,101,1
42428560,189,1
42428846,1939,47
42428853,189,1
42429227,652,1
42429536,11816,5
42429645,2842,61
42429914,343,1
42430182,1268,6
42430507,531,6
42430647,6831,95
42430798,1999,47
42431007,4696,196
42431039,27,196
42431055,398,6
42431735,500,1
42431886,750,146
42432032,8283,146
42432205,124,30
42432427,9252,61
42432506,15722,146
42432810,1958,47
42433091,506,188
42433426,11,1
42433681,54,188
42433782,550,188
42433846,11,1
42434548,15,1
42434825,2030,47
42434842,11,1
42434966,54,1
42435084,71,188
42435496,87,188
42435597,57,1
42435688,5253,196
42435703,87,188
42435990,15,1
42436358,1384,1
42436375,657,99
42436757,441,11
42436898,2397,47
42437513,147,99
42437668,688,202
42437743,2108,95
42438059,177,43
42438263,188,11
42438372,411,99
42439335,2125,47
42440081,5953,95
42440313,7433,146
42440389,61,146
42440638,568,1
42440862,255,196
42441034,769,202
42441368,1225,36
42441469,2490,47
42441742,413,1
42441879,611,202
42442275,4211,201
42442390,815,38
42442509,694,38
42442523,660,1
42442607,1256,36
42443086,719,202
42443433,4544,38
42443965,2373,47
42443980,157,30
42445239,1269,36
42445335,628,202
42445346,61,202
42446001,288,30
42446196,446,1
42446341,2152,47
42446357,540,202
42446550,1265,36
42446834,191,30
42446871,314,1
42447361,8657,95
42447490,1231,201
42447749,8949,146
42447958,4306,38
42448268,1296,1
42448535,1885,47
42448958,318,5
42449627,1268,36
42450196,1527,5
42450204,13,1
42450261,1363,1
42450371,11904,5
42450427,1906,47
42451810,53,30
42451915,1271,36
42452091,24,1
42452253,144,1
42452265,4392,38
42452380,1910,47
42452555,149,1
42452769,1286,1
42453655,176,203
42453711,3690,54
42453869,387,36
42454332,1911,47
42454455,115,36
42454542,105,1
42454648,3192,5
42454685,401,36
42455269,12760,36
42455309,220,203
42456256,1300,1
42456285,1901,47
42456697,15360,146
42456763,59,146
42457228,16558,95
42457243,218,203
42457401,10438,95
42457497,70,30
42457749,320,1
42457815,31543,48
42458069,113,1
42458239,1919,47
42458428,448,1
42458461,95,201
42458924,293,30
42458965,255,201
42459152,26,1
42459223,4399,38
42459340,275,30
42459344,515,1
42459704,4794,5
42459865,2397,1
42459929,200,201
42460180,217,201
42460192,1913,47
42460409,171,201
42460610,80,30
42461589,129,30
42462000,261,201
42462147,2166,47
42463035,680,125
42463141,23496,5
42463223,211,43
42463277,367,1
42463361,6034,146
42463595,337,38
42463881,457,1
42464345,2053,47
42464583,601,1
42464708,181,125
42464977,67,135
42465240,40,135
42465898,232,125
42465934,217,204
42466420,1928,47
42468068,3331,36
42468372,1909,47
42468661,5779,125
42470328,3789,47
42471414,9444,61
42471995,6652,36
42471997,8294,146
42472898,12097,196
42473621,57,83
42473723,24,83
42473838,1378,83
42474155,2427,47
42476594,2061,47
42477743,2586,83
42478668,2194,47
42479411,28,135
42480377,1039,83
42480797,9282,61
42480863,2006,47
42482876,1933,47
42483566,130,83
42483923,61,83
42484829,1973,47
42484929,63,83
42485315,86,83
42485687,10,83
42485731,81,83
42486449,38,83
42486581,55,83
42486842,1971,47
42487455,242,83
42487967,70,83
42488684,897,83
42488856,3591,47
42489040,16581,125
42489373,59,95
42489753,109,83
42490244,107,83
42491709,318,83
42492502,3720,47
42493085,257,83
42493277,11978,196
42496271,3719,47
42496734,9349,61
42500040,3695,47
42503748,2164,47
42505257,12328,196
42506084,9374,61
42510531,76,43
42512293,1679,201
42523036,22091,110
42524616,12,83
42526858,21,21
42527191,41,43
42527234,47,43
42527283,351,43
42527637,225,43
42527672,2729,38
42527864,393,43
42528003,1341,135
42528226,8,83
42528243,269,83
42528314,11927,5
42528532,5,5
42528705,629,95
42528720,59,95
42528933,113,5
42528976,69,83
42528999,10447,95
42529032,804,5
42529051,47,83
42529282,1941,47
42529427,11262,95
42529629,11,28
42529700,45,83
42529964,389,5
42530434,381,5
42530668,14,83
42531050,511,1
42531180,3202,5
42531235,1930,47
42531625,3301,1
42532599,1842,30
42532756,829,30
42532967,3871,173
42533195,1959,47
42533520,926,28
42533737,47,99
42534211,121,99
42534955,1741,30
42534972,709,30
42535099,173,99
42535212,2394,47
42535311,11754,146
42535611,916,1
42535644,460,99
42535685,875,125
42536201,3054,5
42536393,278,61
42536527,1363,146
42536823,2240,30
42536834,277,99
42536841,583,30
42537371,2853,173
42537657,3189,47
42537805,277,99
42538149,721,146
42538373,20364,125
42538566,6,146
42538631,5,146
42538680,6054,146
42539400,4734,61
42539577,664,99
42539845,1813,30
42539860,719,30
42540049,64,83
42540432,1858,173
42540717,1271,99
42540896,3828,47
42540972,11800,95
42541152,31,1
42541156,1047,5
42541272,366,83
42541366,173,1
42541405,18,21
42541913,1842,30
42541922,944,30
42541950,326,1
42542314,1478,173
42542400,3842,201
42542460,1890,1
42542659,570,83
42542850,1074,125
42543250,727,5
42543358,679,99
42543839,220,83
42544022,712,30
42544123,1091,173
42544191,3518,61
42544197,425,99
42544315,34,125
42544580,229,1
42544643,150,188
42544737,2702,99
42544745,5086,5
42544757,4432,47
42544796,280,99
42544970,803,30
42545354,736,1
42545419,2026,99
42545667,235,21
42545737,365,83
42545862,1210,173
42546022,432,21
42546097,1910,36
42546126,9,96
42546194,779,96
42546265,2033,1
42546446,6857,7
42546506,25,21
42546533,1494,201
42546550,857,21
42546870,114,83
42546879,30,125
42547063,4018,96
42547070,7607,146
42547101,2224,173
42547137,16,21
42547380,189,21
42547447,1014,99
42547751,6425,146
42547933,233,201
42548038,6496,201
42548193,177,36
42548228,357,21
42549202,3697,47
42550900,9315,61
42552449,4657,196
42552913,4412,47
42553110,289,96
42553560,10650,96
42554000,391,173
42554615,4665,146
42554900,657,173
42554911,60,173
42555616,1053,173
42555724,19348,7
42556085,236,21
42556745,223,173
42556942,45,173
42556962,1255,21
42557029,1065,173
42557040,46,173
42557085,5955,196
42557110,217,21
42557347,2973,47
42558177,895,173
42559236,6005,146
42560155,9293,61
42560326,2464,47
42560369,570,125
42562299,647,125
42563151,429,83
42563604,132,125
42563730,401,125
42563965,14745,96
42564731,8302,38
42565752,9915,125
42567435,428,83
42568101,171,83
42569380,12025,196
42569400,71,83
42569447,2814,61
42570430,1015,83
42572263,9428,61
42573518,385,83
42573928,94,83
42577883,15,83
42578091,215,83
42581691,9264,61
42584113,88,83
42584214,1198,83
42589995,8315,38
42596148,11948,196
42596930,79,43
42598822,70,196
42598832,60,43
42598902,52,43
42598957,34,43
42598993,4727,7
42598996,479,43
42599260,7647,61
42600257,1236,97
42600971,2432,201
42602357,507,43
42602619,1019,76
42602743,65,95
42602780,6267,95
42602944,796,1
42603740,2142,7
42604467,2977,30
42604479,60,30
42604741,887,1
42604745,7401,196
42604750,7800,146
42604816,60,196
42605636,532,1
42605783,4961,201
42606174,408,1
42606352,1339,201
42606889,114,76
42606927,142,1
42606943,2216,9
42607358,147,1
42607612,8192,38
42607636,8010,30
42607699,139,1
42607823,29,54
42607920,24,54
42608096,304,38
42608202,998,54
42608287,145,1
42608366,396,146
42608789,428,1
42609188,18381,154
42609663,3310,11
42610059,499,30
42610404,363,83
42610506,874,1
42610827,452,83
42611732,418,9
42611956,3702,178
42612109,440,9
42612136,5799,196
42612194,15,9
42612462,6469,146
42612646,1480,99
42612702,145,99
42612901,1226,99
42612992,2662,11
42613037,457,30
42613933,866,1
42615224,9230,61
42615318,1140,83
42615499,1359,30
42615586,7677,95
42615751,2514,11
42616488,188,83
42617913,4872,196
42617935,113,1
42618491,979,1
42618870,7982,146
42619010,1289,30
42619438,190,83
42619553,6563,38
42620080,1153,1
42620326,413,30
42620370,1709,201
42621450,844,1
42622083,6629,96
42622123,4286,201
42622226,3731,96
42622301,671,1
42622399,2843,5
42622750,7710,196
42622878,1209,11
42622972,872,1
42624657,6267,95
42624993,317,11
42625827,1702,36
42626532,60,50
42626713,48,50
42626713,49,50
42626760,574,21
42626816,7256,146
42627015,1753,5
42627084,25778,110
42627379,2312,58
42627406,51,21
42627692,33,21
42627949,33,21
42627953,1013,146
42627998,176,24
42628189,34,21
42628511,35,21
42628724,35,21
42628779,5001,5
42628945,107,24
42628988,1842,146
42629080,35,21
42629288,35,21
42629533,35,21
42629690,1936,36
42629827,48,134
42629905,1646,134
42629975,5314,30
42630439,8762,196
42630461,61,196
42630536,1610,58
42630803,10850,95
42630854,122,146
42630895,36,21
42631189,8287,95
42631203,37,21
42631249,145,146
42631449,37,21
42631550,126,146
42631576,35,54
42631611,2909,54
42631628,760,21
42631800,41,21
42632063,322,146
42632077,69,21
42632299,15,125
42632311,43,21
42632399,369,146
42632472,3576,125
42632673,7443,61
42632708,73,21
42632872,172,146
42632886,22,28
42633082,792,24
42633098,70,21
42633295,522,30
42633512,442,58
42633737,10671,26
42634008,7669,146
42634161,71,21
42634207,499,30
42634452,69,21
42634726,35,21
42634857,159,54
42635170,36,21
42635237,224,10
42635265,47,10
42635351,701,30
42635355,435,54
42635381,76,146
42635392,66,10
42635449,378,83
42635515,27068,5
42635804,315,54
42635855,777,21
42636270,30885,54
42636685,520,21
42636872,643,58
42637208,23,21
42637416,99,21
42637600,2503,21
42639140,7788,196
42639262,12,38
42639271,39,21
42639535,35,21
42639764,35,21
42640066,36,21
42640415,36,21
42640699,35,21
42640862,273,58
42641614,4463,146
42642447,1431,58
42642475,79,21
42642780,67,21
42643284,66,21
42643581,81,21
42643891,726,58
42643970,69,21
42644323,99,21
42645137,68,21
42645744,68,21
42645936,66,21
42646017,5433,146
42646450,68,21
42646657,9287,61
42646749,68,21
42646865,5654,196
42647058,71,21
42655958,9237,61
42665196,1524,61
42666721,9226,61
42674469,11993,196
42675948,9204,61
42683330,87,43
42685199,9308,61
42685214,70,43
42685224,60,196
42685224,60,61
42685292,51,43
42685345,36,43
42685384,372,43
42685759,387,43
42686148,374,43
42690379,648,1
42690560,5136,146
42690625,58,146
42690791,5140,196
42692439,107,1
42692768,29,10
42692781,26,10
42692808,78,10
42692923,1444,10
42693357,2832,10
42694328,455,1
42694461,9266,61
42695344,587,1
42695634,5919,146
42695901,5712,196
42701546,5091,146
42701549,5478,196
42704658,7060,38
42706604,9275,61
42706623,4937,146
42706638,60,146
42706638,61,38
42706964,5340,196
42708968,384,10
42708983,67,10
42711500,5000,146
42711788,3767,96
42712241,5103,196
42713623,16,38
42714315,30,10
42714394,23,10
42715629,4737,26
42716437,5056,146
42716810,540,96
42717281,7279,196
42717407,86,96
42717518,791,96
42718427,548,96
42719086,13195,96
42721428,4630,146
42721715,516,13
42722231,471,13
42722703,405,13
42723110,365,13
42723286,9270,61
42723477,356,13
42723835,10334,13
42724497,10316,196
42725994,4379,146
42726236,25,10
42726301,392,10
42726649,5163,26
42730312,4792,146
42732697,867,61
42733565,9228,61
42734171,387,13
42734752,9895,196
42735026,6813,38
42736667,25791,96
42742794,3298,61
42746746,12114,196
42749607,6791,38
42758860,11982,196
42769730,75,43
42770844,11937,196
42771726,58,43
42771786,44,43
42771833,329,43
42772018,525,13
42772164,523,43
42772445,828,61
42772540,410,13
42772689,516,43
42772951,330,13
42773276,306,13
42773414,610,61
42773578,7072,13
42773591,62,61
42776353,5373,146
42777666,10292,146
42780163,19,54
42780216,25,54
42780265,26,54
42780319,14,54
42781482,5843,196
42781665,6098,146
42787260,5611,196
42787752,5317,146
42792809,4579,196
42792874,60,196
42794896,5246,26
42797173,118,13
42797318,385,13
42797327,8363,196
42797699,344,13
42798039,338,13
42798373,333,13
42798701,347,13
42799045,6742,13
42802909,1221,26
42804015,1972,26
42804504,1183,96
42805617,8332,196
42805758,1809,96
42805781,366,13
42806143,361,13
42806247,85,204
42806501,354,13
42806851,327,13
42807174,328,13
42807497,7965,13
42807704,3722,96
42808295,6830,38
42808546,6,38
42809492,64,38
42813885,8125,196
42814681,25569,5
42815091,6818,38
42815126,12,125
42815439,12,125
42815514,30,125
42816067,26,125
42818690,10,125
42818902,112,125
42821937,6718,38
42821946,4850,196
42823007,69,54
42823601,198,54
42824571,195,54
42824784,14795,146
42824849,5811,5
42825222,362,54
42828665,6342,38
42828678,208,125
42829225,195,125
42830290,202,125
42831261,285,125
42832111,31,54
42832317,399,54
42832775,387,54
42833817,220,125
42834948,6038,38
42835178,189,54
42835630,171,125
42852129,11902,196
42856130,80,43
42858074,50,43
42858127,42,43
42858171,349,43
42858523,409,43
42858934,371,43
42861718,82,97
42862776,7392,196
42863098,6915,5
42863871,1439,36
42865346,2127,11
42866509,1000,36
42866771,4427,134
42866790,7,137
42866893,6,137
42867068,27,137
42867148,54,137
42867315,20,137
42867515,33,54
42867685,15,137
42868082,121,54
42868112,15,137
42868121,868,36
42868282,1310,11
42868618,36,54
42868656,51,50
42868756,18,137
42868757,79,50
42868757,79,50
42869120,1321,36
42869124,205,58
42869276,17321,95
42869325,544,95
42870013,64,54
42870236,130,54
42870251,630,5
42870333,1010,47
42875558,922,58
42878384,103,24
42878713,1671,47
42879001,6689,38
42879153,5872,30
42879760,885,58
42880071,312,99
42880324,5863,5
42880649,72,6
42880677,199,99
42880746,129,99
42881060,60,50
42881060,61,50
42881197,10,54
42881260,41,54
42881435,139,54
42881504,201,99
42882317,165,99
42882496,293,99
42882513,135,54
42883151,65,50
42883151,65,50
42883587,132,50
42883587,132,50
42883609,115,54
42883801,88,50
42883801,89,50
42884148,167,146
42884334,174,146
42884464,1567,11
42884518,158,146
42884663,5644,95
42884871,38,146
42884973,151,76
42885026,60,50
42885026,60,50
42885187,40,76
42885230,1893,99
42885238,901,76
42885315,41,146
42885317,1804,99
42885541,42,146
42885629,6769,38
42885817,1049,146
42886132,101,30
42886225,1584,11
42886357,1107,30
42886804,731,146
42887002,1032,1
42887303,115,146
42887337,2413,36
42887547,1109,146
42887593,30,50
42887593,30,50
42887825,300,99
42888151,7,5
42888216,391,99
42888269,1715,5
42888377,89,83
42888450,439,1
42888488,12260,146
42888609,91,146
42888890,49,50
42888890,50,50
42888939,1820,30
42889010,72,50
42889010,72,50
42889081,52,50
42889082,51,50
42889161,1564,99
42889281,1445,99
42889579,751,1
42890319,126,201
42890551,1266,97
42890632,25,201
42890734,4296,201
42890869,24,76
42891748,177,99
42891947,190,99
42891984,1539,58
42892112,4120,95
42892396,1509,38
42893850,823,1
42894176,1059,58
42894854,505,76
42895032,411,1
42895871,2509,26
42895876,116,125
42895976,272,125
42896267,408,1
42896990,3518,95
42898096,7214,26
42898592,216,125
42898596,447,58
42898606,212,125
42900006,129,125
42900029,236,125
42904179,219,125
42904197,213,125
42905464,2197,135
42908322,47,83
42910277,6881,38
42911302,61,83
42911665,62,83
42913081,12111,196
42915152,29,83
42925194,12142,196
42937335,12250,196
42942530,91,43
42944484,44,43
42944530,35,43
42944567,297,43
42944866,203,43
42945071,231,43
42947136,3508,95
42947393,1759,201
42948236,36,21
42948442,35,21
42948562,458,21
42949264,139,21
42949472,389,21
42949545,671,6
42949565,1128,6
42950019,70,21
42950145,51,21
42950297,13194,30
42950323,51,21
42950552,56,21
42950892,54,21
42951047,1989,201
42951107,53,21
42951277,35,21
42951319,5031,95
42951358,307,21
42951506,1078,201
42951661,3608,26
42952388,825,1
42952551,97,76
42952681,25746,110
42952741,60,50
42952741,61,50
42952867,128,76
42953310,40,76
42953370,343,21
42953407,415,30
42954169,824,1
42954453,1531,21
42954491,19,76
42954951,270,76
42955083,874,1
42955330,24,50
42955330,25,50
42955343,164,95
42955508,156,50
42955508,156,50
42955826,84,76
42955983,99,76
42956352,370,24
42956661,1305,38
42957338,380,30
42958031,58,50
42958031,58,50
42959255,511,30
42959914,12,38
42959923,47,21
42959962,4548,38
42960063,649,21
42960294,2201,99
42960578,1545,58
42961298,401,30
42961419,372,36
42962379,2179,36
42963559,651,58
42963658,487,30
42963769,3906,95
42964048,2520,26
42964226,2669,58
42964327,10853,95
42964522,263,92
42964964,749,36
42965113,14219,22
42965278,38,21
42965560,1081,92
42965856,66,21
42966019,254,21
42966371,1596,30
42966657,146,125
42966709,302,92
42967034,2634,92
42967049,1730,36
42967182,214,125
42968459,1851,30
42968783,3187,6
42969337,3897,36
42969399,129,6
42969588,274,99
42969672,192,99
42969896,21,38
42969967,122,125
42970078,1418,6
42970669,6856,38
42971654,1487,99
42971714,2049,30
42971731,1408,99
42971835,41,21
42971875,234,6
42971903,630,21
42972124,945,6
42972150,925,6
42972663,125,21
42972766,209,125
42974117,1222,30
42974618,62,21
42974666,3912,58
42974782,482,36
42974821,90,50
42974927,61,50
42974927,61,50
42975209,60,21
42975278,326,36
42975358,951,103
42975491,42,21
42975719,361,36
42975764,42,21
42976163,356,36
42976198,394,21
42976619,39,21
42976719,327,21
42976800,361,36
42977544,3173,36
42977652,93,38
42977689,478,21
42978505,43,21
42978596,1020,58
42978617,138,21
42979020,61,21
42979110,21,21
42979128,348,38
42979174,60,21
42979330,1522,1
42979671,7550,58
42979779,450,21
42979913,1205,38
42980101,15,125
42980176,808,30
42980663,44,21
42980761,10624,36
42980908,46,21
42981127,46,21
42981428,44,21
42981527,251,30
42981687,44,21
42981826,800,38
42982003,1228,30
42982015,201,38
42982528,44,21
42982605,67,21
42982773,135,21
42983083,107,21
42983198,66,21
42984609,1202,38
42987663,70,196
42989240,1192,38
42989339,7372,38
42993307,5,173
42993406,121,173
42995007,77,173
42995291,77,173
42997746,7380,38
42999829,12080,196
43005175,7291,38
43005188,5360,96
43005876,531,135
43011911,11960,196
43012486,12,38
43023872,11960,196
43028931,87,43
43030891,43,43
43030936,35,43
43030973,351,43
43031327,267,43
43031596,297,43
43034400,3753,135
43034899,42,21
43035097,50,1
43035266,479,21
43035561,10665,36
43035896,102,21
43035924,423,1
43036114,43,21
43036185,65,21
43036366,42,21
43036456,109,21
43037160,60,21
43037260,1703,21
43037269,10833,95
43037660,20,22
43037689,31664,22
43037767,206,95
43037854,927,11
43038184,11828,135
43038764,416,1
43039481,10,1
43039613,5,1
43039640,556,21
43040121,7358,38
43041007,10,1
43042017,662,1
43042287,1805,11
43044536,257,21
43045045,570,99
43045106,495,1
43045670,295,21
43046289,119,21
43047205,444,1
43047299,554,99
43047428,14,38
43047722,405,1
43047747,845,21
43048179,455,36
43048438,403,1
43048707,948,36
43048818,118,21
43048992,302,21
43049150,1080,1
43049354,196,54
43049369,578,99
43049620,405,54
43050063,4153,135
43050389,765,36
43050940,229,54
43051158,523,36
43051346,3700,54
43051495,309,99
43051685,32,36
43051691,26,36
43051692,10,1
43051732,25,36
43051743,24,36
43051775,7439,38
43051794,30,36
43052211,554,36
43052806,79,36
43052898,31,36
43052904,28,36
43052931,2591,131
43052942,573,99
43052961,382,36
43053105,10,1
43053253,776,1
43053352,156,36
43053512,332,36
43053870,392,36
43054371,311,99
43054468,774,21
43054524,834,36
43055140,436,1
43055337,490,95
43055350,89,54
43055378,4382,36
43055519,1413,179
43055628,396,1
43055727,285,54
43056127,313,54
43056346,396,1
43056445,932,30
43056955,1613,54
43057211,780,1
43057383,5282,135
43058165,25755,110
43058216,536,1
43059028,2253,30
43059164,7362,38
43059215,600,1
43059449,2098,54
43060011,310,99
43060194,509,36
43060359,343,1
43060420,751,99
43060533,642,99
43060670,162,36
43060867,102,36
43060972,634,36
43061189,759,1
43061394,980,30
43061606,875,54
43061759,11707,36
43061940,2860,131
43061986,78,21
43061994,802,21
43062405,586,99
43062650,756,54
43062690,7346,135
43062952,1141,21
43063211,1222,1
43064199,3818,54
43064609,892,21
43064798,22,30
43064962,5016,30
43065700,245,21
43066273,307,21
43066460,3602,58
43066690,335,21
43067056,789,30
43067123,293,21
43067499,172,21
43067534,11904,38
43067827,167,21
43068011,87,21
43068054,21,30
43068219,396,21
43068440,1053,30
43068827,535,21
43070062,3707,135
43071851,28,125
43072609,28,125
43073136,1234,173
43073817,22109,135
43074448,6,173
43074499,68,173
43074575,2291,173
43074635,6,173
43076905,7,173
43076952,4,173
43077050,2948,173
43079844,119,125
43080030,2053,21
43080270,6,173
43080381,5164,173
43081001,42,125
43081632,40,125
43082710,1908,21
43095950,60,196
43095950,1229,135
43097051,11859,38
43101066,314,83
43101790,194,83
43107826,11991,196
43108911,11839,38
43115331,87,43
43122723,3,203
43127147,5837,196
43128419,10823,95
43128437,625,31
43128867,4598,58
43129233,278,31
43130364,106,21
43130595,103,21
43130625,2571,95
43130877,214,99
43131060,106,21
43131131,257,99
43131320,105,21
43131994,62,21
43132485,81,21
43132504,6,173
43132671,6,173
43132754,5,173
43132922,5,173
43132962,9,203
43133000,6,173
43133016,800,146
43133049,509,203
43133148,52,99
43133194,5,173
43133283,6,173
43133448,5,173
43133526,731,1
43133632,6,173
43133758,26,146
43133784,5656,173
43133799,132,21
43133996,1494,146
43134458,175,21
43134638,133,21
43134710,17,125
43134849,115,21
43134919,6844,203
43134998,1143,1
43135144,132,21
43135370,7589,196
43135597,749,36
43135616,10832,95
43135757,208,21
43136236,991,36
43136246,420,92
43136399,60,83
43136510,571,21
43137266,8962,36
43137368,11,179
43137650,9,179
43137809,1473,1
43138327,465,30
43138489,555,99
43139142,1364,1
43139514,6,173
43139592,4,173
43139667,9464,173
43140432,84,21
43140637,77,21
43140838,10411,146
43140863,1235,21
43140870,110,21
43141001,2128,1
43141075,353,83
43141224,107,21
43141344,1555,7
43141466,60,135
43141489,107,21
43141717,92,135
43142035,28,135
43142074,10374,203
43142121,57,21
43142186,206,21
43142210,99,135
43142326,2303,1
43142330,79,135
43142517,10390,135
43142598,407,21
43142897,10902,196
43143214,387,21
43143359,23,125
43143729,2258,1
43143887,760,137
43143949,679,137
43144042,384,83
43144470,1477,83
43145194,54,137
43145278,34,137
43145362,15,137
43145509,205,21
43145953,1589,21
43146293,10024,36
43147281,4272,7
43147477,10548,95
43149056,158,202
43149216,205,202
43149777,1844,1
43149861,108,30
43150228,100,30
43150303,415,202
43150363,6,173
43150526,8423,173
43150756,6,173
43150848,7,173
43151188,8379,146
43151427,432,146
43152565,15,13
43152654,4156,13
43153733,8705,196
43154126,25723,110
43156804,6074,13
43159440,6,173
43161014,7,173
43161076,3606,173
43161509,12,125
43161665,10410,36
43162377,5507,196
43164050,11,125
43164293,9,173
43164699,11,125
43164792,3679,173
43164817,7,173
43164938,5,173
43165215,69,125
43166227,68,125
43166857,4665,13
43167314,66,125
43168887,4579,134
43172249,20589,38
43174810,12245,196
43179053,61,13
43191723,11807,196
43201730,92,43
43203605,60,196
43203605,60,173
43203689,51,43
43203742,35,43
43203760,10348,36
43203779,324,43
43204105,288,43
43204396,228,43
43204685,1466,1
43205448,6636,203
43208845,7795,146
43209035,5272,196
43209241,760,1
43209552,107,21
43209802,472,103
43210002,10638,95
43210006,2356,1
43210015,62,1
43210161,83,84
43213068,113,103
43213425,13,25
43213740,6,25
43213987,105,103
43214150,1176,103
43214305,735,196
43214644,11326,95
43214699,424,103
43214721,574,61
43214902,12,173
43214979,10396,173
43215333,12335,196
43215369,11720,196
43215938,3400,1
43216041,57,83
43216380,4,200
43216492,39,200
43216516,463,135
43216580,10883,146
43217124,240,135
43217378,50,83
43217541,2317,135
43217680,7,173
43217815,837,30
43217828,29,30
43217857,62,83
43217867,54,83
43218431,1208,7
43218681,1160,83
43219874,2734,135
43219920,14735,203
43219938,125,200
43220145,3417,7
43220274,41,200
43220395,1306,13
43220784,2632,1
43221508,37,200
43221639,36,200
43221651,26,200
43221666,14564,95
43221938,32,200
43222001,29,200
43222137,37,83
43222322,87,83
43222660,3088,135
43222701,800,83
43223008,374,1
43223085,1019,134
43223095,67,200
43223447,373,1
43223821,1337,1
43225097,1291,134
43225159,41,1
43225215,732,1
43225476,3702,7
43225663,11416,134
43225877,2435,135
43226031,1012,99
43226048,367,1
43226072,11069,95
43227141,386,1
43227464,14135,146
43227589,495,1
43227605,15133,196
43227922,15756,92
43228284,502,1
43228342,3929,135
43229075,9,125
43229193,4515,7
43229321,60,125
43229376,6,173
43229393,10215,173
43230070,145,1
43230222,60,1
43230324,57,1
43230702,3830,36
43230756,1004,99
43231298,541,1
43231840,280,1
43232297,3565,135
43232396,285,1
43232468,14347,13
43232727,2346,1
43232765,389,146
43233071,1653,54
43233458,16,54
43233779,29,99
43233946,34,25
43234017,8,25
43234034,26,25
43234197,25,99
43234275,5,99
43234287,8,99
43234343,656,99
43235500,4369,36
43235898,4533,135
43236614,518,99
43237041,10204,95
43237222,9762,95
43237578,16097,95
43237773,549,146
43237806,739,99
43238156,157,146
43238251,2797,54
43238471,406,83
43239455,87,83
43239943,148,99
43240413,40,146
43240580,4834,135
43240607,422,146
43240691,3018,30
43241166,1992,54
43241601,6567,146
43242676,9867,196
43243229,904,54
43244406,808,54
43244620,4358,36
43245406,390,54
43245454,53,135
43246259,4927,135
43248167,3694,146
43250207,9867,13
43251284,8723,135
43253099,10721,196
43253172,60,196
43264821,11680,196
43276501,11819,196
43285795,66,36
43285848,23,36
43285867,20,36
43285901,4382,36
43288130,103,43
43288321,12002,196
43290159,65,43
43290226,35,43
43290263,345,43
43290610,420,43
43291032,226,43
43291981,4371,36
43293661,3692,146
43297292,4191,146
43298914,1167,135
43299898,6816,13
43300708,7854,196
43301420,3691,146
43305050,7222,146
43305315,324,134
43305661,125,134
43305842,141,134
43306161,130,134
43306418,9082,134
43306710,6568,13
43307457,6,173
43308179,12181,95
43308459,11945,95
43308500,7766,196
43311531,60,125
43312213,10345,146
43313271,7702,13
43315122,6246,173
43315540,638,134
43316192,10114,134
43316202,10387,196
43317287,13,173
43317579,3483,38
43317801,9579,173
43320966,9068,13
43321759,7,173
43321852,6,173
43321983,6,173
43322060,5,173
43322164,6,173
43322272,6,173
43322558,5425,146
43326096,741,204
43326525,8302,196
43326880,891,204
43327983,3653,146
43328515,265,204
43330029,5649,13
43331575,3739,146
43334768,8400,196
43335253,3731,146
43335676,7269,13
43340878,535,1
43341833,523,1
43343424,435,1
43343859,533,1
43347619,11960,196
43359581,12157,196
43371739,12058,196
43374530,76,43
43376475,73,196
43376491,56,43
43376549,39,43
43376590,286,43
43376879,346,43
43377228,248,43
43380057,3530,146
43383321,9771,146
43383527,3674,146
43383661,6689,13
43384744,8345,196
43387200,6273,146
43388348,10148,95
43390341,6345,13
43391321,35,173
43391337,6948,173
43393045,7977,196
43393519,8651,146
43396013,20745,95
43396361,9861,134
43396681,6631,13
43400959,7896,196
43401453,7,173
43401960,8,173
43402118,6,173
43402128,6844,146
43402775,6,173
43402907,6,173
43403235,7,173
43403306,7544,13
43403833,4916,173
43408792,5838,196
43408971,4392,146
43410655,61,13
43411598,7765,95
43413304,6458,146
43413738,2559,36
43414567,4557,196
43419059,4511,196
43419763,3753,146
43423510,4639,196
43424516,2383,38
43424923,226,61
43435567,12001,196
43442894,12,38
43442968,8,38
43447569,11897,196
43459468,12066,196
43460930,72,43
43462884,49,43
43462935,37,43
43462974,288,43
43463264,273,43
43463539,234,43
43466478,3634,146
43467374,4601,196
43470050,5840,146
43471227,7,173
43471380,5,173
43471467,6,173
43471705,6,173
43471783,5,173
43471913,9056,196
43472071,11357,95
43472220,8166,95
43472432,6351,173
43474445,16,13
43474684,27,13
43474795,33,13
43475462,10099,13
43475830,10310,146
43477032,14894,134
43478477,98,146
43479110,7,173
43479263,10036,173
43480094,5320,134
43480110,379,146
43480720,183,95
43480904,7567,196
43481169,39,146
43481397,21,146
43481427,1204,146
43481672,323,95
43482182,12962,95
43482994,215,146
43483609,164,146
43483743,980,146
43484634,3630,38
43485495,3499,54
43486138,842,146
43486141,10693,146
43488408,5001,196
43489502,17,1
43489848,18,1
43489928,100,146
43490107,11,1
43490145,843,146
43491256,17,1
43491327,940,146
43491581,48,1
43491923,45,1
43492207,191,146
43492979,4092,54
43493378,39,1
43493405,4443,196
43494234,25,1
43494326,1623,1
43494451,6,173
43494884,6,173
43495144,1214,173
43496678,7,173
43496745,685,173
43496835,5890,146
43497158,92,204
43497650,6,173
43497703,664,173
43497716,60,173
43497785,4445,196
43498454,6,173
43498952,4532,173
43502166,4446,196
43502726,3968,146
43505205,6,173
43506549,4788,196
43506624,59,196
43506730,8721,146
43507364,93,28
43510833,6,173
43510929,7,173
43511164,65,1
43511399,7,173
43511447,279,1
43511579,6,173
43511838,6,173
43511966,280,1
43512076,6298,173
43513894,281,1
43514796,280,1
43515239,550,1
43516450,281,1
43518617,11894,196
43530513,11966,196
43542479,11876,196
43547330,132,43
43549410,49,43
43549461,36,43
43549499,413,43
43549858,22,36
43549915,277,43
43550194,227,43
43550719,210,1
43550929,4493,36
43551737,9863,95
43551808,1034,1
43553979,4671,196
43554544,531,1
43555003,1014,1
43556168,820,30
43556735,908,30
43557253,913,1
43557788,2374,30
43557800,60,30
43557904,6515,146
43558239,775,1
43558587,5146,196
43559770,1088,95
43559865,7,173
43560033,8,173
43560206,6,173
43560391,18,173
43560402,861,1
43560662,17,173
43560848,7,173
43561404,20699,95
43561471,795,95
43561553,239,99
43561739,7,173
43562093,1315,6
43562140,1272,6
43562378,11,173
43562420,255,11
43562521,4330,95
43562598,6,173
43562748,8,173
43562887,8,173
43563073,9,173
43563143,352,103
43563214,44,103
43563247,10,173
43563488,6,173
43563668,4443,196
43564269,19057,146
43564422,5550,146
43565308,182,103
43565438,13,173
43565571,98,103
43565630,14,173
43565873,9,173
43566037,6,173
43566055,782,1
43566206,877,99
43566237,9,173
43566270,818,99
43566426,7,173
43566567,6,173
43566694,6,173
43566708,771,1
43567395,714,103
43567940,430,103
43568100,4639,196
43568409,653,103
43568753,509,1
43568800,207,103
43569531,999,103
43569701,125,48
43570019,9548,146
43570033,532,48
43570289,9,1
43570649,10772,48
43570858,1127,103
43571720,9,1
43572278,44,131
43572318,135,125
43572535,994,103
43572675,4541,196
43573287,29,131
43573341,938,131
43573612,11,1
43573645,1839,95
43573962,12,1
43574382,528,131
43574603,10,1
43575010,10,1
43575604,1914,131
43576495,10,1
43576890,364,1
43577162,6003,26
43577170,933,13
43577198,4222,196
43577381,258,99
43577441,203,99
43577487,742,1
43578444,2977,13
43578471,643,1
43579141,554,1
43579522,4257,146
43580371,53,204
43581152,268,1
43582648,3821,13
43583520,6,99
43584220,14129,38
43585310,413,30
43586133,7627,95
43586198,11,173
43586366,7,173
43586509,8,173
43586549,23,135
43586595,418,95
43586603,70,135
43586803,9,173
43586854,99,135
43586942,7,173
43587075,3794,13
43587086,6,173
43587435,328,135
43587444,6643,146
43589510,17998,48
43590865,3967,13
43594105,5482,146
43594149,3852,95
43595506,572,1
43596078,68,1
43596322,68,1
43596584,68,1
43596738,297,1
43597063,299,1
43597633,281,1
43597986,283,1
43598356,280,1
43598860,3805,13
43598868,283,1
43599208,283,1
43600330,299,1
43600696,295,1
43601151,297,1
43601602,298,1
43602085,299,1
43602510,294,1
43603034,284,1
43603748,285,1
43604066,258,1
43604325,444,1
43605100,823,1
43606667,11871,196
43617341,3873,205
43622328,12908,196
43633731,120,43
43635734,40,43
43635776,36,43
43635814,412,43
43636229,228,43
43636459,235,43
43636729,78,146
43636932,25,146
43636943,48,146
43636990,1361,146
43637336,376,1
43637722,561,1
43637733,183,76
43638203,557,76
43638212,6012,13
43638289,781,1
43638292,2221,146
43638942,2292,76
43639077,21148,95
43639272,1449,135
43639330,267,1
43640189,768,1
43640513,2186,146
43640866,1030,135
43641017,6866,146
43641073,429,1
43641258,2867,76
43641318,7621,95
43641504,608,1
43642113,569,1
43642683,758,1
43642735,456,146
43642927,399,30
43643538,263,1
43643861,267,1
43644220,4105,13
43644292,266,1
43644668,5227,201
43644803,158,1
43644919,1066,135
43644962,243,1
43645507,2178,5
43645616,10,5
43645738,1117,30
43646184,520,5
43646337,226,95
43647106,1840,135
43647815,388,99
43647889,6057,146
43648320,3882,13
43648332,5817,38
43648356,337,99
43648777,5,99
43648957,951,135
43649272,4106,95
43649607,539,30
43649916,1033,135
43650323,576,26
43650558,873,99
43650929,3203,26
43651143,287,99
43651211,32,135
43651725,28,135
43652108,91,30
43652142,1299,135
43652197,3978,13
43652745,1421,99
43652828,1244,99
43653581,7527,95
43653729,86,95
43653948,6809,146
43654021,164,95
43654817,982,5
43655057,362,99
43655805,11624,5
43655927,273,99
43656170,3949,13
43656234,542,99
43656394,352,99
43657345,1328,135
43657380,200,99
43657986,63,30
43658181,466,99
43658364,278,99
43658670,420,99
43658689,70,135
43658813,236,135
43659620,73,135
43659979,1322,5
43660113,4146,13
43660117,305,135
43660199,8115,26
43660364,139,76
43660558,113,21
43660788,4612,146
43661202,520,1
43661316,138,135
43661351,218,21
43661906,2253,21
43662337,121,22
43662871,373,1
43663242,521,1
43663612,20,47
43663724,3599,47
43663807,291,99
43664100,6,96
43664256,6366,13
43664535,3455,106
43664637,192,99
43664851,288,99
43665008,2980,38
43665370,6241,146
43666691,45,99
43667442,333,5
43667642,3062,99
43667921,4856,95
43668632,7,47
43668730,16,47
43668884,1897,106
43668911,9,47
43670296,2762,47
43670344,3680,13
43670541,933,1
43670573,85,47
43671024,376,1
43671611,4454,146
43671857,23373,5
43673698,931,131
43673972,4616,13
43674025,18921,48
43674975,9677,38
43676064,4585,146
43679019,3,196
43679806,5432,146
43690833,13321,196
43692189,60,196
43704209,13274,196
43717404,11888,196
43720137,62,43
43724898,3985,95
43725235,129,95
43725607,539,95
43726543,57,84
43726561,11805,5
43727368,5142,146
43728539,944,196
43730768,7856,95
43731200,7545,95
43732512,6660,146
43732755,9010,196
43733194,252,103
43733868,304,10
43734181,1023,103
43734424,1205,22
43734964,368,99
43735628,6581,146
43735842,867,99
43735862,1071,103
43736004,2431,13
43736262,797,1
43736784,45,173
43736788,1648,22
43736908,1112,103
43737810,1262,47
43737815,9,25
43738099,7,173
43738117,1034,103
43738185,377,99
43738242,323,99
43738577,273,99
43738999,1064,103
43739109,4545,95
43739163,183,95
43739175,7306,146
43739388,143,28
43739515,1653,103
43739527,2321,47
43739531,5258,95
43739592,2029,99
43739656,1964,99
43739760,6,173
43739857,2666,47
43740044,13,173
43740797,14,173
43740810,979,1
43741657,18,173
43741702,8391,196
43742426,805,1
43742496,410,99
43742544,7,173
43742664,244,99
43742921,12,173
43743085,984,103
43743551,18,173
43743624,60,13
43743677,1459,1
43743739,583,103
43744059,176,99
43744270,14,173
43744360,73,13
43744472,12,173
43744711,4118,13
43744757,6,173
43744846,5778,103
43745137,10,173
43745147,535,1
43745161,9,47
43745192,20,173
43745263,61,83
43745485,2911,22
43745546,37,173
43745683,1116,1
43745754,6,173
43745841,33,173
43746407,116,173
43746413,12006,5
43746530,9523,146
43746583,17,173
43746617,55,173
43746631,43,173
43746800,1350,1
43746832,349,99
43747092,45,173
43747281,10367,95
43747410,8,173
43747470,47,173
43747482,33,173
43747667,1094,99
43747885,873,99
43747948,80,30
43748151,75,30
43748406,6225,1
43748522,96,83
43748631,3990,22
43748639,51,83
43748659,5756,26
43748826,37,13
43749025,221,83
43749028,1707,58
43749133,4099,13
43749313,50,83
43749648,66,83
43749746,92,83
43750069,11075,196
43750105,3686,47
43750639,1037,103
43750691,41,83
43750768,383,58
43751129,22,83
43751433,90,83
43751874,21,83
43752437,31,83
43752571,48,83
43752632,20612,95
43753222,1860,131
43753235,11623,13
43753356,1057,1
43753782,15,22
43753801,1552,22
43753817,2414,47
43754089,9686,22
43754692,1657,1
43755176,2103,26
43755211,958,131
43755684,21,83
43755740,44,83
43755900,287,30
43756003,4590,146
43756227,61,83
43756260,4,47
43756315,5,47
43756327,375,83
43756416,1117,47
43756889,206,83
43757016,1403,30
43757146,73,83
43758122,3535,168
43758290,51,83
43759270,711,47
43760014,2673,47
43760591,3597,146
43760811,41,83
43760962,88,83
43761079,6873,196
43761396,176,83
43761620,116,83
43762476,233,83
43762748,425,83
43763724,86,83
43764076,140,83
43764128,3543,146
43764205,12,47
43764229,1680,26
43764657,18,47
43765576,2648,47
43765682,6380,26
43767611,4297,146
43767893,4884,196
43768257,2666,47
43768740,283,1
43769059,123,1
43769336,281,1
43770887,280,1
43770938,2664,47
43771268,280,1
43771630,284,1
43771975,3945,26
43772174,286,1
43772588,283,1
43772871,23091,5
43773615,2657,47
43776291,2658,47
43778967,2658,47
43779781,11938,196
43781643,2676,47
43784319,2625,47
43786996,2680,47
43789734,2633,47
43789784,4282,205
43791720,11980,196
43792412,2633,47
43795090,2664,47
43797769,387,47
43806530,93,43
43807986,12056,196
43808277,729,61
43808524,52,43
43808578,49,43
43808629,491,43
43809122,365,43
43809489,372,43
43811905,7305,95
43812027,11144,5
43812114,89,95
43812400,20636,95
43812646,7590,146
43813052,10,173
43813190,7,173
43813239,6789,196
43813306,7,173
43813427,5208,22
43813836,7,25
43813919,4643,146
43816383,7,173
43816465,85,99
43816565,273,99
43816837,16,173
43817328,5230,173
43817570,277,99
43817668,1063,1
43817675,33,1
43817890,232,99
43818834,5965,26
43818908,473,30
43819492,2936,168
43819964,5029,196
43820050,162,99
43820128,851,30
43820289,10367,146
43820297,6,173
43820381,6,173
43820679,6,173
43820682,775,99
43820733,9931,95
43820904,554,99
43821278,8310,173
43822169,309,99
43822342,179,21
43822613,6,173
43822987,178,21
43823005,3477,173
43823315,9008,5
43823461,279,99
43823527,475,1
43823855,167,21
43824216,168,21
43824308,89,1
43824317,272,99
43824439,168,21
43824482,89,1
43824738,731,21
43824905,167,146
43824930,5118,196
43825478,575,48
43825921,4885,48
43826678,518,21
43829042,503,21
43829715,167,21
43829938,85,1
43830026,4445,196
43830125,1223,21
43830215,457,61
43830608,3866,146
43831253,45,1
43831346,391,168
43831479,164,21
43831753,43,1
43831854,23,168
43831894,310,99
43831965,105,1
43832083,163,21
43832241,800,99
43832545,23,21
43832678,359,21
43833126,467,21
43833273,48,1
43833401,46,1
43833475,340,99
43833574,43,1
43833820,164,21
43834000,6,173
43834108,5,173
43834254,109,1
43834259,8,173
43834430,4872,196
43834471,5101,146
43834723,162,21
43834779,2799,173
43835116,203,21
43835147,597,99
43835210,531,99
43835444,62,1
43835836,62,1
43836005,13,22
43836028,7,168
43836049,200,22
43836067,689,21
43836354,1144,103
43836754,1060,99
43836759,11,203
43836786,64,1
43836900,912,99
43836951,7,203
43837017,87,1
43837379,1238,21
43837391,1528,21
43837416,468,5
43837447,38,191
43837458,18,1
43837693,10,203
43837785,62,1
43837839,512,203
43837902,2109,103
43837921,12517,5
43838108,129,191
43838191,6,5
43838530,697,5
43838550,37,191
43838553,64,1
43838762,134,191
43838920,61,1
43839208,1358,30
43839259,4462,196
43839352,14,173
43839508,7377,146
43839900,8224,95
43839933,78,173
43840031,110,173
43840042,52,173
43840464,90,173
43840799,89,1
43840842,371,30
43840938,1559,21
43841027,1853,173
43841158,98,1
43841689,392,99
43841736,205,1
43842168,390,99
43842207,381,30
43842334,128,1
43842504,123,1
43842718,438,30
43842856,174,99
43843110,89,1
43843551,5,173
43843620,668,30
43843649,6,173
43843664,4614,196
43843719,6,173
43843725,14,1
43843854,6,173
43843869,86,1
43843945,5,173
43844006,5,173
43844010,91,1
43844467,635,30
43846299,220,202
43846386,37,191
43846518,129,191
43846824,4199,146
43846922,36,13
43847035,9412,13
43848216,8369,196
43851023,3657,146
43854620,3687,146
43854693,59,95
43856021,273,1
43856341,268,1
43856524,4999,196
43856597,74,196
43856781,274,1
43857565,272,1
43860044,886,203
43861216,32,35
43868579,11914,196
43868653,60,196
43870181,446,96
43870806,417,96
43871895,829,96
43872758,995,96
43874211,1447,96
43876007,837,96
43880495,11862,196
43892358,11880,196
43892930,74,43
43894832,59,196
43894896,64,43
43894908,54,43
43894963,40,43
43895005,262,43
43895270,354,43
43895626,232,43
43898416,3535,146
43898823,12393,5
43899746,4785,196
43899997,675,203
43901889,3682,146
43904466,4438,196
43905509,3882,146
43908439,223,173
43908684,478,173
43908842,5910,196
43909329,4043,146
43909390,5,173
43909523,6,173
43909614,5,173
43909687,5,173
43910584,434,5
43911106,7775,5
43911344,12439,5
43913311,3776,146
43913413,369,96
43914170,151,96
43914688,5916,196
43914753,451,96
43915650,605,96
43916303,19748,95
43916332,7705,96
43916523,5680,95
43916592,7459,96
43917021,3549,146
43920302,17438,146
43920315,59,146
43920566,4453,196
43920637,1625,146
43922605,3545,95
43924953,4567,196
43927787,342,202
43927919,3538,95
43929457,4451,196
43933845,4442,196
43937121,404,202
43937586,6,173
43937681,7,173
43937753,5,173
43937861,5,173
43937941,6,173
43937967,36,95
43938002,5,173
43938075,6,173
43938144,5,173
43938206,5,173
43938288,6,173
43938361,5,173
43979330,83,43
43981275,43,43
43981321,35,43
43981360,223,43
43981396,372,61
43981585,220,43
43981807,236,43
43991921,3037,13
43997051,3546,95
43997174,19734,95
43998114,21,95
43998225,22,95
43998444,3306,95
43999185,389,47
44001970,4679,47
44002135,3527,95
44002317,8115,95
44002431,2419,13
44002781,334,35
44003148,3445,35
44004597,236,47
44005135,1083,13
44006423,3854,13
44006647,3662,47
44006662,3647,47
44010322,2689,47
44013060,2673,47
44015738,2685,47
44018416,2681,47
44021095,2681,47
44023774,2666,47
44024459,49,95
44026452,2694,47
44027752,2383,13
44029125,2663,35
44029130,3890,47
44031883,2835,13
44033024,2661,47
44033035,60,47
44035702,2703,47
44038440,2655,47
44041116,2648,47
44043798,2689,47
44046536,2707,47
44049274,2696,47
44052013,2659,47
44054689,2676,47
44057369,2694,47
44060108,2669,47
44062785,2679,47
44065731,75,43
44067668,43,43
44067713,38,43
44067753,225,43
44067980,231,43
44068213,249,43
44068657,2977,13
44070427,284,1
44070881,3535,95
44070982,570,1
44072329,6,173
44072354,162,21
44072482,67,1
44072773,287,1
44073352,39,1
44073592,41,1
44073977,37,30
44074070,286,1
44074246,716,30
44074468,7514,5
44075102,5179,95
44075134,163,201
44075450,21,13
44075497,6,173
44075528,11176,95
44075613,7771,13
44075871,3203,173
44076201,279,1
44076479,1242,30
44077674,287,1
44078217,427,99
44078291,284,1
44078390,374,30
44079195,25759,110
44079211,400,99
44080581,5,173
44081027,147,30
44081260,6035,38
44081308,1477,99
44081373,1410,99
44081541,1054,30
44082655,65,30
44082789,284,1
44083154,163,99
44083310,3526,95
44083382,8470,13
44083401,364,99
44083765,285,1
44084123,371,99
44085428,374,99
44085534,708,146
44086216,62,30
44086415,6940,146
44086476,48,30
44087011,10432,5
44087144,3531,95
44087902,96,30
44088698,73,125
44090133,1365,43
44090350,308,30
44090787,1194,30
44091163,274,1
44091739,61,13
44092105,362,99
44092638,189,203
44092696,5847,38
44092745,268,1
44095345,277,1
44095676,4565,95
44095700,11138,95
44096353,2287,173
44096627,1140,1
44097216,12,173
44097253,909,5
44097815,942,1
44098367,380,99
44098531,5769,38
44099036,771,1
44099077,1275,173
44099199,18652,95
44100113,148,5
44100172,3361,5
44100490,2098,95
44100821,974,5
44101856,24588,5
44103717,3525,95
44104777,7,128
44105179,129,30
44105520,121,30
44110561,3432,5
44115503,5723,38
44121228,9148,38
44125386,658,5
44126229,4619,5
44126473,24907,5
44127821,21,83
44128381,16,83
44128790,15,83
44128927,14,83
44129223,29,83
44129612,21,83
44131225,295,83
44131775,10,83
44132241,9,83
44132539,10,83
44138624,5735,38
44152131,910,43
44154866,911,43
44155779,424,43
44156205,231,43
44156438,203,43
44156644,224,43
44157614,328,5
44158351,5641,5
44159091,311,146
44159195,129,146
44159421,19,146
44159627,397,30
44159883,21,146
44160068,65,146
44160271,1236,146
44160380,538,146
44160815,505,30
44161170,275,1
44161344,65,30
44162031,1105,103
44162643,735,30
44162757,487,146
44163150,1140,103
44164083,411,99
44164164,1031,5
44164449,936,103
44168072,82,25
44168370,882,26
44168422,5824,38
44168886,16,70
44168901,411,173
44169232,271,1
44169257,611,70
44170842,211,173
44171496,353,70
44173372,1270,70
44173646,3459,26
44174047,1161,26
44175452,51,125
44175455,5720,38
44176099,25,125
44177840,1242,70
44177988,22,125
44178331,25,125
44178756,25,125
44178818,10899,95
44178839,18,125
44179097,59,125
44179759,21,125
44180077,23,125
44181141,67,125
44183470,319,26
44184930,417,125
44185323,7,25
44186826,152,125
44187576,149,125
44188070,4,30
44188336,1594,26
44188358,489,99
44188505,402,30
44188517,1133,103
44189040,3918,125
44189118,388,131
44189336,745,99
44189719,18,70
44190033,4256,38
44190124,922,131
44190615,230,5
44190820,18688,95
44191068,361,5
44191627,1005,5
44191716,914,5
44198714,81,173
44198831,1056,173
44199807,5925,38
44199829,443,103
44199840,49,38
44204002,602,202
44204298,47,146
44204562,63,146
44204625,84,146
44205695,5808,38
44205977,15,1
44206228,38,1
44206504,44,1
44207187,43,1
44207695,19,1
44207919,16,1
44211504,5739,38
44212081,1133,70
44214335,1223,70
44217304,9076,38
44219867,5896,125
44226382,5727,38
44238531,54,43
44240402,7,146
44240428,50,43
44240480,43,43
44240525,184,43
44240711,174,43
44240746,138,146
44240887,217,43
44240897,1512,146
44241080,1864,146
44241257,43,1
44242186,63,1
44242349,420,146
44242799,69,1
44242830,131,146
44242961,7060,146
44243813,6493,95
44244596,153,95
44244810,26,1
44245461,121,1
44245950,103,1
44246345,107,1
44246393,1827,5
44246679,25776,110
44246780,103,1
44247648,21,1
44247888,21,1
44248327,305,30
44248590,24,1
44249006,206,30
44249748,23,1
44250192,8,128
44250199,325,5
44250522,6,128
44250526,23,1
44250557,2883,5
44250714,21,1
44250891,96,1
44250913,1971,30
44250971,11,203
44251049,2222,11
44251055,8,203
44251103,2432,95
44251113,12,203
44251245,199,203
44251637,182,202
44251798,364,1
44251943,161,203
44251953,31,203
44253568,2481,26
44253587,40,38
44253826,387,99
44256090,76,202
44256194,432,202
44256207,7750,26
44256291,5860,38
44256950,2519,203
44257793,20,61
44257985,8254,95
44258056,861,61
44258073,182,47
44258079,4240,5
44258272,18677,95
44259831,119,203
44259998,3282,146
44260368,440,146
44260435,160,203
44260563,1073,30
44260863,159,203
44261399,3695,203
44261544,1694,173
44261687,5956,146
44262091,7007,38
44263219,4547,146
44265708,1565,30
44265836,3901,203
44266596,5182,95
44266934,219,103
44267290,601,30
44267358,6,173
44267438,1055,103
44267480,13,173
44267552,64,1
44267675,369,1
44267914,3088,146
44268719,1035,70
44268802,387,203
44269077,141,1
44269218,1263,1
44269243,1093,103
44269392,225,84
44269768,1233,70
44269816,3611,203
44270544,20,125
44270940,5002,125
44271576,780,30
44271755,278,99
44271860,5746,38
44271915,1066,103
44272103,272,1
44272211,852,61
44272302,1242,70
44272707,371,99
44273104,419,99
44273143,168,30
44273969,417,5
44274012,374,99
44274698,3150,5
44275109,3216,70
44275180,106,99
44275305,263,99
44276120,382,99
44276756,2816,47
44277217,389,99
44277572,5704,38
44278993,18,70
44279082,3626,203
44279615,1523,47
44280260,19,47
44281760,1725,47
44283312,9278,38
44283387,9,173
44283407,507,173
44283985,2706,47
44284526,12,173
44286723,2659,47
44287691,193,1
44288125,198,1
44288642,196,1
44289211,193,1
44289400,3919,47
44289824,190,1
44289900,1891,173
44290539,175,1
44290713,307,70
44290726,17,70
44290893,966,173
44291183,203,1
44292207,1762,70
44292684,664,61
44293349,3596,47
44293377,162,61
44293545,195,61
44294006,606,61
44294612,13148,61
44295892,478,96
44296449,1933,96
44296934,3394,47
44296967,728,70
44297828,1133,70
44299892,24,96
44300337,2676,47
44300366,21005,96
44303015,2682,47
44305692,2701,47
44307699,13199,61
44308431,2666,47
44311109,2704,47
44311872,9226,38
44313848,2652,47
44316528,2652,47
44319206,2680,47
44324930,26,43
44334378,892,61
44337388,527,173
44337993,1014,173
44338045,3703,201
44338314,3585,203
44339159,5796,38
44339705,389,47
44340728,3611,61
44341098,1134,103
44341606,1282,70
44342192,4087,203
44342401,383,99
44342872,9,203
44342962,374,203
44342976,1060,103
44343384,143,203
44344255,189,203
44344307,3844,61
44344538,157,1
44344894,8,38
44345149,141,1
44346394,119,1
44346635,165,1
44346801,69,1
44346813,59,1
44346930,64,1
44347132,73,1
44347206,572,1
44347594,1332,103
44347824,465,99
44348035,3629,203
44348087,580,61
44348262,1121,48
44348324,736,99
44348451,217,47
44348680,3893,61
44348739,1261,70
44350032,1019,103
44350191,682,99
44350541,169,99
44350942,1241,103
44351041,764,99
44351418,687,5
44351711,5049,38
44351992,230,21
44352199,1253,70
44352419,983,103
44352535,355,21
44352540,4347,61
44352574,47,61
44352574,694,99
44352645,627,99
44352791,1100,48
44353183,854,21
44353444,2915,103
44353603,1925,58
44353877,1075,48
44353891,3604,203
44354257,303,21
44354727,18,125
44354849,21,125
44354935,577,99
44355457,32,125
44355543,468,99
44355633,231,21
44355709,1257,70
44355718,65,125
44356223,427,5
44356314,954,99
44356352,267,21
44356377,891,99
44356699,11,38
44356823,4152,61
44357006,1978,58
44357114,720,21
44357242,1247,70
44357777,6,168
44357938,1520,11
44358010,219,168
44358162,2150,21
44358281,105,168
44358320,12,38
44358778,199,125
44359044,1328,5
44359148,1569,58
44359967,6231,95
44359978,60,95
44360371,1477,11
44360661,1066,103
44360665,64,1
44360914,682,61
44361036,622,21
44361086,18658,95
44361597,1143,61
44361854,1478,103
44361870,2665,11
44362234,1248,58
44362658,1507,21
44362709,48,61
44362763,104,61
44362787,6,173
44362867,5,173
44362920,5260,61
44362925,616,48
44362953,5,173
44363101,13119,61
44363685,17,70
44363829,4019,173
44364008,1496,48
44364339,937,5
44364416,471,21
44364504,395,103
44364538,2306,58
44364744,6241,11
44364899,2071,21
44365718,1212,70
44365842,1055,103
44366047,5872,38
44366470,58,103
44366518,158,202
44367027,1242,70
44367038,117,103
44367980,629,58
44368138,4848,61
44368810,298,103
44369152,164,103
44369728,7,173
44369804,5,173
44369888,6,173
44370046,2620,173
44370904,192,103
44371858,5792,38
44372925,6700,61
44373521,6,173
44373639,1227,13
44373846,1615,173
44375985,6,173
44376102,1633,173
44376110,60,173
44376310,1220,13
44377710,9143,38
44384939,87,125
44385778,93,125
44386044,12889,61
44386485,83,125
44388610,79,125
44398933,13170,61
44399322,9164,38
44411330,971,43
44413208,60,61
44414170,947,43
44415118,1276,203
44415121,922,43
44415587,297,203
44416045,1003,43
44416309,215,203
44416459,5228,203
44416805,242,203
44417050,954,43
44417523,3534,95
44417604,221,203
44418007,948,43
44418027,25782,110
44418184,6,173
44418282,6,173
44418368,6,173
44418526,6,173
44418607,6,173
44418768,6,173
44419611,157,203
44420457,140,203
44420687,1070,103
44421072,1530,103
44421558,6,173
44421684,7,173
44421766,504,103
44421857,76,203
44422169,39,173
44422231,1268,173
44422240,30,173
44422252,72,203
44422443,4495,103
44422532,74,203
44422951,427,203
44423191,409,99
44423696,395,203
44424151,23,173
44424274,1217,173
44424483,184,203
44424849,7417,203
44424933,659,203
44425240,5,173
44425382,5534,38
44425391,904,131
44425839,7167,203
44425941,4160,11
44426037,378,99
44426504,2360,131
44426686,59,70
44427103,457,99
44427661,1807,103
44427729,821,99
44427769,6447,58
44427790,3875,58
44428315,240,99
44428995,472,99
44429050,410,99
44429210,31,173
44429299,1757,146
44429601,15,173
44429705,1282,146
44429755,17,173
44430142,8,173
44430318,7,173
44430916,5504,38
44431256,2352,95
44431339,73,188
44431703,70,58
44431786,434,58
44431968,1377,188
44432563,20,125
44432792,877,1
44432875,6830,125
44433155,3458,58
44433977,8379,203
44434679,10243,203
44435341,1343,96
44435821,2535,61
44436117,3526,95
44436157,6254,95
44436422,5518,38
44436775,262,96
44437250,202,96
44437533,3729,96
44438420,3629,61
44438896,1231,70
44439920,1340,7
44440587,5418,95
44440963,1207,70
44441781,2468,58
44441804,2705,58
44442012,1905,61
44442385,9930,203
44442621,2449,173
44443449,4466,146
44443472,92,188
44443775,7465,146
44443871,5751,38
44443888,1262,70
44444159,11536,61
44444353,1835,58
44444381,67,188
44444612,318,188
44445158,1209,188
44445535,5119,58
44445676,390,75
44445699,692,179
44445862,7,173
44446499,1252,179
44446787,4388,173
44446934,15,125
44447092,555,188
44447155,25,125
44447486,6,47
44447891,3965,146
44447926,3590,47
44448221,1528,70
44448846,474,188
44449232,5937,125
44450388,55,95
44450430,8327,95
44451066,4142,58
44451180,6261,146
44451470,303,70
44451515,2685,47
44451822,3700,146
44452403,1393,70
44453890,8800,38
44454255,2557,47
44455047,8,5
44455115,373,5
44455523,1792,146
44456258,12,5
44456614,96,5
44456662,8,173
44456758,5,173
44456830,4,173
44456885,5436,125
44457095,5,173
44457111,391,5
44457176,9,173
44457352,2043,146
44457470,4133,146
44457555,7,173
44457590,425,47
44457686,8,173
44457765,7,173
44457830,141,5
44458055,14045,47
44458164,24992,5
44458238,1273,173
44460115,6,173
44460181,6,173
44466241,8800,38
44466314,60,95
44472105,14082,47
44477301,94,61
44477584,600,61
44478185,1850,61
44483433,8745,38
44492180,8766,38
44496681,202,202
44497730,113,43
44498249,198,202
44498550,2891,47
44499731,47,43
44499780,49,43
44499831,268,43
44500101,253,43
44500356,312,43
44501359,521,5
44501494,13240,47
44501579,1889,146
44502640,7281,5
44502693,7351,203
44502876,509,5
44503533,6601,5
44503766,4357,146
44503937,2415,146
44508120,4375,146
44508204,2511,173
44510006,754,5
44510837,12507,5
44513762,391,61
44513818,61,1
44513921,8,173
44514187,7,173
44514287,5,173
44514422,288,28
44514514,1540,61
44514759,13156,47
44515140,5798,96
44515167,24,1
44515266,2018,96
44515511,38,1
44516166,21,1
44516524,472,61
44516901,60,1
44517256,337,61
44517259,67,1
44517314,638,96
44518230,4933,61
44518301,65,1
44519908,62,1
44520156,479,1
44522007,493,1
44523099,4861,61
44526816,12710,5
44527750,916,1
44527945,1880,61
44527960,4162,47
44527997,822,11
44529504,1661,173
44529950,312,61
44530332,964,61
44530530,1187,1
44531440,370,61
44531902,251,61
44532318,4914,61
44537206,6364,61
44537232,60,61
44538015,1333,47
44538038,1849,61
44539259,662,5
44539330,1760,47
44539808,18004,5
44540197,11323,5
44540210,58,5
44541459,1275,47
44542750,12848,47
44543502,6219,125
44543570,7,173
44543654,823,173
44543663,62,173
44544488,2232,173
44547378,6,173
44547571,10,173
44548820,1074,173
44549927,2588,173
44551535,23,61
44551900,1924,96
44553764,316,61
44554132,514,61
44554353,1812,96
44554809,12778,61
44556347,144,96
44556597,518,96
44557226,1024,96
44557652,25746,5
44564400,21593,47
44567527,12873,61
44584130,52,43
44586045,48,43
44586095,38,43
44586135,189,43
44586326,173,43
44586502,220,43
44588606,1666,47
44589014,13370,5
44589273,14,5
44589710,488,5
44590286,822,5
44590314,1325,47
44590935,15489,5
44591662,1786,47
44592202,6,173
44592279,6,173
44592411,2977,173
44593490,2222,47
44595746,1282,47
44597032,3398,47
44597244,8693,146
44597306,3381,146
44600435,3586,47
44600687,296,146
44600985,3807,146
44602444,12747,5
44602505,9039,5
44603614,3063,47
44604018,3670,47
44604390,519,61
44604792,3680,146
44605010,321,61
44605938,10260,146
44606661,606,61
44606711,2963,47
44607201,99,61
44607228,22,61
44607302,8685,61
44607368,60,61
44607719,3975,47
44607875,8886,11
44608473,4144,146
44609698,45,47
44610020,2710,47
44611678,4569,47
44612764,2729,47
44612778,1199,146
44615268,976,5
44615500,3673,47
44615803,13256,5
44615923,7682,61
44616065,1428,54
44616136,710,5
44616290,2583,47
44616837,1011,5
44617204,21,54
44617460,2726,11
44617625,560,54
44618050,15735,5
44618212,485,54
44618857,187,54
44618921,1547,47
44619224,2699,47
44619414,321,54
44620391,65,54
44620514,1270,47
44620555,36,54
44621698,1847,11
44621797,1429,47
44621965,2720,47
44623264,1269,47
44623543,9190,61
44624547,1289,47
44624702,2746,47
44625772,1233,146
44625833,1272,47
44625974,4066,146
44627118,1284,47
44627438,2709,47
44628403,1274,47
44629693,13975,47
44630039,2177,146
44630183,2691,47
44631429,13022,61
44632134,260,5
44634722,2643,173
44640274,3770,5
44640973,25190,5
44643670,13989,47
44646745,13043,61
44657710,13955,47
44659791,12551,61
44670531,51,43
44671196,37,47
44672405,40,146
44672447,47,43
44672497,39,43
44672538,213,43
44672754,276,43
44672943,458,47
44673033,318,43
44673122,5,47
44673175,183,47
44674567,2167,146
44674742,925,203
44675715,2002,203
44676438,3635,146
44676524,12,5
44676695,537,5
44676730,3078,146
44676745,60,146
44677118,13829,5
44677317,18617,5
44679107,25728,110
44679642,8865,203
44679812,3378,146
44680074,3434,146
44683192,3563,146
44683509,6242,146
44683821,17,5
44683930,47,38
44684492,10876,95
44684585,257,95
44684607,5664,38
44684758,3426,173
44685210,3658,103
44685443,9251,95
44686757,2845,146
44686768,50,146
44688880,6512,203
44689602,4479,146
44689617,60,146
44689752,5739,146
44692205,596,5
44692962,908,5
44693720,4,178
44693795,286,178
44694084,3551,146
44694095,61,146
44694168,403,178
44694733,513,178
44695310,1698,103
44695492,3439,146
44695601,73,203
44695715,217,203
44695809,391,125
44696027,153,203
44696080,1690,7
44696638,3650,5
44696758,1319,5
44697000,493,178
44697018,2339,103
44697636,3012,146
44697679,6863,125
44698044,893,178
44698055,24,178
44698707,11,70
44698719,1670,70
44698931,4609,146
44698946,122,178
44699585,176,178
44699617,1066,103
44699878,477,5
44699950,62,178
44700092,12,135
44700250,153,178
44700308,12,135
44700381,1588,70
44700432,693,5
44700505,13151,5
44700576,597,178
44700643,2649,146
44700740,10880,95
44700943,865,5
44701004,5639,38
44701034,8063,95
44701270,12,135
44701371,178,178
44701505,4577,103
44701680,749,178
44701981,1605,70
44702020,12464,5
44702308,999,48
44703315,3954,146
44703542,6165,146
44703609,40,204
44704468,513,178
44705180,118,178
44705282,969,96
44705493,5778,125
44706527,1902,103
44706611,5530,38
44707270,2699,48
44707275,3651,146
44708722,1346,103
44709360,14,188
44709420,367,188
44709508,347,47
44709856,3180,146
44709867,4491,47
44710545,297,103
44710790,134,188
44710925,2907,146
44711341,121,103
44712486,19,188
44712625,220,188
44713032,3347,146
44713834,2513,146
44716348,2133,146
44716384,3434,146
44716759,5371,70
44716891,15,125
44717035,6630,125
44717467,25874,5
44717511,1484,5
44722131,1679,70
44722495,6789,5
44723812,1657,70
44725021,10,135
44725470,1686,70
44725806,5548,38
44727156,1692,70
44728622,130,202
44728782,252,202
44728853,14171,70
44729055,132,202
44729997,12,135
44731356,5531,38
44731934,5639,125
44736170,8586,48
44740087,247,202
44751060,5346,70
44756931,78,43
44758821,63,43
44758891,43,43
44758937,39,43
44758978,231,43
44759202,4884,5
44759212,265,43
44759480,212,43
44760271,6598,203
44760923,1885,146
44761676,167,30
44762234,4270,146
44762807,2255,146
44762820,61,146
44763025,3615,146
44763437,1326,103
44763452,534,5
44764333,582,5
44764759,10870,95
44764980,5639,95
44765065,3423,146
44765074,13529,5
44766066,9561,48
44766442,3713,103
44766738,1001,58
44767011,4290,178
44769239,2003,38
44769937,3491,146
44771386,224,38
44771423,7,178
44771489,3716,178
44771573,4304,95
44771783,6702,38
44772346,1366,179
44772753,5644,125
44773424,3538,146
44774315,12830,5
44775025,25624,110
44775135,126,13
44775403,3695,178
44775452,1323,13
44776032,1903,48
44776447,1876,48
44776962,3420,146
44777026,49,146
44777032,6557,95
44777176,10890,95
44777408,684,13
44778183,33257,48
44778401,72,13
44778669,3903,146
44778734,6129,203
44779453,4966,178
44779739,5798,125
44780379,3533,146
44780493,1170,61
44780716,4024,5
44780826,6341,13
44780980,4361,103
44783342,218,96
44783394,2943,58
44783912,3300,146
44784920,5803,38
44785346,6598,178
44785401,328,103
44785537,742,5
44785899,10,96
44786127,19,96
44786354,1441,58
44786362,8514,125
44786866,343,96
44786904,8878,203
44787212,4033,146
44787260,606,96
44787538,66,125
44787624,13392,5
44787639,5308,5
44787938,1810,13
44788071,2417,96
44788433,3303,146
44789554,9479,95
44790803,2353,58
44791242,3799,146
44791991,378,178
44792462,6986,178
44793251,11333,70
44793259,1249,146
44794107,63,125
44795041,3629,146
44795384,10871,95
44795863,11347,5
44796676,1413,58
44798668,2290,146
44798790,3091,58
44798968,11,38
44800833,2867,47
44800947,1950,146
44800959,59,146
44802375,26770,5
44802610,1368,58
44802901,3951,146
44803424,41,47
44803515,13857,47
44803701,36872,47
44808729,11471,125
44809789,1509,135
44810362,14958,70
44812606,462,5
44813138,9572,5
44813389,16136,5
44816802,5604,125
44817372,13750,47
44821778,909,96
44822852,164,96
44823324,712,96
44824081,278,96
44824815,1346,96
44825691,12336,125
44827025,2224,96
44829328,8918,96
44831173,13754,47
44836207,8383,70
44843330,78,43
44844592,5467,70
44845017,133,178
44845433,58,43
44845493,38,43
44845533,247,43
44845783,332,43
44846013,3905,178
44846117,313,43
44846868,1933,135
44846947,13884,203
44848632,4202,146
44848819,2988,135
44849281,6308,146
44849286,26752,5
44849313,5146,48
44849353,953,5
44850053,3730,178
44850348,141,36
44851710,158,36
44851829,2193,135
44852150,4437,7
44852835,3528,146
44853812,3729,178
44853945,5695,38
44854039,2153,135
44854090,670,48
44854729,2480,48
44855592,5809,146
44856172,924,5
44856214,2426,135
44856362,5531,146
44856685,1435,7
44857648,3715,178
44857854,16,30
44857977,14951,48
44858001,54,30
44858192,656,30
44858443,55,5
44858461,11743,95
44858501,174,36
44858555,13353,5
44858659,2267,135
44859168,5792,95
44859554,25735,110
44860266,139,179
44860915,1263,47
44860946,2218,135
44861059,1711,58
44861402,5320,146
44861888,4701,146
44861925,7015,178
44862167,1325,7
44862277,178,36
44862302,13,47
44862423,182,47
44862613,123,47
44862749,131,47
44862778,2662,106
44862784,2707,58
44862889,849,47
44862904,849,47
44863087,5227,125
44863182,2678,135
44863334,1659,38
44863369,12024,125
44863824,3155,47
44864700,3674,7
44864922,25,1
44865088,9054,70
44865099,435,30
44865422,75,1
44865750,1410,58
44865884,3055,135
44866011,3313,106
44866636,68,1
44866719,4457,146
44866992,2785,47
44867868,247,1
44868483,2132,7
44868587,717,30
44868709,3219,11
44868961,6240,135
44869391,8886,178
44869554,4493,106
44869792,2759,47
44869865,4088,7
44870143,5838,95
44871160,5467,146
44871834,2762,7
44872535,2940,47
44872600,6230,125
44872999,33,202
44873083,492,202
44873274,180,36
44873602,2744,30
44874165,6395,106
44874315,2168,58
44874556,1250,5
44874918,935,71
44874963,299,38
44875518,4136,47
44875736,190,36
44875822,85,38
44876017,18,202
44876060,239,202
44876109,8587,7
44876202,2733,5
44876256,782,71
44876637,2274,146
44876858,17268,95
44876876,31054,48
44877200,1974,58
44877789,4097,146
44878450,7,178
44878649,4262,178
44878911,2078,146
44879383,1443,58
44879655,21,47
44879758,362,47
44879775,279,47
44879825,14605,5
44879878,5059,70
44879938,16125,5
44880397,1411,47
44880838,1910,58
44880987,2261,146
44881807,1415,47
44881887,514,13
44882822,364,58
44883214,1372,47
44883241,2284,146
44884490,650,58
44884568,9848,125
44884628,1397,47
44884948,8887,70
44885208,14,125
44885510,2547,146
44885765,1981,58
44886027,1706,47
44887419,48,202
44887668,1139,202
44888067,1994,146
44888194,4204,106
44888399,2762,202
44888608,491,202
44888950,6077,47
44889330,594,202
44889843,12,125
44890061,4491,146
44894607,9074,70
44895074,2844,47
44897931,4165,47
44899280,9892,178
44899924,25236,5
44901386,13939,125
44902118,7376,47
44903683,8866,70
44905776,577,96
44909510,4955,47
44912550,8661,70
44914510,3022,47
44917551,2613,47
44920169,2670,47
44921213,9052,70
44922845,2584,47
44934842,6382,178
44939971,6655,61
44940520,1269,58
44946043,1794,135
44953721,559,5
44958064,1565,21
44958456,5141,47
44959850,2308,11
44960975,788,134
44961092,1869,135
44961128,67,30
44961254,1438,30
44961729,5021,58
44961784,445,134
44962240,1342,134
44962984,1875,135
44963345,4695,146
44963355,9980,38
44963741,5866,146
44964273,4444,11
44964427,10174,5
44964455,493,47
44964696,63,188
44964878,2070,135
44964966,2206,47
44965019,47,188
44965037,118,21
44965188,922,5
44965295,89,188
44965402,5826,95
44965472,4645,21
44965502,9336,95
44965538,379,188
44965956,834,188
44965972,11966,61
44966245,7,5
44966967,1915,135
44966969,291,134
44967193,35,47
44967272,1444,47
44967278,442,134
44967303,65,30
44967433,1001,30
44967724,1234,47
44967735,97,134
44967850,1920,134
44968286,3569,70
44968403,1531,5
44968748,465,47
44968902,2230,135
44968959,141,47
44969140,1710,58
44969301,3656,47
44969309,152,47
44969533,154,47
44969607,6041,146
44969813,944,47
44970715,26569,5
44970754,3577,5
44970778,91,47
44971148,2577,135
44971194,86,47
44971872,5283,70
44973023,524,47
44973552,1658,47
44973556,1661,47
44973747,1787,135
44974388,1267,58
44975266,831,47
44975370,401,47
44975552,2837,135
44975647,5447,146
44975665,2433,58
44975783,6127,47
44976152,2826,47
44976703,13153,61
44977158,10866,70
44977876,13588,61
44978320,2929,58
44980683,14113,47
44981926,3283,47
44982975,1278,5
44984159,17747,5
44984767,9917,38
44985206,4118,47
44986071,231,146
44986296,6759,146
44988304,32,70
44988313,195,70
44988643,4023,70
44989334,4240,47
44991030,13561,61
44993594,3656,47
44994785,14042,47
44997238,3545,47
45000821,2785,47
45003603,3307,47
45004018,9626,38
45004591,13333,61
45006945,3241,47
45010222,3199,47
45013440,3142,47
45016131,74,43
45016598,1967,47
45017629,1081,106
45017855,328,178
45018104,7199,47
45018127,69,43
45018198,67,43
45018228,5,47
45018268,232,43
45018315,9582,178
45018503,411,43
45018859,123,106
45018912,10,47
45018916,209,43
45018996,449,5
45019003,14,47
45019006,12,106
45019041,8046,106
45019084,69,47
45019333,11,47
45019418,18,47
45019486,16447,5
45019543,5124,47
45019708,13886,5
45020876,3928,135
45023473,5379,146
45024708,5293,47
45024800,6324,146
45024834,5842,135
45025313,5159,47
45027020,5787,95
45027940,3682,178
45028180,6153,38
45028482,6453,106
45028494,1529,203
45028852,355,146
45030025,2604,47
45030447,4249,47
45031589,8907,61
45032174,2999,146
45032259,296,1
45032383,8220,178
45032639,3411,47
45032657,4856,146
45033003,209,1
45033981,420,1
45034090,1057,203
45034698,2077,47
45034763,3693,95
45035181,1450,203
45036003,91,1
45036005,4320,62
45036048,1825,47
45036094,103,1
45036114,8269,125
45036218,57,1
45036276,37,1
45036314,205,1
45036520,169,1
45036691,125,1
45036817,2394,47
45036830,200,1
45036931,6254,203
45038542,3256,106
45038902,9617,38
45038974,59,95
45039367,276,1
45039399,918,11
45039910,36,1
45039947,200,1
45040149,263,1
45040309,1220,6
45040325,62,6
45040431,5977,61
45041136,223,1
45041332,1262,6
45041440,120,1
45041560,1230,1
45041801,3691,178
45042023,6292,48
45043433,1423,11
45044162,1214,1
45044921,409,203
45045491,3691,178
45046100,1309,6
45046346,7536,61
45046489,4426,47
45046754,6441,203
45047016,12,1
45048125,954,1
45048191,116,11
45048208,1271,6
45048226,1252,6
45048876,8673,95
45049179,6015,178
45049408,926,1
45050235,1615,11
45050309,1090,6
45050320,1080,6
45050606,10845,125
45050670,2762,125
45050939,2169,47
45052007,262,188
45052495,1237,11
45052585,194,13
45052871,58,10
45053327,717,10
45053745,174,11
45053785,1502,47
45053818,6283,61
45053910,1009,5
45053962,235,13
45054027,389,5
45054173,1113,10
45054223,2916,5
45054416,2010,13
45054763,3845,125
45054898,1463,58
45055193,8218,178
45055307,1582,47
45055700,26111,5
45055799,9,70
45055885,5747,70
45055930,3966,5
45056905,87,47
45057000,1487,47
45057776,406,10
45058473,178,10
45058960,100,168
45059482,7018,47
45060092,4873,61
45060939,2208,58
45062538,14078,5
45063408,9042,178
45063836,310,173
45064292,372,173
45064946,6887,61
45066106,396,173
45066547,164,47
45066662,591,173
45066725,12402,47
45066848,8712,47
45067384,362,173
45067840,363,173
45068033,20,1
45068232,367,173
45068657,360,173
45069089,356,173
45069120,19,1
45069506,353,173
45069515,62,173
45070058,3346,173
45070209,40,1
45070429,30,1
45070441,12786,61
45070790,9509,38
45071168,184,1
45072448,7102,178
45072789,312,1
45073399,182,1
45075585,8717,47
45076196,1331,5
45079554,3685,178
45079696,11939,47
45080360,9508,38
45083237,3693,178
45084315,8294,47
45086929,3698,178
45089870,9502,38
45090625,3676,178
45092606,8042,47
45094299,3685,178
45097983,3684,178
45099373,9586,38
45100652,7977,47
45101665,3893,178
45102531,55,43
45104445,54,43
45104501,49,43
45104552,756,43
45104896,14264,5
45105015,14,5
45105448,13191,5
45105489,5272,47
45105555,3675,178
45108188,235,1
45108390,89,1
45108649,8285,47
45109229,4280,178
45109540,44,1
45110024,843,1
45110769,3666,47
45110981,818,1
45111523,1189,173
45112776,657,173
45113078,831,1
45113506,3683,178
45113646,555,173
45114469,3017,47
45115608,41,1
45115878,46,1
45116268,43,1
45116872,952,5
45116945,8152,47
45117504,3584,47
45118135,37,1
45118661,192,1
45119008,39,1
45119296,44,1
45119749,14,1
45119812,44,1
45120051,31,1
45120314,31,1
45120417,34,1
45120581,119,1
45120747,179,1
45120945,493,1
45121086,4978,47
45121173,51,1
45121381,748,38
45121570,38,1
45121720,35,1
45121995,419,5
45122105,9394,5
45122567,35,1
45125121,8182,47
45126115,7131,47
45128030,8789,61
45129096,5,70
45131126,13754,5
45131284,4756,5
45133200,4768,47
45133297,8307,47
45136755,8551,61
45137480,47,13
45137585,32,13
45137676,2844,13
45138050,6239,47
45138072,7099,5
45141651,8381,47
45141863,78,70
45142054,7305,70
45143555,4090,70
45144232,4947,47
45145241,6431,61
45147987,25792,5
45150070,1951,47
45151612,6271,61
45153485,399,47
45154051,373,47
45157172,9435,38
45157674,451,47
45160097,5,47
45160153,521,5
45160707,10807,5
45160768,17,47
45161033,587,47
45161071,17140,5
45162044,606,47
45162656,514,47
45166661,9416,38
45176085,9454,38
45185540,9550,38
45188930,64,43
45190812,47,61
45190861,45,43
45190908,41,43
45190974,170,43
45191146,248,43
45191396,219,43
45193205,1077,5
45193223,10853,5
45193332,76,47
45193739,3342,5
45194157,90,47
45194524,106,47
45196996,4731,61
45197567,2294,47
45200611,13362,5
45201663,4614,61
45206212,5268,61
45207486,536,173
45207751,213,106
45209764,456,5
45209938,12390,5
45210602,8653,95
45211400,4696,61
45212612,1691,58
45214317,6037,58
45216030,4825,61
45217209,12955,5
45218538,14,13
45219018,200,13
45220169,173,13
45220646,2029,13
45220737,5629,61
45222703,2272,58
45222715,10044,125
45224485,8612,125
45225682,279,13
45226037,677,13
45226130,34,1
45226304,5400,61
45226807,1343,13
45227027,36,1
45227033,30,1
45227489,3806,47
45227929,43,1
45228155,35,1
45228328,359,13
45228624,4059,5
45229828,1104,58
45230165,37,1
45230873,276,1
45230876,10,125
45231161,127,1
45231641,4855,61
45232079,123,1
45233202,123,1
45233384,6,125
45233603,8,125
45233783,7,125
45233985,12,125
45234526,9,125
45234921,8,125
45235398,11,125
45235513,11386,125
45235538,137,1
45235694,8668,125
45236362,22,1
45236603,176,1
45236808,12210,5
45236953,26367,5
45238885,35,1
45239365,46,1
45239787,54,1
45240535,5443,70
45240618,62,1
45241350,45,1
45242958,186,1
45243721,721,5
45243757,10346,5
45243898,8158,5
45252277,11008,125
45252671,14047,125
45275330,48,43
45277291,45,43
45277338,35,43
45277375,400,43
45277397,16285,5
45277466,667,5
45277711,13052,5
45277777,445,43
45278231,273,43
45281687,408,6
45281709,388,6
45283604,1392,6
45283620,1377,6
45285015,7328,203
45285760,1288,131
45285882,466,13
45286417,1018,6
45286429,1008,6
45286748,140,1
45288965,155,38
45289089,368,96
45289161,461,13
45289267,336,134
45289319,565,13
45289412,292,134
45289483,320,96
45289919,341,96
45289922,26,188
45290152,3983,47
45290228,1271,188
45290350,2701,96
45290444,4008,38
45290581,282,21
45290832,296,13
45291298,560,13
45291706,2538,58
45292665,938,21
45292935,1512,131
45293092,211,96
45293643,5417,203
45294292,146,1
45294413,139,21
45294472,3301,47
45294703,5022,38
45295095,3928,21
45295132,13892,125
45295265,137,1
45295441,9872,178
45295676,195,1
45295938,42,54
45296127,109,99
45296156,50,54
45297093,29,1
45297160,189,1
45297403,19534,125
45297413,3194,58
45297849,136,1
45298085,15,125
45298537,3274,47
45298680,352,188
45299282,442,5
45299786,11081,5
45300020,159,99
45300024,1353,5
45300201,404,13
45300541,25,11
45300659,4930,203
45300827,329,11
45301203,27,99
45301554,1032,21
45301656,1385,6
45301671,441,6
45301820,3225,47
45302109,5192,131
45302129,284,6
45302434,963,6
45303051,185,6
45303245,210,6
45303367,4832,38
45303405,48,6
45303728,766,99
45304056,41,54
45304265,1197,58
45304334,335,13
45304668,1259,6
45304822,161,1
45304997,268,188
45305044,314,13
45305048,5633,47
45305310,6266,178
45305440,227,99
45306034,80,188
45306664,4844,203
45306739,399,99
45306853,32,188
45307044,43,188
45307715,554,99
45307814,1236,5
45307930,687,13
45308429,1239,188
45308658,639,21
45309176,378,13
45310020,1624,6
45310140,138,10
45310354,626,10
45310452,127,21
45310652,71,54
45310698,2052,47
45310750,196,1
45310838,58,21
45310889,2878,58
45310924,6766,5
45311534,195,188
45311574,4033,178
45311788,1371,10
45311839,26,21
45312163,22,21
45312175,1222,188
45312672,24,21
45312858,27,21
45313063,22,21
45313326,25,21
45313508,3644,47
45313640,31,188
45313889,27,21
45314067,254,13
45314157,44,21
45314205,11322,38
45314296,1476,10
45314448,70,188
45314561,409,13
45314626,229,188
45314787,11,28
45315296,327,13
45315605,3690,178
45315757,388,13
45315789,366,188
45316400,528,95
45317155,871,47
45317463,199,96
45317694,98,96
45317823,151,95
45318089,3362,47
45318369,15702,125
45318604,1407,125
45318695,100,96
45319292,3688,178
45319473,48,96
45320830,12559,125
45321540,5,47
45321575,291,47
45321869,135,47
45321903,184,1
45322004,169,47
45322980,10725,178
45323619,66,47
45323796,66,47
45323879,13328,47
45324666,557,1
45326020,470,1
45328097,7277,13
45331691,10979,38
45333703,3859,178
45335524,213,13
45335809,215,13
45337257,12402,47
45337562,3678,178
45341238,3688,178
45342671,10856,38
45344924,3683,178
45353588,10954,38
45361730,55,43
45363647,37,43
45363686,37,43
45363725,550,43
45365357,71,131
45365818,65,131
45365969,89,131
45366883,3480,203
45367477,190,95
45367727,99,96
45367802,364,95
45368580,1418,5
45368776,289,95
45368990,911,96
45369056,2257,6
45369119,509,95
45369731,286,10
45370048,3593,95
45370114,916,96
45370354,147,5
45370454,35,10
45370848,586,6
45371066,3458,95
45371293,110,6
45371513,573,5
45371770,1063,47
45374153,8652,95
45374341,320,11
45374486,1566,47
45374686,664,38
45374794,4090,95
45375247,118,11
45375401,4220,47
45375789,233,96
45376043,87,96
45376617,1916,96
45376673,4020,178
45376876,520,47
45377396,1278,47
45377963,193,188
45377981,24,21
45378237,22,21
45378565,545,96
45378596,25,21
45378825,22,21
45379086,22,21
45379316,947,96
45379501,27,21
45379754,31,21
45379874,1061,99
45380002,90,83
45380088,6034,203
45380152,98,83
45380261,3549,95
45380489,2857,5
45380641,1309,47
45380646,9131,70
45380691,5887,178
45380976,16,83
45381061,284,83
45381193,172,96
45381399,659,96
45382138,913,96
45382586,2320,47
45383142,8652,95
45383153,60,95
45383302,272,99
45383492,4180,125
45383584,43,21
45383715,464,83
45383938,70,21
45384034,144,99
45384044,33673,125
45385402,826,21
45385928,749,99
45386576,8013,178
45386699,34,99
45386770,339,99
45387379,3596,11
45387592,2149,21
45387736,1136,47
45388384,5,99
45388522,243,83
45388781,80,70
45388875,3942,70
45389249,3808,203
45389557,5,99
45389874,169,83
45390080,1092,47
45390114,7,99
45390307,5,99
45391001,1015,11
45391512,961,99
45391609,1782,146
45391614,14,47
45391719,555,47
45392316,340,47
45392340,15514,125
45392644,12,21
45392908,1383,47
45393043,290,99
45393596,38,21
45394042,790,99
45394588,6423,178
45395188,1089,99
45395993,1734,70
45396055,2193,70
45396116,160,21
45396284,80,21
45396652,630,47
45396774,1353,21
45396988,490,30
45397314,1220,47
45397687,463,30
45398200,1558,99
45398534,1628,47
45399014,5169,61
45399052,76,61
45399977,8957,47
45400080,3446,95
45400164,4115,47
45400195,443,70
45400209,47,21
45400279,3578,95
45400458,64,21
45401015,35,70
45401172,8306,70
45401236,26,21
45401533,25,21
45401774,181,21
45402338,496,21
45403403,3,21
45408416,28993,125
45408489,17004,125
45408943,9119,47
45411531,13260,61
45417844,10993,38
45418086,9073,47
45421590,908,96
45422912,8,96
45422957,12,96
45423033,11,96
45423085,10,96
45423188,9,96
45423220,7,96
45423428,910,96
45424428,7,96
45424461,904,96
45425689,837,96
45426570,2706,96
45427171,8559,47
45430077,907,96
45435770,3944,47
45439725,3088,47
45442823,3063,47
45445921,3068,47
45446949,25760,110
45448130,232,43
45449020,3113,47
45450093,3694,178
45450202,5628,201
45450240,46,43
45450288,46,43
45450336,63,43
45451763,28,131
45451812,3566,203
45452179,3072,47
45453354,11124,95
45453534,8156,95
45454071,3766,178
45454297,8900,201
45455190,1330,21
45455282,3419,47
45455508,5282,61
45456641,69,30
45456725,6492,5
45456975,25,201
45457000,3046,201
45457144,269,30
45457588,664,30
45457958,3795,178
45458016,11,21
45458122,8,21
45458750,3260,47
45460037,621,30
45460461,593,1
45460692,21,203
45461152,10,203
45461313,7503,38
45461316,27,54
45461435,515,203
45461774,177,54
45461868,3685,178
45462034,147,47
45462074,110,54
45462482,194,188
45462523,4748,47
45462591,92,54
45462849,28,188
45463433,5931,95
45463457,1042,54
45463808,547,99
45464793,922,21
45465079,394,13
45465215,11033,95
45465474,5,99
45465545,689,201
45465629,5332,178
45465943,7,21
45466287,1900,47
45466394,1830,21
45466401,7543,61
45466992,1204,203
45467339,1120,47
45468103,26,47
45468268,7,21
45468291,22,47
45468299,63,47
45468506,1100,47
45468840,1433,47
45469189,5159,21
45469230,690,38
45469716,3370,47
45469826,319,1
45469978,134,203
45470144,8016,70
45470299,133,203
45470467,611,201
45470805,246,1
45471024,1696,5
45471085,3691,178
45471100,1481,201
45471708,127,203
45471916,337,201
45472270,4669,201
45472754,121,203
45473123,3104,47
45473336,441,1
45473924,5620,61
45473958,1748,11
45474077,695,1
45474834,9928,21
45475088,6226,178
45475485,11585,95
45475749,827,201
45475885,1275,188
45475897,67,203
45476222,5405,47
45476356,94,203
45476584,48,201
45476633,6965,95
45476663,1846,201
45476885,95,203
45477394,113,203
45477481,968,13
45477693,11398,38
45477700,138,203
45477954,716,201
45478163,4311,70
45478176,64,1
45478393,1400,58
45478693,968,1
45478738,11460,201
45478991,935,58
45479336,59,203
45479512,5505,61
45479940,488,58
45479994,1254,201
45480134,20057,5
45480138,10821,125
45480622,94,203
45480725,973,1
45480732,4224,125
45480853,166,58
45480967,7125,201
45481020,960,11
45481229,5550,58
45481649,829,47
45481830,685,99
45482604,299,54
45482871,335,99
45482970,886,99
45482994,6369,54
45483189,3435,47
45483547,314,99
45484098,5068,54
45484505,1031,99
45484565,350,99
45484976,6959,61
45485176,236,99
45485395,19,21
45485536,8456,95
45485552,9,21
45485689,206,99
45486107,11,21
45486121,444,99
45486659,1553,47
45487530,5494,125
45488888,957,47
45489951,590,47
45490557,1765,47
45490825,2041,47
45491879,4685,61
45492969,3076,47
45496068,6085,47
45496113,11106,125
45496738,5127,61
45496749,76,61
45499291,62,61
45500385,63,95
45500867,267,1
45501864,229,13
45502160,175,13
45502189,5743,47
45502393,4068,70
45504146,504,5
45504611,9696,5
45505058,16735,5
45507361,181,13
45507457,4679,70
45507945,3294,47
45508013,174,13
45511285,3514,47
45512136,15801,70
45514811,3345,47
45518153,3367,47
45521555,3576,47
45525141,3422,47
45527940,4391,70
45528607,4647,47
45533359,143,31
45534396,5655,131
45534531,45,43
45535510,5036,201
45539349,196,13
45545228,576,31
45545722,209,31
45545991,45,43
45546038,46,43
45546087,32,43
45546371,173,13
45546630,181,13
45546946,55,22
45547105,183,13
45547355,184,13
45547450,13375,5
45547604,186,13
45547851,177,13
45547914,463,99
45547993,3893,5
45548081,179,13
45548106,5129,178
45548460,654,99
45548518,2915,47
45548983,180,13
45549627,174,13
45549870,725,22
45549889,7568,61
45550553,139,99
45550587,4527,47
45550627,493,13
45550853,159,99
45551517,1652,47
45551887,1430,5
45552494,3353,58
45552720,73,99
45552869,1274,11
45552986,545,13
45553247,4916,47
45553351,386,5
45553407,1169,5
45553655,864,13
45553845,728,99
45554004,4345,125
45554150,78,200
45554311,18815,125
45555112,9237,47
45555618,1458,99
45555803,333,13
45555868,7617,58
45556398,243,13
45556744,19178,5
45557183,1372,178
45557240,43,200
45557444,14,61
45557475,187,13
45557531,101,99
45557816,1259,99
45557861,177,13
45558162,196,13
45558217,13427,201
45558401,2926,62
45558414,1836,201
45558452,736,47
45558475,82,203
45558559,25,178
45558582,30,178
45558591,25,178
45558615,10,178
45558624,27,178
45558632,23,178
45558654,10,178
45558662,11,178
45558671,8,178
45558811,265,99
45558827,10012,178
45558957,335,13
45558997,32,61
45559015,4242,61
45559380,1527,99
45559395,370,13
45559487,2421,58
45559493,1416,99
45560097,332,13
45560161,12505,201
45560856,1958,5
45561039,13332,5
45561356,4773,62
45561590,70,99
45561661,603,201
45562321,470,99
45563546,85,203
45563648,46,99
45563721,410,99
45563998,79,203
45564381,4478,47
45564506,1448,24
45565145,5325,61
45565208,115,99
45565212,64,61
45565733,1329,99
45565809,7774,58
45565883,5346,58
45567561,3082,47
45567606,386,13
45567611,98,22
45567760,33,22
45567833,161,22
45568255,104,99
45568323,328,13
45568431,106,188
45568628,88,200
45568773,5010,13
45568837,6894,178
45568857,385,13
45568860,66,188
45568874,6517,47
45568964,1174,99
45569386,149,188
45569706,68,188
45569972,107,188
45570229,644,188
45570457,5183,61
45571457,17932,48
45572371,1542,47
45573931,7046,47
45575426,5522,47
45575621,4868,61
45575716,6296,178
45576699,25249,125
45576942,11664,13
45577227,5403,201
45577932,14010,125
45580441,862,61
45580887,644,5
45581099,288,47
45581179,26019,5
45581650,19,83
45581683,175,47
45581687,8465,5
45582010,7966,178
45582982,4504,201
45584637,4391,62
45587587,28,83
45587865,12,83
45588147,10,83
45589982,4652,178
45592106,5718,5
45592285,8330,5
45593589,9794,47
45594619,3695,178
45598313,3712,178
45602021,3692,178
45603415,4870,47
45605702,3669,178
45608325,4787,47
45613117,3866,47
45617004,2869,47
45617245,2732,47
45619858,2841,47
45620930,54,43
45622712,3083,47
45622917,48,43
45622967,52,43
45623021,238,43
45623261,256,43
45623519,332,43
45624302,1141,61
45624603,25745,110
45624797,125,203
45625043,153,203
45625482,6302,61
45625597,2791,47
45625625,151,203
45625810,6,47
45625930,178,47
45626043,136,203
45626135,1713,47
45626245,218,178
45626472,4410,178
45626740,3,36
45626789,3,36
45626808,92,36
45627344,109,36
45627809,3578,47
45627902,771,6
45627922,1383,6
45628054,123,36
45628683,1014,6
45629591,107,6
45630630,180,203
45630753,2935,5
45630878,6098,178
45631217,103,22
45631448,110,22
45631453,3594,47
45631505,879,6
45631583,823,6
45631779,2267,61
45632067,5148,47
45632086,1170,5
45632681,1897,13
45633299,120,1
45633386,1618,6
45633399,1636,6
45633445,13278,5
45633496,1146,201
45633522,1654,201
45633809,32,30
45633923,55,62
45635038,2096,47
45637166,2383,47
45637219,2968,47
45637883,29,38
45637914,67,30
45637994,70,38
45638099,371,38
45638191,1628,5
45638638,10963,38
45639148,1457,61
45639218,251,188
45639478,38,200
45639543,3861,47
45639621,5573,201
45639923,34,200
45639948,1624,5
45640025,589,30
45640140,2912,47
45640276,133,99
45640335,297,1
45640682,1355,61
45640698,59,61
45640860,3578,99
45641149,2812,58
45641163,2808,58
45641420,226,203
45642128,1373,61
45642154,3419,62
45642321,224,203
45643116,3073,47
45643423,2309,47
45643638,807,201
45643868,235,1
45644152,1543,58
45644162,2001,58
45644557,176,96
45645046,26,99
45645194,779,30
45645395,9674,13
45645739,2176,47
45646072,9561,201
45646100,17698,5
45646111,43,5
45646228,2873,47
45646240,1199,201
45646252,3955,178
45646973,90,99
45647103,90,96
45647141,175,201
45647724,2310,201
45647931,2134,47
45648881,10,83
45648904,7830,62
45649145,4537,47
45649673,242,201
45649901,15646,5
45649964,4488,38
45650065,2181,47
45650109,9,83
45650180,1792,201
45650206,7254,178
45650227,135,36
45650249,8,83
45650688,8,83
45651604,8,83
45651664,554,201
45651795,9696,125
45651972,955,83
45652143,3394,58
45652259,2106,47
45652264,21,83
45653430,360,201
45653695,4696,47
45654418,59,22
45654430,746,99
45654620,1613,61
45655269,66,22
45655340,232,99
45655675,1784,58
45655756,1660,58
45656013,365,11
45656035,13,125
45656092,35,99
45656117,5230,201
45656139,56,99
45656227,5065,61
45656237,15,125
45656238,76,61
45656403,33,125
45656585,1201,11
45656710,44,99
45656775,2650,62
45656786,141,99
45657432,834,58
45657470,795,58
45658086,13,13
45658274,6533,38
45658432,2932,47
45658463,290,11
45658852,5759,13
45659967,5599,58
45659982,2055,58
45661258,4914,61
45661354,2848,47
45662085,860,58
45664212,2851,47
45664558,817,36
45665444,13,36
45665741,12,36
45665834,587,58
45666637,17,36
45666929,20,36
45667274,16,36
45667429,1375,58
45667447,838,36
45668359,3179,36
45669467,446,201
45669941,1762,201
45672447,22168,38
45672450,149,5
45672571,367,5
45673195,13566,5
45674368,1953,201
45676501,61,13
45677608,15216,22
45677786,1317,62
45677796,2124,22
45678999,25356,5
45679367,4230,5
45679851,6538,62
45681434,5085,47
45686546,2864,47
45687019,2748,62
45689402,2843,47
45692260,2818,47
45695115,2810,47
45697974,2863,47
45700831,2788,47
45703625,2836,47
45706481,2791,47
45707331,61,43
45709265,39,43
45709272,32,43
45709275,2996,47
45709306,43,43
45709351,228,43
45709581,172,43
45709755,301,43
45711712,573,5
45711915,13258,5
45712252,3107,47
45712275,17440,5
45712610,5122,62
45713907,5247,22
45713919,60,22
45714116,572,61
45714183,60,61
45715018,2028,61
45715354,3799,47
45717686,1768,201
45718054,105,61
45718191,915,61
45719117,2928,47
45719140,4861,22
45719690,457,61
45719867,4849,62
45720510,12,38
45720523,11,38
45720534,63,38
45720860,11059,38
45721979,555,5
45722095,2852,47
45723939,5301,22
45724954,2789,47
45725392,4648,36
45727749,2828,47
45728570,3108,62
45728614,9225,5
45728633,35,5
45729235,9109,22
45730605,3025,47
45730857,222,96
45731133,189,96
45731921,344,38
45732266,73,38
45732318,2614,62
45733647,3102,47
45734938,462,96
45735353,3525,62
45735695,1861,96
45736745,2873,47
45738061,19,96
45738138,1937,96
45738317,3548,22
45738358,13161,5
45738508,5803,5
45739192,726,62
45739612,5009,47
45739921,25,36
45739931,688,62
45740289,8262,125
45740779,901,62
45741096,1933,96
45741869,3496,62
45743319,3834,96
45743413,80,125
45744371,108,125
45744783,2311,47
45744819,21,47
45745261,19,47
45746193,17,47
45746280,844,47
45746351,1277,62
45747097,2188,47
45747496,70,125
45748481,1183,62
45748800,4858,22
45749019,3610,201
45749288,2191,47
45751481,2166,47
45752418,11,38
45752804,25917,5
45753098,3940,5
45754007,4069,47
45757849,1071,201
45758514,4823,22
45759308,452,47
45759645,1793,47
45760387,751,47
45761206,52,47
45761442,488,47
45761838,675,96
45762395,35,47
45762457,3996,47
45762606,1859,96
45763339,4925,22
45764734,110,47
45764940,157,47
45765085,239,47
45765336,2851,47
45766460,3890,47
45768238,2706,47
45768248,4734,22
45770403,4002,47
45770972,2799,47
45772357,926,96
45772995,4762,22
45773078,59,22
45773768,2861,47
45774407,3976,47
45774619,1842,96
45776681,2859,47
45778410,3906,47
45779536,2813,47
45782352,3898,47
45782390,2822,47
45785245,2827,47
45786297,3941,47
45788099,2821,47
45790240,3960,47
45790953,2861,47
45793730,68,43
45793807,2985,47
45794160,13435,5
45794242,4107,47
45794460,494,5
45794536,18713,5
45795687,168,43
45795859,58,43
45795920,123,43
45796846,2949,47
45797823,10766,36
45798365,27,47
45798407,3080,47
45798440,22745,36
45799822,2880,47
45799966,669,5
45801517,3052,47
45802738,343,47
45803115,2908,47
45804552,3549,47
45806030,2898,47
45806926,8101,22
45808132,5327,47
45808946,2878,47
45811862,2879,47
45812322,13216,5
45813463,7397,47
45814784,2913,47
45814964,12280,22
45815028,60,22
45815314,13503,5
45817700,2885,47
45819161,149,61
45819344,449,61
45820436,267,61
45820613,3368,47
45820703,412,61
45820852,4518,47
45821750,450,61
45823138,348,61
45823880,5497,58
45823943,697,61
45824015,3670,47
45824848,195,61
45825214,206,61
45825386,13180,47
45825622,521,61
45826659,2717,61
45827182,5462,22
45827715,2900,47
45829725,532,61
45830631,2878,47
45830808,1485,61
45832352,1796,61
45832587,4911,22
45833547,3044,47
45834145,454,61
45835485,360,61
45835765,165,61
45835785,110,61
45835786,60,61
45835889,25,61
45836224,25,61
45836321,205,61
45836500,25,61
45836583,2821,47
45837435,670,22
45838576,13157,47
45838832,81,22
45839257,4667,22
45839435,2849,47
45842288,2883,47
45843921,4719,22
45843936,44,22
45844583,425,5
45844879,7152,5
45844987,15958,5
45845204,2972,47
45848184,2966,47
45848609,4725,22
45848664,25,22
45850655,1396,202
45851163,1967,47
45851767,13103,47
45852536,3909,202
45853144,3491,47
45853340,4801,22
45853593,772,62
45854840,1670,62
45855312,12965,47
45856511,2361,62
45856655,2891,47
45858111,4786,22
45858185,61,22
45859570,4544,47
45860794,11155,125
45862897,4780,22
45864120,5641,47
45867733,4758,22
45869765,3983,47
45872424,4830,22
45873788,3020,47
45876824,3019,47
45877267,4725,22
45877837,3929,47
45879859,2876,47
45880131,47,43
45881778,2719,47
45882078,37,43
45882117,46,43
45882165,188,43
45882355,203,43
45882560,316,43
45882751,2872,47
45883512,43,54
45883555,16331,54
45884526,2928,47
45884651,190,36
45885669,2990,47
45886815,545,36
45887501,12494,47
45887673,1834,5
45887687,91,203
45887806,10,21
45887986,93,203
45887997,1213,173
45888009,30,173
45888009,11911,5
45888038,12060,178
45888114,9,21
45888372,38,21
45888531,77,203
45888710,11314,47
45889147,10846,30
45889252,10669,11
45890522,229,203
45890620,7,173
45891140,62,21
45891143,3842,58
45892693,104,125
45897882,5446,47
45898328,3996,47
45898464,1984,62
45900026,26082,48
45900181,3688,178
45900798,8468,22
45900986,43,62
45901777,191,1
45901967,13023,5
45902077,3991,5
45902109,1774,30
45903049,7865,202
45903069,60,1
45903680,8,173
45903868,3691,178
45905146,275,30
45905451,5060,47
45905524,385,30
45905752,10437,54
45905900,2792,11
45905952,485,30
45906201,3597,62
45906314,7456,5
45906477,29,36
45906938,1895,30
45907167,153,203
45907172,1759,173
45907556,5279,178
45908644,101,203
45908763,1019,47
45908914,61,30
45908953,428,22
45909123,5386,22
45909151,1553,30
45909157,108,203
45909258,7884,22
45909781,20101,47
45910162,2854,62
45910545,5450,47
45911686,879,132
45912167,213,30
45912596,144,132
45912784,270,132
45912888,5403,125
45912922,7900,58
45912941,7711,178
45913180,1564,132
45913218,5589,62
45914525,575,30
45915041,652,5
45915549,770,132
45915702,11805,36
45915761,19311,5
45915912,26001,5
45916004,7808,47
45916204,51,173
45916449,233,1
45917111,11326,22
45917183,1332,132
45920651,3694,178
45923699,834,132
45923820,6716,47
45924343,3686,178
45928026,4583,178
45928364,4894,22
45931950,7,173
45932056,7,173
45932129,8,173
45932629,3685,178
45936319,12183,178
45936525,12767,47
45937027,8384,47
45939735,4786,22
45939810,59,22
45942051,18827,125
45944581,4705,22
45944596,60,22
45945450,8740,47
45948502,10995,178
45949287,4738,22
45953969,4650,22
45954043,60,22
45954232,7525,47
45958680,4852,22
45959497,7639,178
45961748,5360,47
45963474,4693,22
45966530,48,43
45967135,6266,178
45967145,5065,47
45968426,48,22
45968476,49,43
45968527,52,43
45968581,167,43
45968751,235,43
45968988,423,43
45970689,3130,62
45971317,248,1
45971490,1173,132
45971656,2037,173
45972249,3908,47
45972482,521,47
45973063,1696,22
45973262,8307,22
45973398,3683,178
45973536,10522,5
45973700,1116,5
45974562,101,1
45974844,19832,5
45976195,4034,47
45977080,3694,178
45977458,398,132
45977877,1611,173
45978385,659,58
45979058,15618,58
45979201,15468,62
45980045,59,22
45980269,14440,47
45980470,7,173
45980551,5,173
45980708,2128,173
45980741,961,22
45980773,3934,178
45980875,70,21
45980964,6,21
45981187,13,21
45981533,10,21
45981597,13089,22
45981637,54,22
45981860,7,21
45982514,7,21
45982794,7,21
45982801,532,70
45983195,18,21
45983250,66,195
45983381,797,22
45983781,9,195
45983821,11,21
45983911,311,195
45984233,69,195
45984459,1642,173
45984684,1541,178
45984900,229,173
45985033,419,195
45985153,143,173
45985307,9390,173
45986578,3759,178
45986929,735,58
45987203,8,21
45987227,6,173
45987571,9,203
45990917,3718,125
45994610,14471,95
45995086,165,22
45995179,2354,48
45995313,9233,58
45995428,187,203
45995576,8,21
45995622,13271,62
45995999,8,21
45996002,173,22
45996165,9,21
45996298,9,21
45996413,124,22
45996597,7,21
45996742,8,21
45996975,8,21
45997093,8,21
45997258,9,21
45997388,7,21
45997432,26149,48
45997564,127,22
45997698,9,21
45997748,12749,5
45997830,12,21
45997949,8,21
45997952,12706,5
45998181,9,21
45998546,9,21
45998577,243,22
45998628,3690,178
45998927,121,22
45999362,7,21
45999571,6,21
45999936,7,21
45999959,4671,22
46000169,352,22
46000393,1431,125
46000523,27,54
46000875,66,54
46001237,25,54
46001291,10,21
46001301,40,22
46001448,10652,54
46001928,232,125
46002381,7,21
46002853,6,21
46003219,6,21
46003299,254,195
46003606,6,21
46003808,6,21
46004022,7,21
46004076,11,70
46004114,6,21
46004269,6,21
46004418,6,21
46004431,535,195
46004515,8,21
46004569,5260,22
46004658,6,21
46004773,7,21
46004785,7873,58
46005076,9,21
46005314,6,21
46005481,5,21
46005614,6,21
46005747,5,21
46006106,6,21
46006570,6,21
46006976,529,5
46007028,592,58
46007105,29,21
46008505,42,195
46008744,65,195
46009759,4693,22
46012329,5775,125
46013801,5949,47
46014391,5030,22
46015182,12,54
46015271,40,54
46016899,6571,54
46018578,438,96
46018906,25520,5
46019113,596,96
46019116,489,22
46019159,60,22
46019636,8372,5
46020737,2789,96
46021685,125,96
46023666,440,96
46024310,11759,96
46052930,52,43
46054887,43,43
46054932,36,43
46054970,166,43
46055138,232,43
46055372,200,43
46057658,8478,95
46057850,5796,95
46058028,40,30
46058164,556,5
46058303,1577,173
46058365,116,203
46059490,70,203
46059675,20486,5
46059787,5181,22
46060542,883,22
46061325,5297,48
46061617,298,36
46061814,10,203
46061910,14,203
46062352,139,195
46062412,11412,36
46062997,542,203
46063161,3136,58
46063409,1486,22
46064492,6765,95
46064962,5097,22
46064965,510,203
46065542,73,203
46065561,7,21
46066092,704,203
46066147,32,173
46066813,9,21
46066978,6,21
46067053,1035,6
46067156,8,21
46067268,817,6
46067824,1526,11
46067843,8524,95
46068052,6,173
46068176,7882,173
46069178,437,58
46070005,4978,22
46070798,377,47
46071183,2774,47
46071192,201,1
46071951,9,173
46072047,6,173
46072210,8,173
46072310,6,173
46073156,10965,62
46073431,12892,95
46073647,1410,70
46073985,2996,47
46074112,13614,5
46074270,3443,5
46074973,5045,22
46075235,4811,70
46076605,3,203
46076855,72,203
46076866,63,203
46076970,2969,47
46076986,8,173
46077952,3642,36
46078041,7,21
46079460,8,21
46079824,10,21
46079950,2283,47
46080017,4833,22
46080048,8520,70
46080890,50,22
46081116,7,21
46081506,7,21
46081652,5,195
46081948,5,195
46082034,1204,22
46082090,4,195
46082193,5,195
46082274,2772,47
46082310,7566,5
46082395,5191,95
46082461,9879,36
46082554,7,21
46083308,323,1
46083443,7,21
46083717,7,21
46083829,8,195
46083999,746,1
46084256,8,21
46084531,58,203
46084628,8,195
46084766,664,1
46084772,340,203
46084822,5146,22
46085078,3140,47
46085154,3357,11
46085322,95,203
46086116,8,21
46086581,6,21
46086660,37,191
46086761,7,21
46086809,130,191
46087058,6,21
46087136,8112,95
46087840,51,191
46087996,146,191
46088246,2890,47
46088712,38,191
46088723,661,22
46088830,132,191
46089031,20,195
46089186,484,131
46089752,20,131
46089906,4766,22
46090060,4976,70
46090293,4840,22
46090594,4136,5
46090679,701,131
46091167,3056,47
46091972,6,21
46092129,6,21
46092714,44,195
46094211,2954,47
46094608,4779,22
46096543,638,48
46097203,2896,47
46097438,985,48
46098650,7237,48
46098656,9370,70
46099369,8117,22
46099401,59,22
46100126,2869,47
46103044,2955,47
46104015,22878,5
46104169,4772,22
46104242,48,22
46104329,3839,5
46106023,2937,47
46108031,4966,70
46108992,4811,22
46109004,2463,47
46111503,10039,47
46111514,652,47
46112178,4011,47
46113001,9220,70
46113100,22699,48
46113751,4854,22
46113829,60,22
46116180,4258,47
46118610,4790,22
46119532,11316,36
46120429,4189,47
46121495,10051,47
46122222,8804,70
46123401,4989,22
46124677,4124,47
46128390,4838,22
46128464,61,22
46128805,4067,47
46131027,14928,70
46131594,4198,47
46132868,2913,47
46133230,4799,22
46139330,67,43
46140536,25731,110
46154145,17311,5
46154216,4267,131
46155134,3933,62
46158220,151,15
46158874,47,43
46158889,429,30
46158926,50,43
46158936,47,99
46158941,22,195
46158962,21,99
46158979,620,43
46159027,19,99
46159074,44,99
46159077,75,204
46159297,38,204
46159307,719,5
46159601,148,43
46159640,10,195
46159753,166,43
46159787,19474,5
46160391,851,36
46160426,6,195
46160716,6,195
46161473,5,195
46161631,700,47
46161899,5,195
46162345,2960,47
46162458,1566,6
46162595,12,195
46162988,11,195
46163208,31,204
46163538,195,36
46163702,55,204
46163868,159,6
46164164,39,195
46164226,554,195
46164334,56,99
46164448,144,99
46164452,202,6
46164660,76,99
46164807,7,195
46164923,2491,99
46165054,7,195
46165290,6,195
46165337,3408,47
46165575,5,195
46165861,8,195
46165991,6,195
46166062,2738,62
46166111,6,195
46166228,6,195
46166364,5,195
46166518,6,195
46166611,7,195
46166918,7519,22
46167503,850,30
46167859,5,195
46168421,5,195
46168434,5,195
46168762,3164,47
46169744,267,22
46170111,31,21
46170370,7,21
46170563,159,22
46170910,5454,62
46170962,4134,22
46171532,1133,47
46171897,3556,47
46172161,196,36
46172593,133,99
46173289,123,99
46173507,1847,99
46173691,10846,70
46173734,10981,38
46173955,8249,125
46173970,147,15
46174016,9555,15
46174101,1840,131
46174147,125,195
46174425,12720,22
46174552,34308,48
46174966,1278,11
46175527,3543,47
46175579,6,195
46176290,173,99
46176474,370,99
46176533,748,11
46176546,947,99
46176744,13,21
46177228,1493,58
46177239,11,195
46177256,12,21
46177504,153,195
46177512,490,125
46177653,12,21
46178216,451,125
46178292,7,195
46178487,8,21
46178491,269,47
46178660,14,21
46178745,158,58
46178804,2858,47
46178828,2815,5
46179062,3589,47
46179336,11,21
46180063,4194,125
46182262,2205,47
46182659,4295,47
46182856,1074,62
46182911,1971,58
46183580,11505,5
46184694,7802,70
46185249,8489,95
46185421,492,58
46185835,19817,125
46186786,16679,125
46186875,24,36
46186926,7719,47
46187096,4985,22
46187690,22,36
46187756,22,36
46187799,24,1
46187936,7921,36
46189026,27270,5
46193471,2632,62
46194685,7757,47
46202449,5644,47
46203657,4770,22
46203733,60,22
46205932,10973,36
46206104,7703,125
46206435,13684,125
46208095,6994,47
46208432,4839,22
46212119,11214,38
46213272,5142,22
46213345,61,22
46215072,5126,47
46218416,4856,22
46218489,60,22
46220233,2858,47
46223095,2777,47
46223292,4778,22
46225730,55,43
46225953,3561,47
46226326,1144,61
46227658,50,43
46227710,45,43
46227758,165,43
46227925,250,43
46228177,313,43
46228376,592,36
46229217,2251,62
46229435,147,195
46229536,2930,47
46229907,169,195
46230085,13694,5
46230142,193,195
46230436,5,195
46230613,5,195
46231788,5,195
46231893,97,195
46232184,66,195
46232316,496,5
46232387,220,195
46232457,2827,47
46232569,8494,22
46233093,18453,5
46233104,61,5
46233400,6,195
46233702,5,195
46233999,6,195
46234167,6,195
46234317,112,36
46234385,5,195
46234443,271,36
46234466,6,195
46234492,1635,11
46234582,4,195
46235002,7873,36
46235272,2920,47
46236405,909,62
46237181,2473,99
46237241,2418,99
46237721,15,62
46238173,9,62
46238206,3118,47
46238361,1567,36
46238397,12,62
46238547,8,62
46238669,9,62
46238885,13,62
46239009,8,62
46239042,1323,62
46239125,21,62
46239161,1259,58
46239552,8,62
46239860,9,62
46240038,8,62
46240209,36,62
46240419,40,62
46240727,244,99
46240915,7,195
46241032,7761,22
46241064,60,22
46241153,5780,70
46241331,3009,47
46241998,1681,58
46242115,47,62
46242306,33,62
46242555,210,99
46242771,23,62
46243669,10,62
46243971,38,62
46244208,8506,95
46244243,5570,95
46244342,2992,47
46244899,9,62
46245287,9,62
46245476,4196,58
46245712,5273,36
46245799,10,62
46246071,16,62
46246837,10,21
46247080,25,21
46247235,10,21
46247247,14,62
46247351,2911,47
46247399,12,62
46247550,14,62
46247577,47,47
46247624,16,21
46247677,2773,47
46247850,17,62
46248376,2111,5
46248732,6800,22
46248933,193,99
46249379,5696,36
46249488,327,99
46250287,3022,47
46250303,329,99
46250406,10291,70
46250425,9634,70
46250612,3060,47
46250795,15,62
46250979,13,62
46250989,226,99
46251117,12,62
46251239,94,99
46251249,846,5
46251296,20,62
46251498,11,62
46251576,1224,99
46251582,1736,58
46251631,12,62
46251649,1151,99
46251798,14,62
46251908,17,62
46252044,16,62
46252276,11,62
46252285,911,5
46252418,20,62
46252757,17,62
46252889,23,62
46253017,32,62
46253106,40,62
46253169,45,62
46253331,3111,47
46253396,35,62
46253487,75,62
46253725,2774,47
46253808,91,62
46253811,3642,95
46254864,5,62
46255162,14175,5
46255174,61,5
46255266,793,62
46255524,11921,22
46256066,10,21
46256195,7007,125
46256336,1827,15
46256432,276,47
46256528,3287,47
46256670,25894,5
46256701,607,47
46256718,1930,36
46257185,2414,22
46257441,81,38
46257595,13,21
46257606,1542,38
46257638,31,38
46257743,815,99
46257817,741,99
46257830,6626,5
46257980,17,21
46258038,1315,131
46258354,110,21
46258873,3342,21
46259022,7173,95
46259033,53,95
46259085,8503,95
46259211,5955,47
46259624,2644,22
46259812,4597,47
46260384,143,99
46260409,10986,38
46261019,4145,99
46261120,2233,99
46261514,884,21
46262325,2140,21
46262513,435,195
46263077,276,21
46263410,505,21
46264426,2807,47
46264499,239,21
46264878,1506,21
46265173,5881,47
46265716,14427,70
46267231,2793,47
46270025,2859,47
46270846,58,22
46271055,6025,47
46275548,971,22
46275624,59,22
46277115,4930,47
46277733,13291,22
46277973,5031,22
46278579,6685,38
46282085,3602,47
46285280,8144,70
46285728,3581,47
46289315,3732,47
46290961,13029,22
46291036,62,22
46293041,3597,47
46293474,8231,70
46296627,3633,47
46300279,3809,47
46301707,8196,70
46303993,13310,22
46304116,3656,47
46307761,3570,47
46309905,8277,70
46311349,3941,47
46312130,60,43
46314062,49,43
46314113,45,43
46314160,164,43
46314326,239,43
46314567,311,43
46315296,3828,47
46318185,5008,70
46318938,518,5
46318956,9157,22
46319139,3707,47
46319400,12231,5
46319564,9463,5
46319716,13245,5
46322840,3857,47
46323195,8864,70
46326725,3942,47
46328048,5718,22
46330669,3634,47
46332061,8812,70
46333700,4759,22
46334325,3794,47
46338148,3887,47
46338395,5070,22
46340875,8476,70
46341469,12,173
46341603,1581,173
46342030,3789,47
46343408,4881,22
46343562,7,173
46343736,1287,173
46345850,3892,47
46347138,2904,58
46348225,4798,22
46349353,14050,70
46349733,3907,47
46350563,272,58
46351369,7521,38
46351421,1130,58
46352564,1432,58
46352959,4834,22
46353685,4157,47
46357145,608,61
46357775,5047,22
46357835,4912,47
46357888,2355,22
46358890,7483,38
46361489,18972,154
46362750,3836,47
46363406,8334,70
46366577,3825,47
46370408,3663,47
46371039,13390,22
46371117,59,22
46371742,5434,70
46374059,3884,47
46376511,61,70
46377946,3803,47
46381776,3614,47
46384434,13023,22
46385422,3845,47
46389307,3731,47
46393074,3691,47
46396780,3884,47
46397458,9729,22
46398531,50,43
46400457,49,43
46400509,45,43
46400556,166,43
46400670,3843,47
46400724,243,43
46400969,296,43
46402047,623,21
46404553,3788,47
46405056,1358,173
46405376,4797,22
46405798,9,173
46406473,7,173
46407566,1515,173
46408005,136,173
46408577,838,173
46409453,1600,173
46409512,134,21
46409646,7,173
46409970,808,173
46409980,32,173
46410110,24,21
46410151,5418,22
46410173,18,21
46410174,80,22
46410275,381,21
46410292,593,1
46411875,3,173
46411897,5,173
46411993,5,173
46412206,840,173
46412217,30,173
46412247,1484,173
46412332,6,22
46412458,5,22
46412508,5,22
46412541,7403,22
46414097,1489,173
46414109,61,173
46414177,744,173
46415507,5325,22
46416874,162,173
46416885,67,173
46416889,1279,173
46416962,60,173
46417493,11,173
46417549,5396,70
46417564,6,173
46417646,13,173
46417687,10708,70
46417726,5,173
46418334,1429,173
46418360,95,38
46418440,5,173
46418474,5,173
46418945,10344,38
46419526,651,61
46420827,4803,22
46422575,10247,70
46425596,4847,22
46425820,9,173
46429228,3,38
46430379,4918,22
46433199,57,62
46433437,73,62
46433520,46,62
46433574,54,62
46433639,108,62
46433786,45,62
46433852,97,62
46435234,4819,22
46437166,60,70
46437227,9350,70
46439990,4834,22
46441065,123,61
46441147,10,36
46441561,780,36
46442719,1309,62
46444247,4785,47
46444797,39,22
46445389,89,62
46445402,122,36
46445716,361,62
46446095,435,62
46446234,5268,22
46446562,561,62
46447137,1049,62
46448377,47,36
46448739,119,36
46449049,3756,47
46450206,2098,36
46452417,36,36
46452610,144,36
46452821,2706,47
46452916,23068,36
46453783,10643,70
46454348,232,13
46454719,178,13
46454941,172,13
46455199,184,13
46455496,166,13
46455565,2714,47
46455701,192,13
46455935,170,13
46458303,2790,47
46461102,2721,47
46463871,2738,47
46464427,8385,70
46466610,2707,47
46469355,2718,47
46472093,2797,47
46472814,8486,70
46474893,2785,47
46477697,2771,47
46479534,10767,36
46480499,2740,47
46481302,8413,70
46483240,2799,47
46484931,48,43
46486038,2930,47
46486903,38,43
46486950,48,43
46487000,165,43
46487167,173,43
46487342,333,43
46488960,10,47
46489717,8653,70
46489881,1323,15
46490267,8305,36
46492004,6607,95
46492019,10,173
46492029,8510,95
46492350,1014,173
46492604,34401,22
46493399,14,173
46493795,813,173
46494590,2323,11
46494755,2892,173
46495101,759,1
46495662,5727,22
46495861,2432,1
46495871,34,1
46496464,56,173
46497065,1985,11
46498360,4772,70
46498883,3081,62
46499418,1214,173
46499544,189,1
46499734,8192,36
46499758,289,1
46500565,956,1
46500826,93,99
46501040,413,99
46501332,5841,22
46501621,1854,13
46501714,536,99
46502280,470,99
46503023,543,99
46503380,8581,70
46503627,705,99
46503811,414,13
46504547,923,1
46504649,67,99
46504658,33,99
46504718,934,99
46507213,1783,13
46507222,13,1
46507225,9408,22
46507567,92,1
46507660,143,1
46508047,880,1
46508197,12,5
46509000,41073,15
46509925,5497,5
46509967,786,5
46510584,336,146
46510699,8522,95
46511366,6396,146
46511540,18999,5
46512963,2666,11
46513853,839,206
46513948,2674,13
46514323,908,1
46514354,4173,47
46514541,1017,47
46515220,1426,58
46515638,1031,47
46515723,2887,11
46515851,2610,206
46516640,14375,22
46516670,23,22
46516692,2960,47
46516786,5826,70
46517757,5371,146
46518602,766,47
46518788,8466,36
46519173,1847,58
46519214,1182,5
46519406,4733,47
46519676,3365,47
46519932,1380,5
46521080,1795,58
46521479,12844,22
46522531,1371,13
46522918,5613,70
46523067,2909,47
46523128,5671,146
46524146,3678,47
46524777,1458,13
46524970,1505,11
46526000,2937,47
46526488,3373,11
46527859,2956,47
46528790,3174,146
46528937,2998,47
46530846,5574,47
46530960,945,22
46531821,8349,36
46531922,7230,47
46531970,975,146
46533598,32790,80
46536425,8074,47
46537000,8213,70
46539190,8090,47
46544481,8370,47
46544753,12978,22
46544826,61,22
46547263,8394,47
46552870,8036,47
46553564,5176,70
46555668,8103,47
46557732,12981,22
46558743,7812,70
46560943,7134,47
46563804,6197,47
46568107,5275,47
46570050,4468,47
46570715,5795,22
46571330,944,43
46574508,3010,47
46574884,121,15
46575136,5769,70
46575157,11438,70
46575221,17368,70
46576082,8107,5
46576204,8500,95
46576590,11125,173
46577193,13549,22
46577498,2962,47
46579660,1262,43
46580484,3055,47
46581374,2152,11
46582278,526,5
46583532,2960,47
46583562,994,11
46584836,3315,5
46585770,36845,15
46586011,457,13
46586517,2961,47
46586636,1636,58
46586840,349,13
46588850,1346,5
46588902,3551,5
46589505,2974,47
46589674,3370,58
46589746,59,58
46590656,967,62
46590735,4452,22
46592076,424,13
46592397,161,15
46592489,2856,47
46592621,9377,70
46594230,479,62
46595347,2843,47
46596097,157,13
46596129,886,22
46597188,369,22
46597208,8,96
46597558,62,96
46597861,26,22
46598206,2912,47
46598499,114,22
46598651,5006,22
46598789,146,96
46598809,6096,11
46599004,198,96
46599276,786,22
46599414,125,96
46599566,221,96
46600073,14,96
46600357,15,96
46600628,1643,206
46601127,2983,47
46601233,88,96
46601660,8333,36
46602307,410,96
46602500,2098,206
46603417,562,96
46603596,610,22
46604111,2981,47
46604365,428,80
46604372,6431,22
46604998,538,80
46605150,16,96
46605215,74,96
46605423,225,96
46605771,241,96
46606126,190,96
46606892,31,96
46607112,2922,47
46607239,842,146
46607778,29,96
46608046,213,1
46608079,1262,146
46608286,3688,80
46608378,826,11
46608512,368,96
46609099,1433,70
46609248,771,11
46609338,1482,146
46609576,305,96
46609902,332,96
46610040,2940,47
46610283,15,96
46610393,9358,95
46610571,278,96
46610696,6673,22
46610820,807,146
46611301,28,96
46611528,280,96
46611608,712,146
46611766,5605,70
46612335,661,146
46612400,1050,96
46612994,797,146
46613019,2982,47
46613140,11,96
46613285,227,96
46613482,279,96
46613787,936,146
46614723,794,146
46615514,1123,146
46615993,2876,47
46616622,15662,125
46616635,856,146
46617310,5786,22
46617373,5368,70
46618177,9538,125
46618910,10045,47
46619395,28322,80
46619980,8269,36
46622743,5363,70
46622858,127,13
46623237,12,195
46628834,1844,96
46628963,6687,47
46629231,260,96
46631221,521,96
46631766,406,96
46632186,22087,96
46634732,7,195
46634990,6,195
46635014,754,195
46635645,5600,47
46635957,10,195
46636377,13154,70
46636635,35,195
46641281,5045,47
46646373,3535,47
46649534,9276,70
46649956,2856,47
46652823,2841,47
46655678,2817,47
46657731,67,43
46658532,3040,47
46658813,2293,70
46659046,1251,36
46659650,386,1
46659688,53,43
46659743,45,43
46659790,254,43
46659950,1750,36
46660047,302,43
46660457,917,146
46660615,339,43
46661108,5353,70
46661371,675,146
46661447,22079,110
46661570,2869,47
46661700,259,1
46661983,34184,15
46662046,700,146
46662057,1366,36
46662744,711,146
46663012,302,1
46663313,4455,96
46663446,15,36
46663451,1235,146
46664122,232,1
46664440,2874,47
46664683,984,146
46665118,276,1
46665312,5573,22
46665669,711,146
46665768,271,1
46666378,703,146
46666463,5289,70
46666695,160,1
46667080,704,146
46667317,164,1
46667357,2846,47
46667783,820,146
46667788,151,1
46668249,282,13
46668302,1597,96
46668602,678,146
46669219,50,1
46669278,1436,146
46669931,1086,1
46670203,95,62
46670216,2894,47
46670383,79,62
46670466,505,1
46670469,83,62
46670548,2281,96
46670792,225,96
46670822,3809,22
46671272,239,96
46671387,197,1
46671770,7993,70
46672855,162,96
46673310,38,96
46673504,91,96
46673890,14,47
46673939,160,13
46674073,30,96
46674486,996,47
46674490,2160,1
46674543,29,96
46674611,4105,22
46674757,9373,95
46674764,71,13
46674915,27,96
46675041,9679,36
46675277,2434,96
46675496,875,47
46676402,72,13
46676839,77,13
46677110,67,13
46677184,1231,47
46677428,393,13
46677753,23,96
46677853,4929,96
46678101,428,1
46678707,623,22
46678715,426,1
46679072,15384,154
46679597,354,1
46679662,5456,22
46679765,12132,70
46679858,5,47
46679884,827,47
46680186,456,1
46680428,839,99
46680914,354,1
46681355,395,1
46681963,1099,96
46682352,316,1
46682604,2324,22
46682773,6783,125
46682844,4324,1
46682969,67,99
46683189,1474,99
46683273,796,96
46683628,5258,125
46684353,942,96
46685056,5529,22
46685828,2678,96
46686201,2485,134
46687187,1011,47
46687190,1758,99
46687859,190,1
46688050,2064,5
46688241,9317,95
46688311,106,1
46688612,220,1
46688754,4625,47
46688766,4645,47
46689132,321,1
46689329,960,96
46689861,421,1
46690485,331,96
46690518,361,1
46690547,5531,22
46690601,6415,125
46691003,146,96
46691284,8351,36
46691321,217,1
46691393,5365,125
46691594,888,96
46691827,346,96
46692016,6224,1
46692108,4265,5
46692196,550,96
46692653,1714,96
46693373,4333,47
46693444,3301,47
46693552,790,99
46694022,98,10
46694157,114,96
46694195,264,188
46694388,1055,99
46694471,2540,96
46694552,669,96
46695269,117,188
46695323,153,48
46695703,427,188
46696016,4952,22
46696340,221,188
46696786,61,47
46697109,505,47
46697608,496,47
46697649,4984,125
46697745,4791,47
46698104,128,47
46698335,2253,47
46700140,8242,36
46700329,16579,36
46700602,14217,47
46700899,4985,22
46701025,59,70
46701671,536,96
46702538,1761,47
46704527,18,47
46704622,4222,47
46704822,1350,96
46705213,11367,125
46705824,55,22
46708876,4935,47
46709862,50,13
46710027,125,62
46710823,7,70
46711068,29,62
46711085,6,70
46711215,66,62
46711401,7,70
46711453,129,62
46711591,130,62
46711972,8,70
46712074,1818,70
46713856,3803,47
46715304,3198,22
46716426,1742,70
46717680,4414,47
46718397,5351,70
46718495,328,70
46718499,18,96
46718590,13174,70
46718655,2243,96
46721298,1332,96
46722107,4957,47
46722702,1370,96
46723847,5695,70
46724127,3823,96
46727083,4972,47
46729544,8606,70
46732055,2518,47
46734607,2561,47
46737221,2507,47
46739777,820,47
46744130,9,43
46747890,4646,47
46747903,4353,47
46752777,1943,96
46753036,169,1
46753546,62,1
46753609,99,1
46754671,9,1
46754765,5,1
46754916,6,1
46755328,765,96
46755405,20,95
46755434,358,95
46755441,7,1
46755755,6,1
46755868,9371,22
46755930,2216,95
46756073,9,1
46756615,3676,95
46756636,564,154
46756711,158,48
46756986,324,99
46757099,4279,178
46757183,4552,47
46757464,4669,47
46757564,108,62
46757685,95,62
46757908,1362,62
46757914,152,62
46758093,10,195
46758099,79,62
46758275,43,76
46758315,11,195
46758996,53,62
46759019,1555,99
46759055,541,76
46759068,82,62
46759601,12054,95
46759922,159,48
46760447,19,62
46760488,661,62
46760562,18288,48
46761227,6618,62
46761746,2573,47
46761864,494,99
46761921,4315,36
46762084,11,13
46762125,199,13
46762150,3970,47
46762550,19,96
46762707,6,1
46762826,5069,95
46762858,8,1
46762938,19,96
46763043,7094,178
46763100,1086,99
46763168,8,1
46763668,21,96
46763688,6,1
46764237,157,96
46764304,3255,47
46764603,1936,96
46764751,8,1
46765166,42,96
46765194,14,1
46765240,3781,96
46765510,9,1
46765685,8,1
46765760,1117,99
46766036,7,80
46766115,4480,47
46766567,10655,70
46766572,14,1
46766637,9,1
46766699,9,1
46766818,42,1
46766898,201,99
46767100,334,99
46767314,12864,22
46767577,422,99
46767590,2521,47
46767660,58,1
46767747,383,1
46768011,1149,1
46768042,280,99
46768051,1252,5
46768150,4781,62
46768227,106,13
46768338,154,99
46768711,2474,1
46768750,12530,95
46769099,74,96
46769127,7,80
46769149,90,96
46769199,31,96
46769269,158,96
46769347,8886,96
46769441,142,13
46769521,933,1
46769955,133,13
46770149,4025,47
46770262,734,13
46770421,206,99
46770435,33,96
46770623,6344,178
46770729,2796,47
46770958,105,99
46771133,34,96
46771561,162,99
46771564,288,96
46771624,441,99
46771933,90,76
46772202,286,96
46772965,204,99
46773537,4498,47
46773549,54,99
46773553,4598,62
46773585,13032,22
46773826,46,99
46773870,285,96
46774026,4,99
46774170,4725,47
46774259,1939,96
46774586,2803,1
46774618,645,13
46774800,552,1
46774830,216,99
46774934,8,80
46775359,5643,80
46775413,21,70
46775413,335,99
46775422,8075,134
46775455,119,1
46775572,518,1
46775795,1487,99
46775882,1398,99
46776169,5201,95
46777175,6503,178
46778035,4618,47
46778153,376,99
46778231,294,99
46778471,468,1
46778541,308,99
46778905,3744,47
46779022,669,1
46779049,436,1
46779052,1216,99
46779076,66,76
46779128,1136,99
46779683,1950,96
46779776,439,1
46780078,7,80
46780117,6504,22
46780180,605,13
46780735,319,99
46781345,1928,80
46781540,289,99
46781699,3741,62
46781738,442,13
46782574,70,80
46783351,36542,80
46783614,1939,96
46783818,6,76
46783920,1217,76
46785164,8,70
46785492,428,76
46785506,46,70
46785697,14799,70
46785858,4278,62
46786068,105,96
46786557,5173,22
46786803,101,96
46787122,121,76
46787799,169,96
46790619,11937,36
46791667,43,22
46791742,61,22
46795827,3396,62
46795877,9090,62
46802072,1194,70
46803752,4772,70
46803819,1723,96
46804701,13119,22
46808526,4823,70
46813351,4861,70
46818215,4932,70
46819544,12783,22
46819620,60,22
46823149,11043,70
46830531,11,43
46833050,6350,1
46833506,130,1
46834090,3224,95
46834095,5607,95
46834194,8807,70
46836520,86,36
46836840,70,36
46837018,1483,36
46838348,6477,22
46838876,669,95
46839089,203,36
46839325,87,36
46839492,2775,36
46839620,631,95
46840274,8024,95
46840513,6731,1
46841109,100,1
46841478,5605,95
46841675,327,61
46841767,118,1
46842307,131,36
46842420,159,1
46842547,992,36
46843003,4793,70
46843384,169,1
46843391,4882,96
46843540,8043,36
46844795,8762,22
46844826,62,22
46846785,381,96
46847156,9258,15
46847203,63,1
46847323,149,96
46847336,1915,5
46847486,9,80
46847534,428,96
46847682,644,13
46847798,8830,70
46847843,3867,95
46848171,1380,96
46848505,142,1
46848685,6242,95
46849211,145,1
46849291,2731,62
46849329,2497,54
46849569,1011,5
46849721,1660,178
46849725,307,204
46849827,517,13
46850080,86,1
46850534,112,1
46850919,1050,80
46851486,1481,178
46851518,142,1
46851874,22,80
46851919,51,1
46852020,6,80
46852344,928,96
46852770,647,1
46852867,9,80
46852951,2080,47
46853033,3807,95
46853041,191,178
46853388,14,80
46853539,7492,22
46853558,38,22
46853559,1492,178
46853586,8,80
46853752,57,96
46853812,655,36
46853836,6,80
46853858,442,38
46854240,27,36
46855111,1377,178
46855275,410,96
46855521,6205,95
46855806,1246,36
46856271,425,96
46857104,3665,178
46857150,203,96
46857648,214,96
46857958,242,96
46858122,1519,95
46858354,400,1
46858707,1722,15
46859888,2537,95
46860026,544,1
46860142,36,1
46860415,4838,70
46860651,2509,54
46860843,3645,178
46860970,6718,22
46861481,78,1
46862042,78,1
46862046,19,38
46862136,72,1
46862493,1068,80
46862770,41,1
46863106,3552,95
46863311,5793,95
46863592,38685,15
46863736,85,1
46863821,3717,80
46864422,527,1
46864570,598,36
46865264,14465,70
46866491,360,1
46866673,491,13
46867240,13049,22
46867625,5321,22
46868324,3790,1
46868370,16424,36
46870479,336,38
46872925,4784,22
46876287,728,76
46877514,75,76
46877648,4801,22
46878317,49,1
46878871,46,76
46879292,47,1
46879739,7,70
46879880,279,1
46880614,22197,1
46881505,625,36
46883561,480,38
46886564,2243,47
46888820,2296,47
46890700,13074,22
46891132,2500,47
46893628,2404,47
46894258,251,96
46894591,179,96
46894805,3066,96
46894960,8623,70
46896067,2380,47
46898445,2412,47
46900881,2446,47
46903322,2406,47
46903774,13548,22
46905763,2406,47
46906496,5433,70
46908206,2424,47
46910649,2467,47
46911931,4843,70
46913089,2444,47
46915534,2583,47
46916511,1219,36
46916776,4805,70
46916931,10,43
46918121,2364,47
46918765,20,15
46920502,2362,47
46920743,8,15
46921584,14139,70
46922877,1657,47
46923501,4727,22
46924079,3808,1
46924141,6,22
46924351,588,1
46925868,219,84
46926833,43,84
46926993,2004,47
46927097,306,36
46927438,8218,36
46927925,9,70
46928172,4946,22
46928269,3815,1
46928999,2207,47
46929534,14,1
46929599,13,1
46929673,83,1
46931194,2366,47
46931619,86,1
46932184,3786,1
46933053,5029,22
46933571,6148,47
46935164,423,38
46935658,607,204
46936176,547,13
46936622,512,38
46936913,369,84
46937158,458,38
46937556,12,38
46937716,945,38
46937782,93,61
46938020,3795,22
46938193,1684,61
46938601,10,38
46939053,1304,70
46941411,583,84
46941752,438,22
46942249,5093,22
46942388,903,22
46944404,14,61
46944453,3005,38
46944490,5172,61
46944877,89,84
46945694,107,84
46946050,2966,15
46947277,5209,22
46947399,9,38
46949602,4200,61
46952020,17,15
46952163,14,15
46952315,1933,15
46952422,6069,22
46953737,4526,61
46955492,11385,15
46958199,4576,61
46958427,5577,22
46959269,16399,36
46959353,167,76
46960294,36,22
46960482,941,76
46961314,9218,22
46961333,2491,54
46961389,2511,54
46961429,22896,15
46962118,24070,125
46962712,12656,61
46963908,5458,22
46964016,61,22
46964210,16632,125
46967519,46,1
46967655,46,1
46968310,341,15
46968394,11185,15
46968439,334,1
46969094,380,1
46969528,1775,1
46971477,818,1
46972624,7764,70
46973404,101,1
46975500,11848,61
46977491,14564,22
46977571,44,22
46979056,70,70
46980211,10369,70
46980475,9829,70
46987404,4548,61
46990321,9676,70
46991891,3823,61
46992056,13720,22
46995650,3540,61
46999123,3769,61
47000000,9263,70
47002833,5216,61
47003331,44,43
47003555,4363,15
47005197,44,22
47005243,52,43
47005298,61,43
47005300,9385,15
47005361,223,43
47005588,281,43
47005874,587,43
47006828,438,36
47007986,4098,61
47009266,7714,70
47009598,9567,15
47010601,6215,22
47012020,4709,61
47016088,9082,15
47016723,6689,61
47016754,5275,22
47017421,7779,70
47017601,41,13
47018561,898,13
47018879,9261,15
47019819,233,13
47021965,5695,22
47022901,229,13
47023349,4794,61
47023413,81,61
47023414,413,13
47025202,7617,70
47026002,9961,54
47026891,7369,38
47027598,6235,22
47027749,583,13
47028079,4162,61
47028670,569,13
47029286,506,13
47032157,283,13
47032215,3901,61
47032445,380,13
47032821,7632,70
47033770,5125,22
47035432,18420,15
47036017,8456,15
47036054,11588,61
47036337,23303,125
47038868,4904,22
47038937,18575,125
47040131,7388,38
47043705,5163,22
47044038,1930,62
47047579,12469,61
47047653,60,61
47047825,8597,70
47048808,5648,22
47048881,61,22
47049672,8455,22
47050345,165,62
47050835,3155,62
47051971,13269,1
47054164,9899,15
47055154,7265,38
47057275,225,62
47058719,3094,62
47060046,8600,61
47060113,60,61
47060537,8577,70
47062013,6271,62
47062481,7272,38
47062527,14290,22
47062602,61,22
47065466,10202,125
47065675,6277,125
47068585,8066,61
47069115,4201,70
47069754,124,38
47073319,13964,70
47076588,3762,61
47076819,14141,22
47080286,3475,61
47083696,3840,61
47087293,20149,70
47087467,3554,61
47089730,65,43
47090965,4497,61
47091649,54,22
47091705,54,43
47091715,44,43
47091761,47,43
47091810,410,43
47092222,239,43
47092464,315,43
47093981,980,62
47094149,962,1
47095399,4138,61
47097146,5311,22
47097601,990,178
47098705,150,178
47098894,6176,178
47099476,6862,61
47100272,167,62
47100813,136,38
47101276,2332,38
47102061,534,99
47102441,5748,22
47102458,2101,11
47102459,70,22
47102610,96,99
47103350,31,62
47103696,3239,62
47103913,102,99
47104433,44,99
47104650,968,13
47104682,939,38
47105128,3535,178
47105387,55,99
47105476,81,99
47105736,146,99
47105807,682,13
47106275,4345,61
47107439,250,99
47107445,6317,70
47108125,5905,22
47108378,247,99
47108643,1254,99
47108831,15,38
47108846,12,38
47108861,10,38
47109306,2116,125
47109805,7927,38
47109922,1231,84
47110299,4000,62
47110558,4644,61
47110726,44,203
47110816,33,203
47110909,592,13
47111499,140,99
47111533,130,66
47111577,1251,84
47111987,885,99
47112553,4139,1
47112690,78,66
47113158,76,66
47113740,116,66
47114005,9865,22
47114031,60,22
47114143,62,66
47114189,6779,70
47114683,44,66
47114784,72,62
47114880,4108,62
47114974,11770,70
47115068,52,66
47115137,4189,61
47115511,121,203
47115676,43,99
47116022,246,95
47116830,1373,99
47116896,1311,99
47117421,858,61
47117734,10,38
47117745,11,38
47118223,76,99
47118778,43,95
47118867,52,95
47118959,50,95
47119054,4024,125
47119186,10197,125
47119296,388,96
47119320,4941,61
47119612,93,203
47119803,3236,62
47119820,140,203
47120053,11115,96
47120116,86,203
47120381,124,99
47120382,73,70
47121070,99,203
47121354,136,99
47122641,47,13
47122872,721,13
47123054,70,66
47123528,43,66
47123808,6799,22
47123985,241,1
47124078,37,66
47124218,7490,38
47124227,6700,61
47124263,25,66
47124340,197,1
47124436,19,66
47124545,89,1
47124571,123,66
47124639,7108,1
47124800,21,66
47124933,56,66
47127301,3202,62
47127395,48,66
47127614,1056,47
47127805,222,66
47128013,26,70
47128151,44,66
47128651,604,43
47129102,91,66
47129481,3160,47
47130544,5861,22
47130866,4705,61
47131729,1159,70
47132934,4486,70
47135545,4685,61
47135572,60,61
47136344,5579,22
47136417,60,22
47136570,512,47
47137422,4375,70
47137845,85,47
47138307,508,47
47138661,13633,38
47138955,112,47
47139119,326,47
47140166,4538,61
47141799,10144,70
47142434,513,47
47143107,6274,62
47143668,311,47
47144557,66,47
47144643,4726,61
47144893,508,47
47144912,59,47
47145620,404,47
47146098,509,47
47146635,73,47
47146710,505,47
47147325,1262,47
47148361,9215,125
47148570,263,47
47148881,189,47
47149074,781,47
47149305,6821,61
47149861,2493,47
47150487,15564,22
47150560,61,22
47150826,15826,96
47151946,9471,70
47156062,4667,61
47160667,5510,61
47161419,9195,70
47166114,3534,61
47169586,3780,61
47170616,8870,70
47173303,3478,61
47176131,86,43
47176719,4399,61
47178142,49,43
47178193,46,43
47178242,203,43
47178447,310,43
47178760,374,43
47179489,8557,70
47181055,3849,61
47183593,6305,22
47183621,15,203
47184065,40,66
47184554,1304,62
47184605,134,66
47184714,43,76
47184842,5294,61
47185144,45,66
47185414,36,66
47185857,26,203
47186045,1254,66
47186105,3306,62
47186407,16,203
47186896,42,203
47187092,29,47
47187111,2187,10
47187194,50,47
47187345,47,47
47187514,58,47
47187685,6,5
47187688,266,47
47188001,275,47
47188036,48,203
47188047,8807,70
47188099,10876,5
47188394,77,47
47188414,353,5
47188485,47,47
47188544,47,47
47188546,10,1
47188585,50,76
47188601,74,47
47188679,282,47
47188982,66,66
47188999,25,99
47189410,2708,62
47189501,4685,22
47189535,460,99
47189550,10,1
47189662,475,47
47189692,133,1
47189820,128,66
47189836,9739,22
47189933,2106,11
47190033,114,1
47190106,4325,61
47190138,65,61
47190202,317,47
47190246,611,99
47190285,184,66
47190312,1579,10
47190422,532,1
47190548,149,47
47190591,228,66
47190725,93,47
47190824,314,47
47190840,238,66
47190857,47,47
47190921,83,99
47191149,27,99
47191185,104,47
47191263,295,66
47191372,117,47
47191460,7691,38
47191491,184,47
47191523,79,10
47191612,116,10
47191701,425,99
47191734,131,66
47191738,40,10
47191865,100,47
47191966,92,47
47192096,113,47
47192218,1696,47
47192450,6301,62
47193318,103,99
47194062,5748,47
47194143,256,1
47194409,4176,61
47194431,161,1
47194659,1240,22
47196058,11811,22
47196857,4757,70
47197908,118,10
47198393,81,10
47198553,5994,61
47198586,64,61
47198747,3992,62
47199008,10,10
47199280,10,10
47199549,3990,10
47199645,127,22
47199785,8265,22
47199812,66,22
47199868,166,1
47199907,7,135
47200035,7,135
47200091,259,1
47200160,8,135
47200229,18,135
47200355,21,135
47200819,35,135
47200857,14348,5
47200938,158,5
47201000,35,135
47201131,34,135
47201625,4931,70
47202738,3529,62
47202944,2355,11
47203602,817,10
47203619,41,54
47203715,80,99
47204534,4623,61
47204548,7651,38
47204550,129,61
47204669,78,10
47204793,421,10
47205429,30,13
47205478,146,10
47205514,7,203
47205810,95,203
47205856,2171,11
47206084,134,99
47206137,43,13
47206151,105,203
47206264,6570,62
47206357,52,13
47206516,6039,47
47206547,14,10
47206557,8111,70
47206595,7,10
47206657,1290,13
47206890,14,10
47207288,173,203
47207984,82,99
47208025,10406,22
47208051,71,22
47208059,7,10
47208125,658,10
47208849,2249,13
47208916,780,10
47209152,3952,61
47209782,276,61
47209814,99,10
47210514,2700,11
47210686,179,10
47210694,174,10
47211249,19385,154
47211459,124,99
47211670,43,1
47211789,89,1
47211879,111,1
47212653,76,1
47212685,7565,38
47212765,108,1
47212832,3396,62
47212940,24,1
47213044,5567,61
47213313,81,99
47213334,18,38
47213402,11,21
47213472,65,21
47213545,344,99
47213594,8381,125
47213796,69,21
47213909,27,1
47214314,62,21
47214448,56,54
47214668,4288,70
47215428,1662,5
47215499,5010,54
47216058,474,5
47216226,3402,62
47217276,788,13
47217541,23637,5
47217649,15158,146
47218546,3766,61
47218961,4282,70
47220250,7335,38
47221372,2,146
47222249,4857,61
47223245,3972,70
47225271,14,47
47227010,5532,146
47227043,4541,61
47227219,6167,70
47227586,7444,38
47231521,6850,61
47232229,13551,70
47232736,6310,62
47233388,11070,70
47234651,4107,54
47236351,14364,146
47236411,62,146
47238308,6569,61
47240072,697,54
47244815,4851,61
47249602,3688,61
47250703,15618,146
47253226,3886,61
47257028,3454,61
47260439,3853,61
47262530,51,43
47264227,3978,61
47264473,51,43
47264489,12,1
47264526,47,43
47264575,173,43
47264750,248,43
47264931,11,1
47265001,331,43
47265275,23,1
47265576,10,1
47265627,9,1
47266633,11,1
47267294,13,1
47267532,514,5
47267768,8,1
47267955,13,1
47268141,4054,61
47268822,2331,5
47268851,684,5
47268960,20,1
47269154,172,21
47269710,231,21
47269759,10,203
47269956,12579,5
47270004,1457,203
47270375,4853,178
47270408,199,21
47270924,9384,146
47271271,1017,5
47271285,2449,146
47271366,295,21
47272097,20105,154
47272192,3741,61
47272210,64,61
47272210,9148,96
47272418,194,21
47272704,221,21
47273215,250,21
47273556,528,21
47273680,3178,62
47274238,156,21
47274372,522,26
47274547,180,21
47274974,7380,38
47275291,6358,178
47275491,903,26
47275674,14,21
47275726,145,99
47275843,907,21
47275907,10,70
47275918,385,26
47275930,6977,61
47277354,681,62
47277751,48,47
47278245,1409,26
47278272,47,47
47278338,26,47
47278376,1431,21
47278563,9,47
47278609,113,99
47278763,34,47
47278766,86,31
47278847,48,47
47278919,32,47
47278995,35,47
47279016,6478,95
47279021,10184,95
47279032,32,95
47279064,2490,21
47279099,380,47
47279279,670,99
47279318,1954,54
47279482,52,31
47279484,513,47
47279732,1542,26
47279819,2556,62
47279899,88,31
47280001,27,31
47280028,28,31
47280151,55,31
47280205,12149,146
47280309,62,31
47280667,208,99
47280673,65,47
47280736,2916,47
47280745,658,21
47281056,140,31
47281554,394,31
47281840,145,178
47282071,274,31
47282095,6201,178
47282663,90,99
47282724,2140,13
47282835,1668,54
47282845,6143,61
47282917,2584,99
47283511,11125,96
47283746,106,47
47283879,229,47
47284136,232,47
47284392,231,47
47284649,226,47
47284905,226,47
47285162,21,47
47285183,1673,47
47285343,14398,5
47285919,7081,5
47286897,3818,47
47287050,1413,54
47287171,1195,62
47287504,11877,95
47287689,658,99
47288135,2867,21
47288362,142,99
47288545,94,99
47288716,1298,11
47288739,13,38
47288756,6301,178
47288951,641,32
47288956,6820,61
47289328,80,99
47290101,88,99
47290104,7424,38
47290341,64,99
47290783,643,47
47290992,190,31
47291055,89,99
47291181,2665,21
47291205,9920,62
47291277,334,31
47291483,2498,47
47291542,65,99
47291771,64,207
47291852,12,50
47292102,62,99
47292190,414,99
47292333,12337,146
47292422,9710,95
47292548,64,10
47292636,78,99
47292698,169,76
47292785,722,31
47292878,231,32
47293393,90,50
47293393,262,50
47293411,117,32
47293909,2897,11
47293982,345,32
47294065,305,99
47294136,55,50
47294136,86,50
47294336,1981,32
47294398,3544,47
47294559,78,50
47294559,96,50
47294882,126,99
47295114,97,99
47295121,1727,21
47295214,28,178
47295234,4308,178
47295464,274,47
47296095,125,99
47296198,371,54
47297079,79,50
47297080,287,50
47297115,1514,5
47297121,52,47
47297219,1307,21
47297348,490,99
47297822,1826,6
47298001,1646,6
47298004,748,47
47298636,294,32
47298652,5623,61
47298689,56,61
47298784,1606,47
47298801,2019,21
47298936,806,11
47299170,2905,5
47299198,9,125
47299384,6247,32
47299665,2401,99
47299801,15,50
47299847,21,50
47299897,82,50
47299988,156,50
47300145,11,125
47300333,265,50
47300334,263,50
47300390,1439,47
47300586,9,125
47301042,18,125
47301214,19,50
47301274,435,38
47301338,38,50
47301338,38,50
47301547,23,50
47301856,80,50
47301856,81,50
47301866,253,47
47302068,51,50
47302068,52,50
47302069,47,50
47302069,50,50
47302408,108,47
47303617,7201,38
47303963,23,47
47304229,6217,61
47304368,29,207
47304655,6195,146
47304671,2279,54
47304672,39,146
47304997,28,207
47310388,3942,61
47310448,59,61
47310795,7164,38
47313445,41,47
47313778,46,47
47313956,40,47
47314024,73,47
47314202,36,47
47314274,56,47
47314291,6737,61
47314330,29,61
47314358,58,47
47314466,503,47
47315027,155,47
47315252,156,47
47315599,189,47
47315890,225,47
47316286,84,47
47316423,43,47
47316468,498,47
47317054,342,47
47317432,282,47
47317714,505,47
47317923,11419,38
47318275,506,47
47318759,284,207
47318835,341,47
47319213,287,47
47319340,9692,70
47319530,284,47
47319848,285,47
47320096,22152,96
47320166,322,47
47320348,30,207
47320544,330,47
47320876,424,47
47320995,4850,61
47324186,14,125
47324298,214,125
47325735,12108,70
47325748,7239,61
47325984,61,70
47326402,590,125
47326409,14129,146
47326481,63,146
47326901,555,207
47329034,9796,70
47329824,776,125
47331558,944,125
47332919,8434,61
47333072,148,207
47333129,19,125
47333177,9656,125
47333378,22,125
47333832,40,207
47334622,51,207
47335935,793,207
47338832,9162,70
47339128,11359,38
47341295,4659,61
47348235,59,31
47348294,120,31
47348294,1853,31
47348414,360,31
47348931,153,43
47349111,900,31
47349291,2856,31
47349351,61,31
47349891,2256,31
47350393,25735,110
47350706,3657,178
47354157,59,50
47354157,59,50
47354780,189,50
47354908,60,50
47355029,60,50
47355030,58,50
47355088,60,50
47355088,61,50
47355148,60,50
47355148,61,50
47355208,61,50
47355208,61,50
47355268,62,50
47355269,61,50
47355329,63,50
47355329,63,50
47355388,60,50
47355392,56,50
47355448,60,50
47355448,60,50
47355508,60,50
47355508,61,50
47355568,77,50
47355568,77,50
47355644,63,50
47355645,61,50
47355703,61,50
47355706,58,50
47355764,59,50
47355764,60,50
47355883,34,50
47355884,33,50
47355916,78,50
47355917,76,50
47355932,61,50
47355932,61,50
47355993,58,50
47355993,58,50
47356339,72,50
47356339,72,50
47356411,62,50
47356411,62,50
47356471,60,50
47356473,58,50
47356531,62,50
47356531,62,50
47356592,60,50
47356592,60,50
47356592,1465,31
47356592,6510,31
47356651,61,50
47356652,60,50
47356711,61,50
47356712,60,50
47356772,70,50
47356772,71,31
47356772,71,31
47356772,71,50
47356901,59,31
47356901,238,50
47356904,234,50
47356960,6142,31
47356960,6196,31
47357138,228,50
47357138,229,50
47357260,5841,31
47357306,120,10
47357366,271,50
47357366,271,50
47357517,3975,10
47357586,110,31
47357636,360,50
47357636,360,50
47357816,5285,31
47357996,316,50
47357996,316,50
47358256,251,31
47358256,2982,31
47358312,456,50
47358371,397,50
47358547,90,31
47358637,60,31
47358696,71,10
47358696,72,31
47358712,85,31
47358767,90,31
47358767,420,50
47358767,421,50
47358767,2015,10
47358919,58,31
47358922,55,31
47359101,544,5
47359249,564,50
47359307,506,50
47359367,1353,31
47359428,925,31
47359462,1320,31
47359466,1882,31
47359518,1781,31
47359573,1270,31
47359575,1724,31
47359575,4707,31
47359631,1606,31
47359690,1332,31
47359690,5688,10
47359813,573,50
47359813,574,50
47360056,4997,31
47360230,67,31
47360384,638,50
47360386,578,50
47360477,1322,31
47360570,1286,31
47360570,1286,31
47360570,1286,31
47360629,4,168
47361022,470,50
47361022,470,50
47361299,1727,31
47361398,19178,154
47361523,332,50
47361523,332,50
47361582,1291,31
47361615,1314,31
47361674,1309,31
47361854,1301,31
47361854,1302,31
47361855,322,50
47361855,322,50
47361855,1300,31
47361855,1300,31
47361914,1584,31
47362338,380,50
47362338,380,50
47362339,378,50
47362339,379,50
47362717,383,50
47362717,383,50
47362717,384,50
47362717,384,50
47363100,176,50
47363100,176,50
47363100,176,50
47363100,177,50
47363275,223,50
47363275,223,50
47363275,223,50
47363276,221,50
47363497,183,50
47363497,183,50
47363497,184,50
47363497,184,50
47363680,178,50
47363680,178,50
47363680,179,50
47363680,179,50
47363857,177,50
47363857,177,50
47363858,175,50
47363858,176,50
47364033,180,50
47364033,181,50
47364033,181,50
47364033,181,50
47364213,182,50
47364213,183,50
47364213,183,50
47364213,183,50
47364395,178,50
47364395,178,50
47364395,179,50
47364395,179,50
47364573,181,50
47364573,182,50
47364633,121,50
47364634,120,50
47364753,300,31
47364813,120,50
47364813,121,50
47364813,121,50
47364814,119,50
47364995,179,50
47364995,179,50
47364998,175,50
47364998,176,50
47365552,54,43
47365608,49,43
47365659,171,43
47365833,181,43
47366017,309,43
47366309,13125,5
47366388,833,5
47366515,8439,146
47366708,401,31
47366898,70,168
47366936,6617,95
47366942,5826,95
47367109,61,31
47367169,182,31
47367364,154,99
47367520,151,31
47367627,435,99
47367715,1269,179
47367811,602,5
47368981,1341,54
47369420,6145,178
47369497,6625,13
47369991,6751,61
47372978,1007,179
47373010,774,203
47373017,11,178
47373430,670,178
47373466,4854,95
47373743,36,47
47373822,6556,95
47373877,223,99
47374198,829,99
47374477,2088,54
47374553,7868,70
47374721,250,99
47374893,10334,146
47375137,718,61
47375205,1119,5
47375461,10,203
47375900,130,203
47375981,303,99
47376196,246,178
47376239,6978,178
47376536,11093,13
47376663,8295,61
47377332,77,47
47377371,814,58
47377499,23,47
47377571,43,47
47377633,34,47
47377711,142,47
47377936,750,99
47378153,2118,203
47378519,133,5
47378590,267,47
47378828,4907,62
47379036,664,54
47379123,1516,21
47379517,973,99
47380082,30,5
47380329,231,47
47380376,22,5
47380558,430,5
47380694,284,47
47380867,3374,203
47380907,524,21
47380967,15401,146
47381012,281,47
47381034,1411,54
47381297,10336,95
47381331,285,47
47381610,232,21
47381646,3316,95
47381650,278,47
47381973,275,47
47382299,277,47
47382423,7674,70
47382573,996,21
47382609,6185,125
47382622,528,47
47383261,8011,178
47383743,1531,21
47383754,937,54
47383826,2099,5
47384304,949,99
47384917,4510,95
47384923,7576,61
47384986,12710,13
47385034,1314,54
47385103,14224,146
47385279,5336,125
47385293,78,47
47385403,1249,47
47385519,1220,21
47386134,502,99
47386469,11537,5
47386658,401,99
47387009,822,54
47387018,1202,21
47387068,1406,99
47387096,23,99
47387627,8515,13
47387798,599,47
47388543,204,21
47388675,42,47
47388825,690,21
47388841,611,47
47388866,4386,5
47389510,73,47
47389567,48,21
47389642,26,47
47389771,318,47
47389782,21,47
47389818,410,21
47390099,7637,70
47390107,1112,54
47391595,4369,125
47392253,5337,125
47392431,5952,61
47396168,8763,13
47397738,8444,70
47398379,5167,61
47398401,56,61
47399266,6491,146
47399338,60,146
47400298,11956,125
47400446,2256,95
47400957,9215,125
47403027,559,54
47403485,10290,61
47404547,7505,178
47409033,830,54
47409322,8661,13
47410535,655,54
47413389,12646,125
47413605,434,54
47413829,5939,125
47413989,8733,61
47414669,14687,146
47414740,60,146
47415416,401,54
47416112,408,54
47417275,24,176
47417421,336,54
47417770,7444,70
47417969,27,176
47418183,333,54
47418403,28,176
47418728,27,176
47419164,28,176
47419760,6563,178
47426413,28,176
47426705,26,176
47427338,8516,70
47427469,271,176
47427996,78,176
47428512,6460,61
47428694,108,176
47432291,6435,178
47434909,5678,61
47435331,154,43
47435856,13383,70
47437268,70,146
47437425,46,43
47437473,58,43
47437533,229,43
47437764,248,43
47438014,422,43
47438723,3682,178
47440065,8517,95
47440291,3300,95
47440523,4677,61
47441249,242,179
47442230,695,203
47442402,5590,178
47443031,13,203
47443088,9,203
47443450,10187,203
47443683,13381,146
47443766,6870,62
47443794,7194,95
47443932,19603,154
47445176,355,5
47445195,4462,61
47445563,238,32
47445839,6331,32
47446559,4722,38
47447519,1299,99
47447773,922,47
47447990,6169,178
47448731,928,47
47448825,548,95
47448968,272,99
47449071,36,113
47449241,14423,70
47449512,8184,95
47449631,6196,61
47449660,36,61
47449695,437,99
47450580,297,54
47450595,1760,99
47451245,8466,26
47452056,3017,179
47452071,15,38
47452132,313,54
47452682,40,47
47452781,142,47
47453406,316,54
47454124,99,47
47454157,6064,178
47454407,607,31
47454619,386,54
47455013,60,31
47455306,7271,70
47455307,129,31
47455310,258,99
47455436,126,31
47455630,741,31
47455797,813,47
47455821,6487,61
47455886,179,61
47456274,122,54
47456370,8711,203
47456663,1058,47
47457004,10577,146
47457125,437,99
47457345,353,54
47457636,410,99
47457818,836,47
47458126,1534,99
47458683,811,47
47459007,6566,13
47459548,1023,47
47460219,7246,178
47460250,913,26
47460784,39,47
47460834,1459,47
47460840,22,26
47460855,349,47
47461232,347,47
47461247,7372,125
47461623,382,47
47462065,329,47
47462301,7436,61
47462306,265,47
47462445,131,47
47462447,1976,26
47462560,332,47
47462697,34,113
47462839,285,99
47462938,1028,47
47463143,416,99
47463667,14565,70
47463990,196,47
47464716,211,54
47464719,398,47
47465143,1983,203
47465256,5570,62
47465259,3277,26
47465622,322,54
47465756,179,99
47465827,219,32
47465966,785,47
47465980,272,99
47466770,536,47
47466924,36,113
47467463,5938,178
47467480,6928,32
47467565,5814,146
47467570,22,32
47467581,39,146
47467581,11644,13
47467608,75,47
47467827,307,47
47468227,3630,11
47468629,379,99
47469461,486,47
47469504,1627,99
47469615,6232,61
47470180,2992,38
47470379,369,47
47470761,426,47
47471066,2399,26
47471114,5125,26
47471201,465,47
47473314,6457,146
47473398,6020,178
47473422,205,54
47473739,1246,99
47475787,6437,61
47476047,1871,26
47476649,1266,13
47476932,5568,146
47476944,61,146
47478234,4051,70
47479223,8891,13
47479616,22509,26
47479835,16020,146
47480669,42,146
47480769,121,54
47481630,131,54
47482161,4262,61
47482610,215,54
47483566,20,38
47486079,1229,13
47486360,4461,61
47490758,4769,61
47492171,22662,13
47495361,16729,70
47495523,10946,61
47495601,1229,70
47496605,16266,146
47496679,62,146
47496848,14351,125
47506404,7738,61
47512872,14530,146
47514079,4433,61
47514845,5773,13
47515915,4440,70
47518451,3729,61
47520357,4479,70
47521731,56,43
47522116,4112,61
47523679,41,43
47523722,47,43
47523773,194,43
47523969,206,43
47524177,323,43
47524838,8335,70
47526166,3784,61
47527694,178,154
47527884,19229,154
47527986,5491,146
47527997,60,146
47529886,4668,61
47532276,5605,62
47533176,8270,70
47533413,5163,146
47534490,5559,61
47538357,8502,38
47538528,48,96
47538563,6163,146
47539715,26,96
47539763,46,96
47539985,5008,61
47540189,10686,96
47541448,10387,70
47543719,5627,62
47544662,4992,146
47544971,5903,61
47544994,60,61
47549590,8371,146
47549892,8544,38
47550813,4683,61
47551753,5640,70
47552296,134,1
47552419,6844,13
47552788,11090,13
47553119,1245,36
47555424,5213,61
47555781,2862,146
47557900,5349,146
47557984,49,146
47558923,22201,96
47560340,8504,70
47560574,4454,61
47562605,183,54
47563246,6110,146
47564394,28,54
47564718,84,54
47564966,4667,61
47565237,153,54
47568825,8451,38
47569351,5530,146
47569364,6833,62
47569378,73,146
47569571,7736,61
47570667,230,54
47571345,186,54
47571611,19780,13
47571940,232,54
47572368,290,54
47573107,267,54
47573673,265,54
47574549,814,61
47577182,4747,61
47577391,992,70
47579427,5793,62
47581863,6250,61
47583826,5729,146
47583900,61,146
47585843,8446,38
47588052,3905,61
47591894,4578,61
47596408,4072,61
47600417,4624,61
47604530,45,43
47604979,3642,61
47605623,8623,13
47608557,4341,61
47610059,47,43
47610109,47,43
47610158,208,43
47610369,289,43
47610660,362,43
47612676,1060,146
47612835,3795,61
47615467,1040,146
47616566,4227,61
47616821,3731,62
47618222,1195,96
47618549,17831,154
47618552,11,13
47618583,6006,13
47619637,351,96
47620428,207,96
47620793,5435,61
47621495,1003,38
47621595,55,62
47621605,958,38
47621650,2111,62
47623760,2174,62
47625595,10,38
47625933,2139,62
47626166,6766,61
47628071,2120,62
47628737,358,36
47628756,4953,70
47629264,889,36
47629758,11862,13
47630188,2165,62
47630201,498,36
47632123,587,36
47632346,2114,62
47632866,5403,61
47633253,582,36
47634193,449,36
47634464,2150,62
47634697,472,36
47635352,1260,36
47636613,2113,62
47638206,4893,61
47638725,2105,62
47640829,96,62
47643036,5408,61
47643209,524,70
47643779,549,13
47644401,18450,13
47644896,10801,70
47646544,2805,62
47648026,758,47
47648433,5946,61
47648444,38,54
47648835,738,47
47649346,2829,62
47649576,739,47
47650877,24,54
47651475,26,54
47651707,14699,61
47652133,31,54
47652421,22,54
47653006,24,54
47653314,104,54
47654113,99,54
47654361,5496,61
47654672,98,54
47655021,93,54
47655651,92,54
47655790,8619,70
47655814,102,54
47656501,6282,38
47656852,96,54
47658018,5576,62
47658872,94,54
47662851,8876,13
47664409,8263,70
47669136,5886,38
47670078,13080,61
47670152,60,61
47673286,9345,13
47677400,4596,70
47683287,10,38
47687233,11801,70
47690931,145,43
47692048,1220,71
47692174,25760,110
47692854,61,61
47692991,49,43
47693043,47,43
47693092,169,43
47693237,427,71
47693263,239,43
47693504,231,43
47693682,4422,71
47693732,11,71
47698285,7142,61
47698437,53,21
47699393,1952,146
47702032,17511,154
47703363,5184,13
47707782,9,113
47708241,5295,38
47708814,20712,70
47709024,686,99
47709650,4773,96
47710351,699,99
47711017,22366,26
47711169,6547,26
47711465,1892,13
47711754,10208,70
47711826,1007,146
47711852,2060,146
47711967,5565,62
47713109,506,99
47713428,4409,13
47713470,69,204
47714040,8553,38
47714484,3454,71
47715379,9227,61
47715992,141,21
47716437,173,21
47716842,308,21
47717284,11008,146
47717919,3907,62
47718044,7,21
47718323,6,21
47718502,6,21
47718533,2119,26
47719616,50,76
47719854,15,76
47720582,8,21
47721127,88,99
47721422,4994,71
47721817,9,21
47722038,7,21
47722464,3950,5
47722636,7,21
47723121,1400,96
47723284,7,21
47723515,3492,62
47723747,138,204
47723778,16,21
47723915,37,204
47724164,6,21
47724323,101,99
47724378,8,21
47724434,1488,99
47724545,1211,61
47724623,11156,96
47724632,6,21
47724952,2147,13
47725237,7,21
47725429,7,21
47725756,3786,61
47725889,7,21
47726099,7,21
47726856,7,21
47727144,7,21
47727620,100,21
47728272,1737,21
47728290,1019,146
47728863,741,5
47729478,3735,61
47731828,87,54
47731848,195,21
47732146,86,54
47732254,61,21
47732651,101,54
47732691,89,21
47732886,34,21
47733210,3594,61
47734145,4215,70
47735350,3497,62
47736774,2327,13
47736801,3961,61
47739993,5528,70
47740699,3571,61
47740965,3629,62
47742640,8443,38
47744406,13118,61
47749568,9819,70
47749626,21,96
47757463,12999,61
47757536,61,61
47766495,9784,70
47770463,13161,61
47776281,9420,70
47777331,71,43
47779274,38,43
47779314,46,43
47779362,550,43
47784482,7,21
47784560,18,96
47785697,10,21
47785703,8084,70
47785764,16925,154
47785888,34,21
47786306,72,21
47786550,175,21
47787173,356,21
47787651,1657,61
47787668,1803,62
47787669,61,61
47787780,8403,38
47788250,396,21
47788796,1192,21
47789295,12,54
47789341,3989,61
47789347,17,54
47789712,17,54
47790020,670,99
47790029,38,54
47790034,126,5
47790050,3198,62
47790133,35,54
47790187,34,54
47790267,34,54
47790520,272,5
47790628,69,54
47790791,406,5
47790812,20,5
47791119,2394,32
47791130,54,5
47791368,383,5
47791507,65,54
47791767,1613,5
47792064,449,21
47792078,47,54
47792177,11297,26
47792643,62,54
47792714,1678,21
47793074,99,54
47793247,3158,62
47793488,4850,61
47793530,1430,32
47793764,480,99
47793789,7897,70
47794477,1005,99
47794621,1056,99
47794973,696,21
47794985,1158,32
47796116,454,21
47796227,1941,32
47796404,3220,62
47796459,703,99
47798274,4944,61
47798346,439,5
47798397,9771,32
47799058,358,21
47799623,3314,62
47800989,416,21
47801166,457,5
47802080,232,96
47802087,2126,99
47802193,8417,38
47802306,1903,99
47802721,16,125
47802936,3257,62
47803024,17,125
47803155,4763,61
47803368,1107,21
47803378,139,83
47803972,41,125
47804188,63,125
47804446,239,96
47804747,858,99
47804947,656,99
47804970,449,21
47805157,11134,96
47805619,360,99
47805699,893,21
47806008,730,99
47806193,3206,62
47806675,600,21
47806772,287,179
47807091,594,99
47807148,538,99
47807233,22359,26
47807786,446,21
47807854,4807,61
47808028,949,179
47808983,2100,179
47809398,3202,62
47809556,560,99
47809607,513,99
47810092,7969,70
47810139,584,99
47810522,1218,7
47810775,37,21
47811126,361,21
47811610,584,99
47811750,413,21
47812597,5103,61
47812599,3172,62
47812665,466,99
47812783,1053,99
47813132,1832,7
47813319,237,32
47813620,949,179
47813846,19,10
47814490,414,21
47814705,54,99
47814765,64,99
47814837,743,99
47815221,457,21
47815769,3170,62
47816036,14,21
47817524,14,21
47818069,14,21
47818934,11620,13
47818937,3192,62
47826481,8041,70
47831010,9848,61
47834045,1292,13
47835529,13195,61
47836071,1411,13
47838099,4986,13
47841242,7777,96
47843636,9396,13
47846147,8512,70
47848727,13205,61
47855543,9104,13
47859929,8514,70
47863730,195,43
47864650,11731,13
47865581,9768,146
47865598,69,61
47865783,57,43
47865795,34,43
47865843,33,43
47865879,49,43
47867378,161,32
47868444,4405,70
47868784,7749,96
47869368,465,21
47869818,9,113
47870215,84,21
47870453,1202,7
47870726,9,113
47870960,2525,5
47871940,86,21
47872186,476,21
47872219,149,5
47872545,18678,154
47872852,14322,70
47873272,41,10
47873347,1371,7
47873368,632,10
47873438,248,21
47874256,11176,26
47874603,247,21
47874971,751,5
47875087,2141,21
47875362,11332,146
47875365,11325,61
47877331,468,21
47877627,2980,5
47878519,3304,5
47878903,109,21
47879697,592,21
47879960,1868,7
47879998,10188,13
47880777,56,99
47881163,1447,13
47882048,8,178
47882180,6,178
47882340,588,21
47882351,466,38
47882374,11,178
47882685,8,178
47882738,229,178
47883108,2417,38
47883657,14897,146
47883743,54,99
47883761,189,32
47884708,221,178
47884816,293,5
47885185,1910,5
47886554,9,113
47886690,5864,146
47887064,3988,61
47887610,1803,7
47888299,935,5
47888775,2878,7
47888781,20,99
47888843,51,99
47889341,523,21
47890130,583,21
47890707,5107,70
47891029,4423,61
47891054,46,61
47891443,597,21
47891650,1004,205
47891787,1997,143
47891793,1985,143
47892553,8582,146
47892609,10,21
47892767,2240,5
47892899,582,21
47893853,587,21
47894554,5900,143
47894742,202,21
47895114,196,21
47895433,31,21
47895444,5275,61
47895466,25,61
47895469,306,21
47895748,2025,99
47895824,1954,99
47895831,131,5
47895951,496,21
47896118,176,13
47896586,6816,143
47896589,1990,143
47896603,389,21
47897367,302,21
47897996,316,21
47898434,68,125
47898497,629,99
47898555,571,99
47898575,3369,143
47898594,37,13
47898605,1328,125
47898621,65,143
47898640,97,13
47898881,93,54
47899144,56,99
47899187,109,54
47899303,84,13
47899403,952,13
47899525,103,54
47899961,3893,125
47900090,1008,36
47900655,4390,61
47900722,61,61
47901109,100,54
47901113,1743,36
47901124,9651,146
47901946,2359,143
47901969,13218,13
47902042,13338,96
47902340,63,143
47903105,7027,70
47903667,31,13
47903723,957,13
47904262,2417,143
47904725,660,13
47904985,5006,61
47905471,2763,13
47906941,52,176
47907078,20511,70
47907526,439,176
47908628,173,176
47909050,183,176
47909624,5624,176
47909985,8103,61
47910048,84,61
47910778,8683,146
47910790,61,146
47912919,1706,143
47914399,98,61
47914859,2613,61
47917967,4794,61
47918956,160,54
47919645,266,70
47919878,7578,143
47919881,1578,143
47919890,1232,143
47920267,2137,13
47921712,5760,26
47922375,9345,13
47922719,4338,61
47924295,26,13
47924401,906,13
47925615,13761,146
47926595,34,146
47926607,4907,176
47926993,5852,61
47932782,4259,61
47936979,5079,61
47937295,43,176
47937760,3239,176
47940284,17489,146
47940765,7846,143
47941996,4549,61
47942126,4480,176
47947338,121,10
47948299,361,10
47948660,301,10
47949636,120,10
47950130,11,43
47956451,4414,61
47957557,921,5
47964012,223,178
47966603,60,31
47966710,60,31
47967200,1116,38
47968135,118,99
47968259,222,178
47968368,303,5
47968580,8,178
47968678,218,178
47968946,8,178
47969077,106,99
47969201,219,178
47969373,7456,143
47969466,219,178
47969816,220,178
47970106,220,178
47970579,219,178
47970624,2925,143
47970636,3012,143
47970841,223,178
47971142,252,178
47971298,12,99
47971329,9,99
47971360,116,99
47971673,435,178
47971808,11209,26
47972154,849,178
47972157,5548,61
47972171,220,99
47972480,2359,5
47972991,4778,58
47973032,836,178
47973050,287,54
47973079,325,203
47973494,245,99
47973569,1069,143
47973898,821,178
47974138,278,203
47974404,197,99
47974691,171,99
47974883,102,203
47975018,722,178
47975372,6132,5
47975422,343,99
47975612,215,54
47976106,187,203
47977088,9284,13
47977232,147,143
47977592,12252,70
47977615,11083,146
47977674,4179,61
47978100,7636,143
47978104,163,143
47978111,157,143
47978334,104,99
47978517,1333,99
47979208,14059,5
47979861,581,203
47980352,195,21
47980372,118,99
47980478,1379,203
47980549,348,99
47980648,1271,43
47981593,194,21
47981789,5179,61
47982226,962,58
47982229,723,61
47982342,686,21
47982529,110,176
47983048,239,176
47983272,5206,38
47983406,70,21
47983664,291,176
47983673,138,21
47983816,1472,99
47983863,5174,146
47983961,1363,99
47984265,260,176
47984299,124,21
47984948,45,21
47985118,251,176
47985621,41,99
47985677,2753,11
47985726,9,176
47985834,30,99
47986103,7,176
47986300,605,143
47986306,2145,143
47986317,1976,143
47986539,12,176
47986617,105,21
47986831,1524,143
47986841,5829,143
47986905,348,176
47986953,9532,61
47987000,196,21
47987360,40,21
47987460,140,99
47987487,20031,13
47987512,869,176
47987690,56,21
47987694,233,99
47988068,69,21
47988447,6021,143
47988519,135,21
47988695,5796,146
47988791,117,21
47989056,365,21
47989482,648,176
47989935,11227,26
47991135,672,176
47992200,13382,96
47992789,620,176
47994199,1952,143
47994491,5887,146
47995873,418,143
47995909,2900,143
47996417,9840,61
48000378,7283,146
48000389,60,146
48000637,4867,143
48002645,18806,154
48002664,755,176
48004642,192,176
48005549,76,176
48006048,70,176
48006248,6332,61
48006727,123,176
48007074,122,176
48007493,79,176
48008148,170,176
48008887,168,176
48011194,151,176
48012139,157,176
48012515,4931,61
48012705,166,176
48012730,29957,13
48013730,168,176
48014435,124,176
48015357,166,176
48015975,93,176
48016601,2118,143
48016796,59,143
48017007,97,176
48017355,104,176
48017442,10165,61
48017459,58,61
48017595,2089,143
48017602,2023,143
48017758,760,176
48017865,15689,146
48018588,347,176
48018718,7454,143
48019516,338,176
48019759,5722,143
48019765,2053,143
48020619,678,176
48021752,1007,176
48024647,846,176
48025448,2127,143
48025952,342,176
48027545,4300,61
48031780,4832,61
48033494,14633,146
48036530,60,43
48036549,4792,61
48038426,65,146
48038489,58,43
48038551,48,43
48038601,261,43
48038864,318,43
48039185,413,43
48041278,5649,61
48042030,2683,5
48042894,184,5
48043178,14,178
48043284,674,178
48043983,733,178
48044763,436,178
48045251,440,178
48045695,8093,146
48045718,643,178
48045719,70,146
48045838,6,5
48045956,679,21
48045986,1928,5
48046394,597,178
48046909,6713,61
48046927,388,21
48046929,64,61
48047017,844,178
48047340,8727,38
48047993,2480,146
48048005,59,146
48048181,563,178
48048909,844,178
48049669,6815,143
48049678,1266,143
48050137,19,203
48050407,11791,5
48050613,3586,203
48050874,6901,143
48050883,3132,143
48050955,1834,5
48051185,59,5
48052816,6017,13
48053612,4684,61
48053785,7447,146
48054032,2023,143
48055720,14,70
48055977,4112,70
48055987,60,70
48056681,1048,143
48057661,7417,143
48057669,3957,143
48058287,6103,61
48062172,11,25
48062265,59,125
48062353,4524,125
48062395,14,5
48062401,344,54
48062758,6,5
48063582,1037,143
48063859,5295,146
48064327,6773,61
48064545,7492,143
48064556,4559,143
48065295,2998,5
48065754,982,176
48066510,64,71
48067563,8787,13
48068304,5631,5
48068596,25,71
48069152,5382,146
48069945,5,74
48070588,4183,38
48071073,4296,61
48071101,60,61
48071315,12,74
48071699,2024,143
48072000,12,74
48072446,11,74
48073684,2006,143
48074152,1247,5
48074530,6250,146
48074567,61,146
48075306,5107,61
48075752,23357,5
48080349,3882,61
48080779,5138,146
48081465,116,13
48082000,97,13
48082753,110,13
48082829,1089,143
48083066,60,143
48083554,845,13
48083884,7443,143
48083899,5457,143
48084158,7482,61
48085916,5468,146
48085928,22,146
48087630,6150,38
48087777,1782,54
48089294,1960,143
48090106,408,54
48091239,72,54
48091449,9742,70
48091616,6968,61
48091640,25,54
48091641,26,61
48092205,212,54
48092311,13,70
48092376,19314,70
48093069,108,54
48093556,359,54
48093781,5985,38
48094190,527,54
48095440,59,143
48095868,2756,54
48098561,12820,61
48098585,39,61
48098759,4096,54
48099114,2727,143
48100490,14409,146
48100563,60,146
48103588,58,143
48105485,9989,70
48105490,7448,143
48105504,7117,143
48111371,4481,61
48112558,2169,143
48114900,14010,146
48115792,3930,61
48119659,3622,61
48121461,9653,70
48122931,68,43
48123216,4412,61
48124919,58,43
48124979,49,43
48125030,229,43
48125261,283,43
48125546,375,43
48127565,7306,61
48128200,98,54
48128899,691,54
48129324,3824,146
48129337,50,146
48129679,863,54
48129879,2671,143
48130305,5310,146
48130316,59,146
48130755,249,54
48133156,7431,143
48133174,4894,143
48133274,7906,70
48134823,7944,61
48134873,121,61
48135615,4766,146
48137327,1657,143
48138024,6641,143
48138048,2318,143
48139705,4862,143
48140379,5220,146
48141194,8092,70
48142698,8212,61
48142768,59,61
48144416,3863,36
48144626,3120,143
48144749,1352,143
48145595,5631,146
48146030,7481,143
48146039,3772,143
48149288,8176,70
48150838,7026,61
48151224,4822,146
48151349,44,143
48151400,1423,143
48152752,7579,143
48152761,4047,143
48156045,7173,146
48157466,8608,70
48157801,6656,61
48158883,1702,143
48159427,3397,70
48159723,7678,143
48160591,4669,143
48160596,2648,143
48162747,37,74
48163212,6816,146
48163277,61,146
48164038,46,74
48164385,6318,61
48164674,45,74
48165326,2353,143
48165358,15,74
48165884,10,74
48166260,12,74
48167847,3210,143
48167927,9,74
48168169,22,74
48169211,65,143
48170026,6185,146
48170043,120,146
48170639,3917,61
48171418,8235,70
48172133,12,74
48172376,11,74
48172645,12,74
48173035,16,74
48173727,21,74
48173858,37,74
48174324,11219,26
48174494,3998,61
48178429,6864,61
48178935,1800,143
48179665,12934,70
48180658,7873,143
48180671,4977,143
48183978,13944,146
48184054,119,146
48185205,7389,61
48185709,2281,143
48186614,1949,143
48188449,7643,143
48188501,5054,143
48192529,6798,61
48192600,13362,70
48193554,2216,143
48194487,1983,143
48195764,59,143
48196385,7027,143
48196408,5240,143
48197923,13892,146
48199241,7568,61
48202131,1554,143
48202927,61,143
48203610,7708,143
48203618,4190,143
48205964,14126,70
48206744,4410,61
48208681,58,143
48209331,52,43
48210402,2638,143
48211136,5442,61
48211210,66,43
48211280,49,43
48211333,225,43
48211561,297,43
48211863,460,43
48213041,2758,143
48216516,3860,61
48216915,4236,36
48217326,5297,146
48220352,7581,61
48220378,1509,143
48220379,66,61
48221167,6299,36
48221197,1392,13
48221807,7947,143
48221825,3878,143
48222617,7115,146
48223135,1456,13
48224249,3255,70
48225703,2602,143
48227871,8341,61
48228089,1894,143
48229732,5657,146
48229912,8095,143
48229921,4701,143
48229989,4983,70
48234681,2698,143
48234973,8700,70
48235382,7102,146
48235448,61,146
48236039,1726,143
48236204,6002,61
48236279,52,61
48237512,7757,143
48241660,27,74
48241942,6482,143
48242139,10057,61
48242209,242,61
48242483,5127,146
48242660,318,74
48243179,4301,26
48243572,24,74
48244031,24,74
48244135,3274,143
48245876,11,176
48246460,766,13
48246963,8,176
48247104,11,176
48247154,9,176
48247215,20,176
48247452,5412,143
48247606,7366,146
48247818,828,13
48248538,1556,61
48248866,10462,13
48248892,11,70
48248978,9491,70
48250297,865,13
48252119,76,61
48252142,5505,61
48252484,22,176
48252649,1091,61
48253078,468,61
48253288,22,176
48253425,61,143
48253603,18,176
48253859,25,61
48253991,15,176
48254106,68,61
48254334,30,61
48254487,9,176
48254880,41,61
48254972,5633,146
48255101,10,176
48255744,51,61
48256410,31,61
48256979,277,61
48257640,3756,61
48259328,8448,13
48261333,4129,61
48265398,3867,61
48266331,795,13
48267780,33543,13
48269203,4285,61
48272299,14623,146
48272373,60,146
48273425,4232,61
48273940,1230,70
48275172,4439,70
48277594,4511,61
48279614,4574,70
48282041,3636,61
48284190,4545,70
48285614,4144,61
48286924,15496,146
48287402,10,176
48287812,186,176
48288738,4333,70
48289696,3545,61
48293074,10745,70
48293177,3828,61
48295731,61,43
48296941,4141,61
48297680,50,43
48297732,45,43
48297780,268,43
48298050,271,43
48298323,365,43
48301020,4546,61
48301256,1949,5
48301523,151,31
48301674,60,5
48302596,60,5
48302750,8548,13
48303233,5544,146
48303821,8583,70
48304221,1344,5
48304653,10,146
48304804,8,146
48304867,7060,146
48305005,6810,32
48305493,5154,61
48305946,2404,5
48307848,2289,11
48308778,7272,146
48308829,111,99
48309036,30,13
48309073,69,99
48309403,1971,13
48309513,815,99
48310518,47,99
48310583,5393,61
48310645,245,99
48310648,72,61
48310758,137,99
48311147,8397,58
48311297,6638,13
48312129,75,99
48312223,558,99
48312276,502,99
48312407,4362,70
48312465,1614,36
48312535,4527,75
48312835,137,54
48313194,287,54
48314824,1114,99
48314871,1069,99
48315444,266,1
48315944,3857,61
48316052,6298,146
48316126,128,1
48316180,1326,99
48316244,1263,99
48316448,2329,9
48316772,4398,70
48317626,1858,5
48317856,21,1
48317941,20,1
48318266,23,1
48318773,22,1
48318873,19,1
48318939,25,1
48319313,1767,9
48319428,280,1
48319737,4832,61
48319883,1257,179
48319992,38,203
48320111,1107,99
48320280,940,99
48320317,13,178
48320377,305,1
48320450,66,203
48320474,683,178
48320507,2782,26
48320846,162,1
48321173,4406,70
48321740,150,1
48322085,148,1
48322135,70,203
48322348,8685,146
48322353,443,99
48322372,2650,1
48322494,794,9
48322556,238,99
48322825,538,178
48323085,6481,58
48323099,2055,5
48323427,218,99
48323483,4991,9
48323953,11,203
48324270,65,203
48324376,503,99
48324412,345,178
48324451,1134,99
48324523,6506,61
48324704,7380,13
48324758,3298,71
48324930,650,99
48324931,70,5
48325485,653,178
48325509,123,203
48325582,4491,70
48325967,857,99
48326027,802,99
48327081,113,24
48327786,573,99
48327836,523,99
48327868,1311,178
48328552,1097,11
48328651,363,205
48329044,525,205
48329580,488,58
48329583,155,205
48329755,1082,205
48329996,249,11
48330018,1050,99
48330070,995,99
48330075,7855,70
48330080,1689,58
48330799,557,5
48331004,535,205
48331011,4812,61
48331029,7350,146
48331570,160,205
48331748,2194,205
48331985,663,1
48332078,240,11
48332084,8460,13
48332700,206,11
48334039,2222,5
48335762,4199,61
48336065,61,5
48336253,1617,13
48337931,4160,70
48338376,6210,146
48339898,5150,61
48340545,8509,13
48341264,15,176
48342093,4211,70
48344587,6393,146
48344600,107,146
48344989,3982,61
48346307,4659,70
48348905,4596,61
48349056,16615,13
48350968,6862,70
48353437,7221,61
48354133,3367,13
48355495,25,176
48355960,59,176
48356504,12882,70
48356855,17,176
48357703,14,176
48357832,7206,70
48358345,680,176
48359184,266,176
48360079,15377,146
48360097,120,146
48360594,6752,61
48360744,14,176
48361390,24,176
48361650,20,176
48362039,17,176
48363544,21,176
48363918,16,176
48364200,116,176
48364696,97,176
48365041,7092,70
48365291,21,176
48365546,270,176
48365674,17382,13
48365907,19,176
48366926,20,176
48367241,14,176
48367307,5437,61
48367935,14,176
48368260,34,176
48368832,17,176
48369958,15,176
48370441,14,176
48370630,14,176
48371704,27,176
48372158,35,176
48372740,4340,61
48374458,24,176
48375412,15443,146
48375476,24,176
48376393,22,176
48376971,17,176
48377075,4167,61
48377119,51,61
48377169,1120,205
48377390,39,176
48381180,4499,61
48382130,65,43
48383057,24261,13
48384040,66,146
48384106,52,43
48384161,49,43
48384212,360,43
48384575,386,43
48384963,380,43
48385615,4694,61
48387715,214,5
48390246,5021,61
48390419,7725,146
48390472,2246,205
48391272,784,203
48392541,979,99
48392640,878,99
48392910,16,61
48393175,598,178
48393536,980,11
48393832,573,178
48394033,16,61
48394454,604,178
48394742,1079,99
48394796,1023,99
48395116,587,178
48395144,12366,61
48395760,578,178
48396033,282,61
48396129,11347,203
48396386,574,178
48396515,10,61
48397006,602,178
48397089,10,61
48397190,584,205
48397364,525,99
48397381,82,54
48397411,476,99
48397520,78,54
48397669,582,178
48397745,11,61
48397835,7839,143
48397840,9554,143
48397844,406,143
48397868,67,54
48398141,9332,146
48398149,60,54
48398245,2290,143
48398297,601,178
48398565,1353,99
48398613,1319,99
48398713,64,54
48398779,9,61
48398958,67,54
48398963,398,178
48399002,8498,146
48399068,145,54
48399079,11,61
48399222,8253,205
48399224,37,143
48399365,91,54
48399458,579,178
48399886,66,54
48400087,65,54
48400095,7506,178
48400174,62,54
48400510,64,54
48408496,39,178
48408537,572,178
48409140,576,178
48409171,103,99
48409623,439,143
48409732,573,178
48409957,104,99
48410315,578,178
48410877,331,11
48410892,589,178
48411213,69,54
48411257,1278,99
48411313,1265,99
48411472,68,54
48411479,1103,178
48411506,9,61
48411550,4233,61
48411777,7,61
48412133,5433,146
48412347,474,146
48412592,9,61
48412621,643,178
48412646,92,54
48412824,91,54
48413019,88,54
48413126,89,54
48413226,92,54
48413272,7,61
48413659,7,61
48414248,66,54
48414259,4,61
48414322,6,61
48414427,64,54
48414470,200,61
48414485,238,11
48414518,66,54
48414602,121,54
48414603,35,143
48414800,64,54
48414961,66,54
48415054,2102,143
48415081,1882,178
48415290,100,54
48415298,163,11
48415301,12,61
48415359,2024,13
48415467,64,54
48415723,3212,61
48415894,260,11
48416232,10,61
48416389,222,54
48416557,1235,99
48417072,6454,143
48417095,4686,143
48417170,46,54
48417174,15,61
48417544,61,54
48417564,6053,146
48417825,9,61
48418079,51,54
48418214,71,54
48418340,1932,13
48418429,743,99
48418872,3503,61
48419311,14,61
48419771,107,99
48421780,2031,143
48422309,3791,61
48422495,59,143
48422859,1099,143
48422991,58,176
48423614,5767,146
48423812,7201,143
48423947,66,143
48424227,55,176
48424972,4669,143
48424993,74,176
48425563,74,176
48426037,3860,61
48426344,218,176
48426668,794,176
48429333,1293,143
48429377,5627,146
48429531,8174,143
48429585,1995,143
48429891,4818,61
48431833,60,143
48432874,3364,143
48434647,5351,61
48436211,60,143
48436298,1885,143
48436516,1495,143
48437131,59,143
48437508,20230,70
48438124,7473,143
48439161,58,143
48439680,5433,143
48439932,11316,61
48443749,13118,70
48444712,4059,143
48444753,16176,146
48444840,61,146
48445008,7853,143
48445054,1999,143
48446142,13196,176
48447613,75,143
48449168,9447,143
48451240,11167,61
48452165,1992,143
48458417,5799,70
48458539,7529,143
48458568,2003,143
48459690,230,176
48459991,28,143
48460016,1200,143
48460581,7461,143
48460594,5503,143
48460623,807,176
48460939,13598,146
48462358,212,176
48462375,5688,61
48464218,8999,70
48464816,188,176
48465248,1056,176
48466740,486,176
48467548,1027,143
48468014,3139,61
48468066,6782,143
48468531,269,43
48470069,1968,143
48471152,3301,61
48471576,60,143
48472230,395,201
48472359,519,201
48472530,1790,201
48472658,1685,201
48473239,5283,143
48474112,7903,201
48474228,7967,201
48474445,7385,61
48475011,883,143
48476064,5083,146
48476095,28,146
48476096,7504,143
48476106,5097,143
48476300,68,143
48477272,917,146
48478521,2136,143
48479437,61,143
48480594,4183,143
48480766,1693,99
48480824,3634,99
48481143,5141,146
48481196,62,146
48481258,1082,9
48481319,492,11
48481812,6650,61
48483026,13,74
48483035,14,178
48483041,5,178
48483123,51,178
48483221,223,99
48483396,16,74
48483620,102,178
48483642,2057,143
48483699,177,178
48484008,227,178
48484300,650,178
48484972,671,178
48485561,1284,146
48485571,22,201
48485595,20,201
48485699,664,178
48485730,7739,201
48485736,7802,201
48486284,6686,146
48486426,1253,178
48486463,122,99
48487108,3580,99
48487694,45,178
48487758,49,178
48487823,44,178
48487841,1962,143
48487887,109,178
48487902,498,13
48488280,114,178
48488648,4505,61
48488696,97,178
48489253,1278,70
48489340,1956,13
48489697,53,178
48489757,9,61
48489832,11,61
48489923,1224,178
48490835,1332,146
48491191,595,178
48491668,242,61
48491720,326,99
48491798,870,178
48492417,1032,143
48492675,94,99
48492704,860,178
48492949,23,143
48492968,6176,146
48493091,5958,61
48493385,7523,143
48493394,4213,143
48493449,1245,61
48493540,747,99
48493614,76,178
48493739,1278,178
48494088,7847,201
48494100,7857,201
48494256,171,203
48494725,186,203
48495068,1638,178
48495088,442,99
48495226,304,99
48495492,518,146
48495637,5676,146
48496165,334,99
48496476,531,9
48496700,1134,178
48497414,1048,99
48497479,107,99
48497596,1971,143
48497854,622,178
48498027,433,99
48499014,5608,61
48499041,447,61
48499054,184,99
48499144,5834,146
48499464,325,99
48499516,274,99
48499901,539,24
48499922,1579,143
48500345,184,99
48500555,717,99
48500612,660,99
48501337,848,9
48501430,7637,143
48501441,4685,143
48501957,565,99
48502038,503,99
48503676,101,99
48505438,1327,176
48505677,10046,70
48505960,48,99
48505964,7801,70
48506129,2116,143
48506214,36,99
48507061,997,99
48507343,1013,176
48507461,1130,143
48507558,3036,58
48508276,24,143
48508515,7535,143
48508526,4610,143
48508746,84,176
48509054,52,176
48509172,11509,201
48509190,11611,201
48509470,78,176
48511358,86,176
48512072,71,176
48513012,67,176
48513132,2093,143
48515083,1282,143
48515721,9966,70
48516292,7501,143
48516304,4137,143
48519125,311,176
48519540,55,176
48519993,56,176
48520503,27,176
48521122,25,176
48521613,305,176
48521966,406,176
48522208,8161,201
48522212,8135,201
48522371,59,143
48522557,242,176
48522645,1088,143
48523669,6721,143
48523680,4141,143
48525688,9520,70
48529417,27,176
48529963,28,176
48530114,970,143
48530313,8,176
48530523,55,176
48531052,798,176
48531062,4586,143
48535213,8736,70
48536131,52,176
48536157,56,176
48536244,302,176
48536846,922,143
48537269,7389,143
48537831,3196,143
48537836,1948,143
48537898,60,143
48538051,28,176
48538362,131,176
48539363,7458,143
48541119,196,176
48541369,2060,143
48545645,8089,70
48554931,64,43
48563354,630,178
48565207,9439,178
48566916,252,10
48567745,244,10
48567989,235,10
48568224,174,10
48568458,181,10
48568700,446,10
48569206,180,10
48569386,241,10
48569627,502,10
48570189,179,10
48570368,240,10
48570608,208,10
48571151,239,10
48574348,47,43
48574350,6602,58
48574397,73,43
48574473,343,43
48574820,192,43
48575015,512,43
48576268,6,30
48576547,267,30
48576559,2457,1
48576899,11619,38
48577067,4572,96
48577392,2295,205
48577992,6060,146
48578131,6978,146
48578668,7863,201
48578673,8362,201
48578750,2533,143
48578866,861,5
48578964,155,21
48579485,619,21
48579683,71,203
48580137,94,203
48580225,100,26
48580461,1411,30
48580548,12,26
48581561,1732,143
48581878,7,203
48581894,1882,30
48581945,7747,143
48582335,8563,70
48582340,182,203
48582453,80,201
48583484,8939,201
48583488,12340,201
48583671,1003,143
48583680,5988,143
48583857,147,178
48584052,4583,146
48584167,18,178
48584203,394,178
48584335,11,178
48584998,440,178
48585592,7,178
48585776,366,178
48585799,326,99
48585864,339,21
48586145,9684,61
48586203,25,178
48586236,6,178
48586302,5,178
48586367,6,178
48586381,8148,62
48586430,2718,83
48586485,7,178
48586551,6,178
48586632,461,21
48586751,57,178
48586993,11202,178
48587799,68,99
48588302,780,99
48588635,5189,146
48589064,376,143
48589074,1328,143
48589641,182,99
48589922,721,99
48590007,58,143
48590064,1507,9
48590355,7764,143
48590707,2247,143
48590806,1626,99
48591078,6612,143
48591111,1311,99
48591188,459,21
48593027,1169,58
48593064,152,99
48593222,632,99
48593475,40,21
48593679,36,21
48593729,13310,96
48593823,6525,146
48593933,26,176
48594016,29,146
48594380,7,176
48594729,29,21
48594764,484,21
48595136,61,143
48595310,60,143
48595506,15,21
48595565,2061,21
48595724,249,83
48595769,4440,61
48596509,575,83
48597254,659,83
48597664,2673,143
48597934,28,21
48599029,122,83
48599245,247,83
48599720,73,83
48599811,253,83
48600077,21,176
48600145,4122,61
48600482,239,83
48600521,6866,146
48600538,60,146
48600974,10,178
48600983,29,83
48601020,236,83
48601041,9,178
48601105,7,178
48601171,7,178
48601238,7,178
48601269,497,83
48601302,8,178
48601367,8,178
48601416,2376,143
48601432,7,178
48601497,7,178
48601567,7,178
48601632,9,178
48601697,7,178
48601762,7,178
48601827,6,178
48601893,7,178
48601914,521,83
48601958,8,178
48602024,7,178
48602089,9,178
48602154,7,178
48602220,8,178
48602287,8,178
48602352,8,178
48602418,9,178
48602483,7,178
48602542,8025,70
48602548,9,178
48602613,6,178
48602678,8,178
48602743,7,178
48602808,6,178
48602875,7,178
48602941,9,178
48603006,6,178
48603072,15,178
48603150,6,178
48603217,9,178
48603282,8,178
48603347,7,178
48603412,8,178
48603477,6,178
48603544,24,178
48603609,7,178
48603674,6,178
48603743,19,178
48603808,8,178
48603875,9,178
48603942,6,178
48604006,6,178
48604071,6,178
48604136,6,178
48604202,6,178
48604227,3408,61
48604267,7,178
48604333,6,178
48604397,6,178
48604462,6,178
48604528,8,178
48604593,7,178
48604658,6,178
48604733,7,178
48604798,7,178
48604864,6,178
48604929,7,178
48604994,7,178
48605059,7,178
48605124,7,178
48605191,7,178
48605256,7,178
48605321,7,178
48605385,6,178
48605453,7,178
48605519,7,178
48605584,7,178
48605649,7,178
48605714,6,178
48605779,7,178
48605844,7,178
48605908,7,178
48605973,7,178
48606038,6,178
48607573,3659,61
48610218,1615,143
48611171,7321,61
48611792,7576,143
48611818,6577,143
48611834,12957,70
48613999,182,83
48614062,13741,146
48614136,27,146
48614254,2265,83
48617428,27,176
48617879,3146,83
48618335,2276,143
48618435,46,176
48618468,3431,61
48621073,58,61
48622662,37,176
48623027,37,176
48623319,42,176
48623807,34,176
48624197,529,176
48624414,5274,61
48624793,13718,70
48624863,5067,83
48624924,438,176
48627805,14877,146
48629627,5803,61
48631302,1795,143
48632509,853,176
48633072,6177,143
48633093,6162,143
48634772,30,205
48635345,1651,176
48635667,7528,61
48636969,348,176
48637762,5,176
48637814,100,176
48638054,118,176
48638076,1165,205
48638880,1775,143
48638944,59,143
48639236,7294,143
48639258,3579,143
48640789,14310,70
48640976,4409,143
48641330,131,43
48642280,2368,9
48642858,25791,110
48643182,6210,61
48643197,82,146
48643515,5914,178
48643873,12,205
48644661,2475,9
48644912,62,143
48645113,989,143
48645361,7893,143
48645383,2416,143
48645790,282,43
48645845,2602,205
48646374,2899,143
48646526,1241,6
48646824,5946,5
48648819,1227,6
48649096,11178,96
48649337,6,173
48649355,3809,61
48649497,8,173
48649600,4763,178
48649878,12,173
48650046,5161,146
48651511,421,99
48652212,558,99
48652406,1836,143
48653101,823,21
48653119,8842,61
48653162,3221,62
48653442,1108,99
48654159,1213,21
48654164,7649,143
48654180,5386,143
48654437,18,207
48655008,2291,99
48655101,5093,70
48655204,8375,146
48655753,581,99
48655766,8742,178
48655822,952,5
48655912,137,21
48656056,14,207
48656180,591,26
48656268,6395,70
48656300,146,26
48656397,260,21
48656648,1293,26
48656701,3260,62
48657050,10,74
48657326,540,99
48657353,24,207
48658359,15,207
48658984,37,207
48659065,1176,5
48659123,35,207
48659461,743,21
48659518,10,173
48659796,487,99
48660032,35,207
48660195,8770,70
48660360,1844,143
48660367,493,21
48660783,573,99
48660885,476,99
48661664,24,143
48661677,3210,62
48661945,832,61
48661949,4286,58
48662086,616,99
48662229,5517,143
48662707,852,99
48663005,3654,61
48663569,5472,146
48663716,8223,143
48664686,37,207
48664772,1215,26
48664838,25,207
48665070,39,207
48665174,803,99
48665502,58,207
48666021,4872,178
48666153,2912,143
48666195,42,207
48666227,444,146
48666360,32,207
48666402,468,99
48666511,31,207
48666615,26,207
48666661,27,207
48666758,28,207
48666824,1890,58
48666916,23,207
48667095,21,207
48667201,13,207
48667275,417,99
48667747,1956,143
48668349,391,99
48668682,932,99
48669040,3067,146
48669044,4523,146
48669055,60,146
48669231,934,58
48669385,1687,58
48669559,1994,26
48670257,413,99
48670741,3285,99
48671096,4316,58
48671305,5507,70
48671956,94,13
48671984,1748,5
48672103,177,146
48672273,2101,143
48672281,6293,178
48672284,12,207
48672409,100,13
48672651,262,13
48673116,63,13
48673358,23,13
48673407,1206,146
48673419,5982,13
48674882,902,146
48675158,1222,146
48675286,1625,5
48675413,22,143
48676609,134,54
48676901,1794,26
48677054,1138,173
48677161,420,11
48677328,118,146
48677473,1366,146
48677489,2679,99
48677587,506,26
48678386,12,207
48678744,5334,146
48679690,22197,96
48679947,9598,178
48679969,1281,173
48679979,21,207
48679980,22,173
48680118,11,173
48680314,14,207
48680403,10,207
48680446,1885,143
48680492,10,207
48680541,9782,61
48680546,132,13
48680573,50,207
48680574,32,61
48680718,33,207
48680840,44,207
48680848,114,13
48680855,3569,75
48681017,98,207
48681347,51,207
48681525,34,207
48681634,22,207
48681721,1387,173
48681754,26,207
48681802,12,173
48681841,25,207
48681932,21,207
48682008,18,207
48682093,9,207
48682182,35,207
48682225,7881,143
48682256,6835,143
48682414,33,207
48682513,38,207
48682638,38,207
48682875,44,207
48683007,64,207
48684075,7834,146
48684355,1459,173
48684440,10,173
48684591,523,13
48684757,7,173
48685239,130,13
48685419,5955,13
48685647,7,173
48685909,79,173
48685926,1911,173
48686004,10,173
48689025,3045,143
48690261,6711,61
48690908,5726,178
48691368,6866,13
48691909,8766,146
48696230,9918,70
48696907,10728,61
48697032,62,143
48697424,2501,143
48698020,13299,178
48699849,7534,143
48699861,7544,143
48703972,5462,70
48705307,3273,143
48706727,13781,146
48706800,121,146
48707355,7692,143
48707404,2383,143
48707576,1209,61
48708585,5046,143
48712707,4514,178
48713569,2446,143
48713928,487,176
48718562,3688,178
48720508,14718,146
48723630,3697,178
48727730,82,43
48728696,3699,178
48733375,9612,61
48733762,11735,178
48734793,62,143
48735040,2592,143
48736464,5707,13
48737402,9840,70
48737562,24,173
48737584,1913,173
48737591,7042,143
48737612,6673,143
48738379,8907,146
48740345,16,173
48740434,1450,173
48742162,6079,13
48742733,1843,143
48742921,10775,61
48744216,7822,143
48744243,2856,143
48746088,4656,143
48746885,11092,178
48746905,13,173
48747232,1485,173
48747242,9456,70
48747283,9294,146
48748233,6658,13
48749449,1194,173
48749777,2119,143
48750722,7967,143
48750745,2304,143
48750964,9,173
48751085,15,173
48751168,20,173
48751254,9,173
48751375,2033,173
48752865,4632,143
48753634,146,61
48753698,58,61
48753867,14107,61
48753880,27,61
48753941,34,205
48754067,57,205
48754234,1393,173
48754283,17,173
48754492,7,173
48754886,6005,13
48754890,70,205
48756130,14,173
48756573,8959,146
48756637,62,146
48756701,7573,70
48757598,1286,143
48758397,60,143
48758832,8179,143
48758849,5324,143
48759350,6513,178
48760884,5839,13
48764276,7916,70
48764467,61,143
48765527,9697,146
48765566,2287,143
48766717,6541,13
48767130,7836,143
48767246,3706,178
48769375,2124,143
48771500,2778,143
48772125,11549,61
48772316,7194,178
48773063,66,143
48773534,13,74
48773721,10117,96
48773732,15,113
48773747,2002,143
48773850,184,74
48773862,21,74
48774280,7775,143
48775034,43,74
48775223,914,146
48775327,27,74
48775522,801,74
48775577,28,74
48776038,615,74
48776185,23,113
48776574,5742,143
48779676,19,113
48780107,590,74
48780789,456,74
48780889,10515,178
48781377,22,113
48781585,2165,143
48781868,1209,74
48782251,112066,143
48782260,7971,70
48782305,2282,143
48783653,13439,61
48784344,6040,143
48789357,2189,143
48789882,136,146
48789955,126,146
48790223,7809,70
48790321,7782,143
48790359,2045,143
48791533,5516,143
48792812,9188,178
48793724,4464,143
48797049,13046,61
48798043,8645,70
48800264,433,143
48801511,2001,143
48803351,3693,178
48804313,2100,143
48808187,2451,70
48808419,3706,178
48813482,4823,178
48814131,965,43
48815693,114,62
48816053,4300,62
48817007,999,43
48818012,990,43
48819007,943,43
48819557,957,146
48819693,5319,178
48819955,984,43
48820381,1767,62
48820944,947,43
48821892,11,173
48822932,858,62
48824116,6431,62
48826384,5286,178
48826595,12,13
48828242,9587,13
48831343,89031,64
48831761,1104,64
48832888,2586,64
48833020,7091,178
48833175,175,97
48833213,7828,62
48833223,25764,110
48837827,9790,13
48841457,7055,178
48841741,7739,62
48847619,9773,13
48849475,3391,58
48849910,4491,178
48854533,120,95
48855138,277,95
48855633,348,95
48855845,5584,178
48855971,5829,5
48856283,5955,5
48856504,23258,5
48857393,7766,13
48857633,7192,62
48861888,1397,201
48862822,6186,178
48863304,1187,201
48865162,7600,13
48865555,6430,62
48865983,321,201
48868938,949,146
48868965,934,146
48870357,3997,178
48872763,7695,13
48874689,3639,178
48878405,8,178
48878502,8,178
48878571,9,178
48878639,8,178
48878708,24,178
48878779,8,178
48878847,9,178
48878916,9,178
48878985,8,178
48879053,8,178
48879123,917,178
48879193,922,178
48879261,917,178
48880460,7735,13
48888195,12817,13
48900530,935,43
48901016,6442,13
48902673,10,178
48902742,8,178
48902814,8,178
48902968,8,178
48903028,4778,201
48903036,109,178
48903286,3674,178
48903371,1014,43
48903629,4177,201
48904391,1034,43
48905430,932,43
48906367,1154,43
48906646,13727,84
48907526,252,43
48908348,6299,178
48911204,1318,58
48911884,5968,61
48917195,8,26
48920725,5511,62
48920792,3562,99
48921925,2941,26
48922889,7209,201
48922924,2086,201
48924312,5196,99
48925127,1214,178
48925229,3112,173
48926395,1766,178
48926504,6425,61
48926621,2954,62
48927079,5,178
48927208,4330,178
48928754,1261,178
48930022,1084,178
48930099,2127,21
48931110,901,178
48931535,940,38
48931686,4048,178
48932164,87,178
48932266,663,178
48932591,1398,21
48932765,2967,62
48932918,5124,61
48932948,695,38
48932992,1243,178
48933042,5134,58
48933287,1261,11
48934260,76,178
48934385,1096,178
48934899,488,21
48935532,1283,178
48935552,1228,21
48935825,4396,178
48935933,5882,13
48936792,13384,61
48937057,198,11
48937101,30,207
48938002,140,61
48938114,14,36
48938159,10211,61
48939914,460,21
48940604,521,21
48940626,28657,62
48941160,13634,70
48941201,1319,21
48941619,3714,178
48941812,9489,13
48941849,8608,13
48942946,20,201
48943159,34488,201
48944524,40693,201
48946695,3706,178
48948310,13409,61
48950455,13439,13
48951626,7365,13
48951772,3695,178
48954796,14248,70
48956869,3849,178
48957102,12858,146
48957108,13402,146
48959067,7323,13
48960136,3169,95
48962090,3709,178
48968234,8769,13
48968372,3697,178
48973435,3689,178
48978519,3692,178
48982486,25806,13
48982487,8600,70
48983583,3949,178
48986931,106,43
48986981,4002,201
48987243,7846,146
48988355,25777,110
48988889,1241,36
48988891,3709,178
48991101,9305,70
48992669,2252,62
48992918,6950,13
48993113,579,178
48993720,579,178
48993992,4341,178
48994326,589,178
48994932,570,178
48994945,59,178
48995538,578,178
48995977,5612,95
48996144,569,178
48996749,576,178
48997355,40,178
48997421,578,178
48997478,1305,36
48998027,427,178
48998198,16627,20
48998231,4183,62
48998526,1092,178
48998928,1741,11
48999004,97,168
48999130,2337,168
48999453,85,168
48999729,4683,178
48999754,2266,21
48999861,1493,178
49000012,251,201
49000060,2022,201
49000085,8658,13
49000332,149,205
49000853,1146,58
49002123,4341,205
49002200,7069,146
49002547,433,168
49002777,6524,61
49002806,264,21
49003180,113,21
49003529,3234,21
49003574,1327,58
49004241,2241,62
49004592,3803,178
49007558,245,133
49007953,1587,21
49008134,233,146
49008295,6402,13
49008385,3588,146
49008545,17,133
49008628,641,36
49008632,952,133
49009187,1224,13
49009273,166,61
49009303,60,61
49009402,149,36
49009541,629,36
49009667,855,178
49009670,4460,70
49009760,119,133
49009872,113,21
49009922,40,84
49009942,6670,178
49009976,116,61
49010038,64,61
49010103,60,21
49010257,40,61
49010286,51,61
49010393,65,61
49010406,27,61
49010436,36,61
49010472,3467,62
49010601,53,21
49010628,1255,178
49010805,1480,13
49011064,26,61
49011115,12,21
49011251,327,133
49011517,11,21
49011854,12,21
49011896,720,178
49011909,675,11
49012055,179,133
49012211,21,21
49012337,6986,61
49012512,33,21
49012622,1150,178
49013415,160,21
49013437,92,146
49013489,263,11
49013541,4996,146
49013829,75,178
49013880,1013,21
49013956,1011,178
49014943,1548,206
49014983,1237,178
49015004,776,146
49015309,10544,20
49015520,1225,21
49015689,2187,58
49016229,1963,133
49016269,33,207
49016305,154,178
49016519,125,178
49016636,7,96
49016945,589,178
49017324,14,207
49017387,1334,206
49017688,783,26
49017901,682,11
49018135,3056,58
49018185,4400,26
49018221,7392,178
49019141,486,11
49019183,118,178
49019308,177,178
49019317,5622,61
49019362,587,38
49019363,69,61
49019454,5912,206
49019481,92,178
49019544,340,178
49020005,45,38
49020025,110,178
49020069,1914,38
49020198,74,178
49020458,107,178
49020570,1351,178
49020769,4493,146
49020773,1980,13
49021603,15,207
49021805,1492,64
49021959,1218,178
49022603,67,207
49023228,1432,178
49023525,554,133
49023833,38,21
49023868,609,36
49024135,171,21
49024248,366,24
49024377,1042,133
49024511,709,21
49024570,77,207
49024678,1371,178
49024887,114,61
49025022,50,24
49025306,2134,146
49025397,14329,36
49025560,376,21
49025696,4419,178
49025707,63,207
49025817,52,207
49025997,52,207
49026018,97,21
49026069,1250,178
49026146,91,207
49026240,15591,70
49026307,74,207
49026383,371,21
49026400,10023,70
49026490,113,207
49026638,211,207
49026669,2158,133
49026915,176,207
49027193,131,207
49027359,571,178
49027405,10977,146
49027821,470,207
49027965,602,178
49028362,264,207
49028420,37,133
49028572,43,178
49028637,49,178
49028702,54,178
49028766,46,178
49028830,40,178
49028895,62,178
49028987,44,178
49029051,40,178
49031493,3691,178
49031533,27748,36
49031847,15,201
49031869,6307,201
49035507,7827,95
49036407,4205,70
49036559,3696,178
49038382,5258,146
49040544,5357,178
49041843,61,146
49042996,11694,70
49043934,9909,70
49044735,1449,201
49045992,10,178
49046260,7,178
49046325,8,178
49046389,8,178
49046455,7,178
49046521,8,178
49046587,7,178
49046651,9,178
49046718,968,178
49046782,911,178
49047060,676,201
49049189,4827,95
49054161,9250,70
49054636,12954,146
49067585,14256,146
49073246,4992,61
49073326,56,43
49074932,4814,178
49075312,50,43
49075363,25727,110
49075367,59,43
49075430,436,43
49075878,571,178
49076485,570,178
49077093,40,178
49077987,10648,36
49078187,3911,61
49078366,281,84
49079808,3714,178
49080034,650,62
49080498,5000,146
49080967,1130,64
49082900,263,21
49082948,1616,133
49083907,261,21
49084900,12,178
49084976,5244,178
49085124,4273,61
49085495,6384,146
49085817,442,54
49086041,514,21
49086633,450,133
49086636,494,20
49086866,1887,21
49087233,2717,20
49087236,233,133
49087547,2646,26
49088131,2693,5
49088143,77,5
49089376,6187,61
49089475,368,21
49090244,1218,179
49090275,5852,178
49090530,617,178
49090554,138,21
49091023,807,21
49091198,41,178
49091265,40,178
49091330,41,178
49091395,40,178
49091461,41,178
49091877,4972,146
49092036,10792,36
49092376,666,21
49093604,1453,62
49093761,1540,21
49095176,5340,62
49095537,4022,61
49095565,47,61
49095825,1012,133
49096175,4927,178
49096254,39,173
49096354,274,21
49096382,7,173
49096847,6696,146
49096876,153,21
49096940,6392,173
49096956,48,173
49097161,561,21
49097794,201,146
49098015,8663,146
49098119,109,21
49098525,106,21
49098691,24,207
49099457,26,207
49099506,4756,61
49100028,58,21
49100352,327,21
49100839,273,21
49101140,4336,178
49101451,582,21
49101454,4463,62
49102412,439,21
49102823,32,207
49103443,38,207
49103543,7593,146
49103869,169,21
49103936,1861,95
49104094,2069,58
49104132,49,21
49104249,6217,61
49104263,9811,20
49104336,77,207
49104488,12,207
49105253,10839,36
49105309,1355,21
49106086,105,95
49106164,3683,62
49106220,1617,133
49106416,9000,95
49106506,14,207
49106774,56,13
49107865,846,58
49108734,4507,58
49108874,390,54
49109254,9,1
49109345,18,1
49109410,18,1
49109559,287,54
49109787,1491,13
49110184,29,1
49110402,3874,61
49110468,60,61
49110599,9,96
49110603,21,1
49110731,6,96
49110793,560,133
49110880,5,96
49111104,5631,146
49111492,2283,21
49111601,399,54
49114214,4171,61
49116766,6145,146
49118371,4532,61
49119309,17755,36
49119390,16,1
49120172,16,1
49120887,18,1
49121259,20,1
49121384,15,1
49122149,17,1
49122646,15,1
49122897,4234,61
49122909,5724,146
49122912,70,61
49123664,29,1
49124524,15,1
49124668,8050,70
49125049,16,1
49126213,17,1
49126462,12,1
49126683,11,1
49126801,15487,95
49127069,3954,61
49127292,18,1
49127565,23,1
49127991,115,1
49130961,4189,61
49131941,17,207
49132714,1002,95
49132720,842,70
49135087,4286,61
49136161,7868,70
49136270,25,1
49136756,18,207
49137048,396,54
49137105,15403,146
49137537,446,54
49139311,4286,61
49143534,3733,61
49144028,8547,70
49147206,5318,61
49152494,3660,61
49152524,13907,146
49152578,7802,70
49156155,15,61
49159717,144,43
49161358,4317,178
49168006,115,133
49171478,1222,20
49171803,5872,38
49175740,60,31
49176551,661,31
49176551,988,31
49176912,59,31
49177092,59,31
49177212,386,31
49177409,18,207
49177728,4703,61
49177784,56,43
49177843,50,43
49177846,1858,26
49177896,245,43
49177934,191,99
49177985,35,207
49178143,289,43
49178435,351,43
49178837,19,207
49178882,20,207
49179194,21,207
49179444,18,207
49179741,19,207
49179775,327,61
49179986,1128,146
49180077,22,207
49180147,366,61
49180397,22,207
49180800,24,207
49181097,20,207
49181283,4939,146
49181496,25,207
49181996,3694,178
49182268,35,207
49182368,3930,61
49182575,30,207
49182821,308,84
49183258,54,207
49183327,24,207
49183356,6240,146
49183370,37,207
49183775,925,36
49183895,17,207
49184135,347,10
49184298,19,207
49185134,286,1
49185427,8587,70
49185474,625,1
49185478,3936,95
49185505,115,99
49185731,6352,178
49185909,1276,6
49186236,6759,61
49186485,9841,20
49186852,543,97
49186974,518,203
49187308,129,133
49187989,2670,133
49188293,450,36
49189112,7213,146
49189155,11,203
49189422,131,203
49189545,152,99
49189597,8089,146
49189602,537,203
49190117,13,206
49190149,6176,206
49190432,28,203
49190740,6945,203
49190832,144,99
49192991,7313,61
49192996,275,99
49193186,7118,178
49193502,3098,178
49193674,1344,133
49193693,8495,95
49193972,466,99
49194021,4358,70
49194049,1831,58
49194708,5595,206
49195287,627,13
49195316,107,133
49195531,633,99
49195906,4397,58
49196050,820,13
49196253,589,146
49196326,71,31
49196395,3914,146
49196397,56,31
49196507,12,10
49196663,59,31
49196934,152,31
49197012,2134,13
49197086,599,31
49197684,7986,146
49198242,120,31
49198362,21,31
49198382,8171,70
49198591,70,31
49198591,86,133
49199084,65,31
49199449,10,178
49199515,7,178
49199579,6,178
49199647,10,178
49199711,8,178
49199776,6,178
49199842,13,178
49199907,13,178
49199974,5,178
49200038,6,178
49200103,6,178
49200167,7,178
49200233,6,178
49200300,8,178
49200370,7,178
49200426,5139,61
49200435,7,178
49200500,6,178
49200503,144,31
49200567,15,178
49200653,2109,20
49200654,523,31
49201244,2190,13
49201255,120,31
49205504,4271,61
49205673,5587,146
49205685,61,146
49206555,23175,70
49207132,16404,95
49207941,80,1
49208167,3904,1
49209712,5550,61
49210706,7682,62
49213127,224,1
49213514,114,1
49215186,114,1
49215199,6937,61
49215992,114,1
49217497,46,20
49217565,234,20
49217923,94,1
49218199,18995,48
49218380,14126,70
49218455,83,1
49218961,80,1
49219527,83,1
49219544,13718,146
49219595,53,146
49220057,459,1
49221094,90,1
49221419,107,1
49222072,7023,61
49222153,106,1
49222372,105,1
49223154,224,1
49224089,265,1
49226482,9008,95
49229032,5808,61
49229731,6120,70
49233238,13957,146
49234772,3608,61
49235866,8299,70
49238320,3901,61
49242158,3570,61
49242892,11104,36
49245665,4268,61
49246131,47,43
49248047,97,43
49248125,3698,178
49248466,38,1
49249100,238,1
49249871,4868,61
49250846,3207,20
49251701,518,201
49251859,4377,178
49252371,211,201
49252597,713,201
49253223,8452,95
49253503,990,201
49253572,5824,146
49254098,1129,70
49254677,7002,61
49254813,277,84
49255228,4787,70
49255833,87,1
49255906,9998,201
49256086,90,1
49256591,6333,178
49256745,89,1
49257134,90,1
49257745,6224,62
49257851,1996,11
49258412,454,58
49258723,166,31
49258888,11520,58
49259021,178,31
49259319,60,31
49259393,5066,146
49259609,179,31
49259788,163,31
49259950,361,11
49260016,4726,70
49260087,120,31
49264433,5186,146
49264466,3809,178
49264745,8348,70
49265364,2512,62
49266058,5460,61
49266130,60,61
49266877,233,99
49268155,3265,62
49268344,4543,178
49268482,2224,71
49269438,102,31
49269539,91,71
49269631,6434,146
49269632,124,31
49269860,976,71
49269861,190,31
49270111,148,31
49270379,91,31
49270531,20,31
49270541,350,20
49270611,152,31
49270838,116,31
49270858,2731,71
49271026,47,31
49271204,27,31
49271221,851,99
49271294,57,31
49271422,98,31
49271454,5944,61
49271582,179,31
49271884,61,31
49271945,56,31
49272000,62,31
49272136,57,31
49272783,132,24
49272886,3203,62
49273018,574,201
49273095,8824,70
49273380,385,99
49273543,3243,58
49274245,3871,178
49274526,302,99
49274612,105,31
49274717,112,31
49275265,338,99
49276062,5491,146
49276090,61,146
49277282,590,99
49277349,4999,61
49277401,3170,62
49277890,222,99
49278003,1666,58
49278163,6615,178
49278681,362,99
49278741,5937,206
49279529,390,99
49279598,1546,71
49279815,6690,201
49280157,1157,24
49280454,761,99
49281173,3634,71
49281297,2723,13
49281396,975,201
49281552,6724,146
49281675,180,31
49281916,584,31
49281921,10815,70
49282286,7436,61
49282356,1084,99
49282500,116,31
49282616,133,31
49282618,2637,201
49282758,4205,146
49282829,134,31
49283083,8577,58
49283262,166,179
49283285,114,179
49283428,1726,31
49283458,1218,31
49283573,151,31
49283802,42,31
49284331,200,31
49284411,59,146
49284750,414,31
49284789,6502,178
49284873,236,31
49286255,1462,201
49286537,186,83
49286551,1181,201
49287543,1084,99
49287868,6930,201
49288274,5255,146
49288343,770,201
49289709,6288,61
49289721,591,99
49289733,60,61
49291349,6349,178
49292741,9388,70
49293529,5647,146
49295936,7127,61
49297727,5750,178
49302131,8706,70
49303000,1075,61
49303506,3991,178
49304054,21,61
49304069,51,61
49304080,545,61
49304665,848,61
49305516,241,48
49305667,405,48
49305934,13384,61
49307425,14164,146
49307540,3695,178
49310366,1226,13
49310840,8758,70
49311273,3689,178
49311591,4737,13
49315005,3700,178
49316331,4624,13
49318738,3689,178
49319256,13297,61
49319600,13726,70
49320957,4446,13
49321591,14927,146
49322471,3698,178
49325405,4636,13
49326210,3688,178
49329942,3690,178
49330044,11517,13
49332530,154,43
49332554,13788,61
49333328,13480,70
49333674,16,178
49334577,54,43
49334633,40,43
49334675,234,43
49334911,298,43
49335211,326,43
49340056,5256,146
49341562,8722,13
49342779,1199,201
49344123,65,84
49345310,8310,146
49346023,79,201
49346116,7236,201
49346344,13924,61
49346809,92220,70
49346819,3795,201
49350285,4874,13
49353617,5581,146
49353665,60,146
49355163,4791,13
49357535,2411,64
49359196,5282,146
49359956,4594,13
49360266,13666,61
49364475,5367,146
49364553,4743,13
49367605,413,48
49368788,236,61
49369298,8812,13
49369839,10594,146
49371212,31151,201
49371228,14153,201
49371235,11367,201
49371252,11373,201
49373933,14189,61
49378110,5608,13
49380434,11746,146
49383722,5219,13
49388124,13132,61
49388943,4520,13
49393001,2328,201
49393468,6883,13
49395296,8581,70
49398363,867,201
49400353,9878,13
49401258,14117,61
49415374,13596,61
49417305,13769,146
49418817,7788,13
49418931,53,43
49420869,85,43
49424608,538,61
49429017,7046,61
49429582,14,70
49429657,4117,70
49432201,1869,13
49432546,5451,146
49432824,1876,64
49436053,6707,146
49436056,13602,61
49437455,2079,13
49437998,8226,146
49439713,902,36
49439810,2634,13
49440351,1597,201
49440821,350,36
49441120,11464,36
49441205,169,133
49441645,4058,70
49441758,6376,201
49441925,414,70
49441986,10934,70
49442070,13798,36
49442800,4186,13
49443826,15955,95
49444849,21,13
49444896,3049,13
49446224,12341,146
49447059,11481,201
49447065,9988,201
49447502,1006,133
49447975,32,13
49448007,2340,13
49449158,818,133
49449625,13754,61
49450367,4351,13
49454948,14,13
49455293,13,13
49455429,16,13
49455576,13,13
49455905,993,133
49457732,9642,70
49457861,5976,70
49458541,5628,146
49463377,13452,61
49464190,5560,146
49464924,12348,36
49474681,1209,13
49476831,13545,61
49477898,14047,146
49477972,60,146
49482429,1421,70
49490377,12767,61
49491948,13361,146
49494221,4306,13
49495646,4503,70
49499953,4427,13
49503903,11554,36
49504460,9932,70
49505331,87,43
49507081,3926,178
49507311,53,43
49507366,47,43
49507415,216,43
49507515,571,178
49507633,278,43
49507913,377,43
49508123,564,178
49508730,580,178
49508887,4348,13
49509229,1171,71
49509336,40,178
49510491,6030,146
49511133,567,178
49511583,73,71
49511899,70,71
49512212,3857,95
49512387,1404,71
49512771,6937,146
49512784,60,146
49513615,3722,61
49513990,1507,71
49514129,1249,36
49515053,73,13
49515173,14,13
49515228,65,13
49515309,6434,13
49515689,701,11
49515819,2852,71
49516392,4411,58
49517051,131,99
49517275,6465,61
49517500,9,178
49517568,11,178
49517633,6,178
49517833,46,178
49518364,7855,178
49518432,3188,26
49518889,870,38
49519615,1305,43
49519709,11814,146
49519813,1119,83
49519958,1404,6
49520372,5175,38
49520926,3031,58
49520929,462,54
49521655,1497,6
49521742,1893,13
49522044,597,54
49522292,71,99
49522305,212,146
49522359,19,13
49522381,81,99
49522456,10354,70
49523136,199,43
49523160,7,6
49523282,4,146
49523318,780,146
49523337,4092,26
49523354,46,26
49523639,1975,13
49523724,8178,61
49523742,39,61
49523742,11082,146
49523780,6157,5
49523826,272,99
49524120,117,99
49524225,8759,95
49524286,2557,5
49524494,431,54
49524535,1002,83
49524793,4335,13
49524989,199,43
49525306,55,36
49525403,54,36
49525636,2014,13
49526328,4759,178
49528603,1977,54
49528859,276,99
49529130,10811,13
49530235,1832,71
49530889,1457,54
49531164,6896,178
49531521,7358,146
49531546,1310,31
49531592,1290,31
49531898,7724,61
49532066,7121,58
49532106,1079,71
49532553,15,54
49532758,18,207
49532811,4400,70
49532884,6645,54
49533061,19,13
49533184,69,36
49533188,5713,13
49533200,395,207
49533313,48,71
49534052,53,48
49534122,388,48
49534261,1680,207
49534861,13748,48
49535811,1558,11
49536274,271,99
49536344,195,99
49537799,1150,11
49537901,4192,71
49537905,413,99
49537969,302,99
49538711,107,13
49538759,6532,178
49538876,6334,146
49538896,54,146
49538898,337,13
49539063,447,36
49539200,4546,58
49539221,1979,13
49539265,884,99
49539339,808,99
49539595,6559,61
49539944,8401,13
49540016,994,11
49541342,332,31
49541364,331,31
49541547,558,75
49541839,265,99
49541951,145,99
49541974,6,75
49542085,5,75
49542218,5,75
49542345,351,75
49543304,174,83
49543488,120,83
49543508,56520,13
49543640,289,83
49544346,4493,70
49545208,6911,146
49545328,7132,178
49545459,581,83
49545486,1242,28
49545506,366,28
49546066,250,83
49546092,7408,61
49546523,221,83
49546541,384,38
49546934,8244,38
49547466,1270,83
49547483,367,83
49547889,275,83
49548138,1714,36
49548166,13246,54
49548191,418,83
49548938,143,28
49549119,1080,28
49549224,312,83
49549291,9889,70
49549576,115,83
49549702,134,83
49549974,8824,13
49551207,15892,36
49552120,5395,146
49552564,6288,178
49554697,13658,61
49555192,45,146
49556718,10977,95
49557698,1290,133
49558821,6,70
49559141,25,70
49559614,7,70
49559657,77,70
49559830,4414,13
49559856,84,70
49559866,8745,70
49559867,73,70
49560143,426,70
49560570,22471,70
49564249,7993,13
49568479,14144,146
49568554,58,146
49572998,8391,70
49578838,14032,13
49580344,12774,61
49582625,17391,146
49587232,8648,70
49591730,112,43
49593246,6580,61
49597114,1413,5
49597540,4670,70
49599027,7973,146
49599580,7776,95
49599722,405,75
49600049,3738,178
49600087,39,13
49600173,73,178
49600188,4080,61
49600263,7941,13
49600716,10,70
49600826,5558,70
49600978,1233,75
49601263,15958,13
49602121,449,36
49602213,4690,70
49602368,40,146
49602371,1255,75
49603121,8893,95
49603847,6824,178
49603940,1227,178
49603984,42,146
49604141,1011,133
49604206,5703,61
49604576,633,207
49604901,427,146
49605010,6066,146
49605297,857,133
49606254,2358,75
49606384,5925,70
49606907,4783,70
49606998,8479,146
49609956,1189,36
49610715,3952,178
49610891,4588,75
49611094,33,207
49611389,100,96
49611872,3622,75
49611947,86,96
49612140,8507,70
49612249,80,96
49612310,5725,70
49612410,858,58
49612543,286,96
49612676,624,133
49613136,289,96
49613484,412,133
49615438,59,47
49615470,11262,146
49615499,60,146
49616089,11,47
49616197,17,47
49616201,112,96
49616306,3888,47
49616711,19,207
49617221,4798,13
49617552,4310,5
49617996,238,133
49618039,10423,70
49618117,582,5
49618188,1835,5
49618356,2277,26
49618379,1468,36
49619351,10012,36
49619752,51,54
49620648,227,47
49620652,30886,70
49620875,82,47
49620973,71,47
49621065,500,47
49622041,4007,5
49622369,101,13
49622494,6968,13
49622766,4643,61
49623553,510,61
49624086,10,1
49624113,90,11
49624215,113,96
49624282,7,1
49624473,10,1
49624592,111,96
49624660,10,1
49625383,12,1
49625450,4519,13
49626068,10,1
49626399,1462,58
49626737,12870,146
49626801,61,146
49627103,5101,134
49627310,582,133
49627346,5114,61
49627439,3802,178
49627740,823,26
49627806,1682,11
49627864,37,1
49627875,218,58
49627963,1655,75
49628442,35,1
49628465,8480,70
49628558,284,133
49628867,198,58
49629475,1146,133
49629687,2690,58
49629905,1990,75
49630244,104,47
49630360,384,47
49631171,845,36
49631589,142,47
49631612,2935,75
49631720,2524,75
49631777,116,47
49632023,18161,95
49632042,50,47
49632124,119,47
49632300,66,47
49632381,5472,61
49633017,22,47
49633026,78,58
49633061,19,47
49633111,319,47
49633241,185,47
49633402,144,47
49633689,8317,13
49633755,22,47
49633846,28,47
49633935,38,47
49634782,16,47
49634936,120,47
49635106,51,47
49635308,145,47
49635495,73,47
49635593,80,47
49635710,76,47
49635827,112,47
49636190,3161,47
49637791,6207,61
49637943,10678,70
49639355,5761,47
49639606,12156,146
49640019,10071,36
49640274,15,1
49640831,4359,13
49640876,626,83
49641305,20,1
49641761,15,1
49642004,11117,13
49642164,13,1
49642721,13,1
49643000,24,83
49643032,177,83
49643237,170,83
49643436,175,83
49643552,19,1
49643589,12332,178
49643932,5,36
49643936,3452,61
49644599,16,1
49645124,10803,47
49645248,15,1
49645748,16,1
49647362,1231,134
49647403,9226,134
49647409,15793,61
49647431,109,54
49647432,32,61
49648129,38,54
49648378,8167,54
49655266,6383,13
49655916,6814,47
49655931,7461,178
49656362,201,83
49659398,16143,146
49659413,59,146
49659666,16109,70
49662712,6530,47
49663141,14156,61
49663397,7275,178
49669258,6625,47
49670685,7226,178
49675482,14090,146
49675928,6700,47
49676662,111,36
49677970,7258,178
49678131,148,43
49678999,15,1
49679511,15,1
49679556,3,36
49679597,2,36
49679725,2,36
49680367,144,84
49680507,10,1
49680578,1233,84
49680702,571,178
49681279,4172,61
49681807,1239,84
49681824,67,84
49681840,3,36
49682077,11,1
49682081,66,36
49682151,9902,36
49682543,12,1
49682657,6702,47
49682905,8,1
49683552,9,1
49684123,8,1
49684608,1229,43
49684657,8,1
49684892,6,1
49685256,7304,178
49685341,7,1
49685427,3821,61
49685833,6,1
49686265,8,1
49686432,8,1
49686602,668,95
49686634,10,1
49687495,7,1
49687656,881,133
49688186,7,1
49688198,6,1
49688456,10,1
49688682,6,1
49688823,8752,95
49688907,6,1
49689117,35,1
49689225,4630,61
49689248,2576,26
49689249,70,61
49689406,6066,47
49689413,27,1
49689693,28,1
49689744,55,134
49689809,2313,134
49689817,1264,1
49690449,5952,5
49690489,1830,38
49690501,129,58
49690701,10349,70
49691160,1009,178
49691375,8,1
49691405,96,58
49691746,312,133
49691747,1585,58
49691810,9,1
49692192,11798,146
49692219,1245,13
49692233,232,134
49692268,959,11
49692335,291,133
49692607,4368,178
49692725,4985,134
49693410,1533,38
49693521,1653,13
49693786,6503,61
49695002,852,58
49695241,1814,13
49695288,1147,133
49695490,5342,47
49695878,9,1
49696090,8,1
49696166,1753,38
49696254,548,58
49696361,10,1
49696419,30,207
49696664,8,1
49696964,1236,1
49697033,107,36
49697049,5325,13
49697069,5375,178
49697190,849,133
49697315,731,36
49697672,24,207
49697698,2182,58
49698259,1503,38
49698341,1272,1
49698627,8729,95
49698637,303,133
49699834,575,1
49700227,5496,61
49700818,11,1
49700851,4541,47
49701180,1981,38
49701232,13,1
49701493,753,36
49701579,217,96
49701646,11,1
49701928,216,96
49702037,10,1
49702245,8,1
49702333,10833,36
49702366,230,96
49702372,2581,13
49702411,31,207
49702489,17239,70
49702545,14386,70
49702705,17,1
49702788,9,1
49703191,8,1
49703373,7,1
49703594,9,1
49703986,14,1
49704065,5763,178
49704127,11,1
49704131,17703,146
49704292,183,133
49704345,8,1
49704557,8,1
49704949,1902,13
49704995,9,1
49705433,2089,47
49705706,5943,61
49705724,1248,1
49705802,1704,11
49705916,490,26
49706190,3784,26
49706352,2416,58
49706541,728,36
49706703,2066,206
49706843,2420,13
49707364,1490,24
49707657,1230,38
49708583,304,24
49708616,12,96
49708705,721,38
49708720,592,178
49708780,14,96
49708792,3478,206
49708876,1653,58
49709224,9,1
49709261,2031,13
49709284,171,96
49709441,2947,38
49709721,10,1
49709856,8203,178
49709949,194,96
49710053,13,1
49710241,466,96
49710415,10,1
49710740,119,1
49711286,1541,13
49711571,27,1
49711645,10512,61
49711648,929,146
49711711,46,61
49711746,621,207
49712221,4568,146
49712379,1224,207
49712425,8709,95
49712823,2194,13
49712857,3986,133
49712918,25,1
49713155,2634,38
49713303,23,1
49713387,21,1
49713881,1793,207
49714852,106,36
49715016,1737,13
49716745,6060,13
49717547,5846,70
49717946,624,207
49718109,4361,178
49719117,1022,38
49719139,3639,38
49721832,5938,146
49721896,61,146
49722094,3907,61
49722508,3989,178
49722810,4318,13
49723395,8311,70
49724050,22,1
49724405,22,1
49724700,21,1
49724863,19,1
49725537,22,1
49725993,530,61
49726071,31,1
49726535,13674,61
49726546,4196,178
49727231,67,13
49727585,102,13
49727770,11572,146
49728248,24,1
49728615,125,13
49728874,14009,70
49729626,68,13
49730005,15388,13
49730769,6860,178
49730784,14991,13
49732719,12,1
49733241,34,1
49733561,40,1
49733954,31,1
49734487,34,1
49734784,24,1
49734847,186,1
49735814,220,1
49736219,220,1
49736464,121,1
49736849,121,1
49736878,1258,70
49737088,115,1
49737213,134,1
49737507,122,1
49737635,6154,178
49738138,10136,70
49740146,13196,61
49741800,13379,146
49743842,3816,178
49747705,3695,178
49748277,9334,70
49751447,3795,178
49755032,211,176
49755201,14195,146
49755251,3868,178
49755878,221,176
49757615,7866,70
49758759,218,176
49759176,4186,178
49763523,406,176
49763703,59,31
49763762,1384,31
49763822,3360,31
49763882,14583,31
49764530,147,43
49764591,13723,31
49765446,873,31
49765567,59,31
49765686,120,31
49767121,1112,178
49778685,6260,61
49778750,5041,5
49779169,85,43
49779257,62,43
49779323,204,43
49779529,528,43
49780032,3466,38
49780060,561,43
49780155,1046,178
49780854,110,5
49780956,25,207
49781049,1742,5
49781076,127,207
49781325,1161,21
49782723,73,207
49783163,483,21
49783234,4240,178
49783631,32,207
49783806,5088,95
49783944,9745,95
49783969,2092,38
49785104,1115,178
49785241,4857,61
49786865,7650,70
49787318,5120,70
49787525,4738,178
49787536,556,13
49787673,771,21
49788087,2199,13
49789308,792,21
49789499,8719,95
49790037,7100,61
49790281,2214,13
49790528,835,21
49790580,8766,146
49790704,876,21
49791790,3788,206
49792294,5281,178
49792439,5899,70
49792491,2187,13
49792704,472,207
49792857,1777,38
49793065,846,21
49793683,765,207
49794465,853,207
49794514,8718,70
49794674,2789,13
49795004,1675,95
49795218,841,21
49795396,3519,38
49796395,6609,206
49797076,6089,61
49797458,2164,13
49797597,4123,178
49798340,5947,70
49798345,260,96
49798522,182,21
49798824,10167,13
49798845,561,21
49799115,471,204
49799344,8374,146
49799418,627,21
49799618,2158,13
49799701,766,5
49799807,17919,48
49799962,10,21
49800146,564,21
49801120,3795,21
49801756,5717,178
49801773,5971,13
49802887,5244,95
49802924,1030,5
49802933,405,207
49803109,6605,61
49803246,8722,70
49804289,5819,70
49804908,3701,21
49806389,497,83
49807209,424,83
49807479,4626,178
49807714,6160,146
49807743,74,146
49807743,2459,13
49807752,99,83
49809898,13643,61
49810111,6715,70
49810202,1560,13
49810203,210,176
49810978,389,176
49811971,4414,70
49812119,3885,178
49812269,390,176
49813403,4358,13
49813875,10111,146
49816035,4170,178
49816122,990,61
49816389,8268,70
49820251,3857,178
49820748,4455,13
49823480,5664,61
49823775,361,176
49824167,3693,178
49825205,4469,13
49826923,8083,70
49827902,3698,178
49828010,12970,146
49828085,61,146
49829676,10877,13
49831640,3686,178
49835007,13786,70
49835374,3693,178
49839109,3690,178
49840555,8595,13
49840983,14066,146
49842845,3689,178
49844847,236,176
49845257,1372,176
49845498,643,176
49846581,64,178
49846647,909,178
49846713,909,178
49846777,908,178
49847622,911,178
49847687,64,178
49848532,933,178
49848600,910,178
49848664,40,178
49848795,17127,70
49849152,4343,13
49849509,908,178
49849575,914,178
49850931,206,43
49852658,5762,178
49853014,68,43
49853084,45,43
49853111,579,178
49853133,511,43
49853500,4393,13
49853718,564,178
49853843,1263,84
49854093,6532,61
49854323,40,178
49854355,2379,13
49854388,41,178
49854554,8535,1
49855547,11203,95
49856120,591,178
49856735,2657,13
49857893,4590,13
49858440,3692,178
49859395,2703,13
49859501,6719,70
49859573,1053,21
49860573,6676,61
49860725,5844,206
49860851,105,21
49861711,103,21
49862099,2271,13
49862179,4751,178
49862488,4454,13
49862514,133,21
49862908,12395,146
49863394,210,21
49863414,5526,5
49864281,91,133
49864371,1651,13
49864776,4040,54
49865112,64,133
49865178,8877,146
49865190,60,146
49865523,68,133
49865924,7320,70
49866026,6257,13
49866224,6832,70
49866344,75,133
49866945,15173,13
49867124,4520,178
49867240,7887,61
49867605,7941,38
49870221,67,133
49872278,4904,13
49872667,3753,178
49872788,2866,36
49873053,4848,70
49873056,4706,7
49874267,6517,70
49874708,259,96
49875066,7531,61
49875242,804,95
49875302,9471,146
49875426,59,13
49876100,113,96
49876141,3373,146
49876142,77,13
49876414,375,96
49876520,3293,201
49876530,6374,178
49876569,1200,178
49876985,370,96
49877220,1265,133
49877399,89,96
49877513,424,96
49877905,5883,70
49879816,5467,7
49880969,1084,9
49882464,128,22
49882553,4528,61
49882645,2398,38
49882915,3899,178
49883789,5763,70
49884460,5648,70
49884769,8930,146
49884835,60,146
49885875,439,99
49885982,506,99
49886014,1756,36
49886832,2066,178
49886932,151,99
49887046,4220,61
49887302,1478,206
49887807,974,99
49888709,477,5
49888945,8,178
49889011,6,178
49889019,59,178
49889078,6,178
49889143,5,178
49889208,6,178
49889273,7,178
49889340,6,178
49889406,6,178
49889471,5,178
49889488,2072,5
49889539,6,178
49889554,5390,70
49889611,5,178
49889677,6,178
49889703,897,48
49889743,6,178
49889808,5,178
49889875,5,178
49889875,40,48
49889903,410,71
49889940,6,178
49890007,6,178
49890073,7,178
49890112,7893,70
49890138,5,178
49890198,13605,61
49890203,7,178
49890269,8,178
49890337,5,178
49890402,6,178
49890470,5,178
49890535,5,178
49890600,5,178
49890606,23178,48
49890671,6,178
49890736,10,178
49890801,5,178
49890867,5,178
49890932,5,178
49891000,5,178
49891065,6,178
49891129,6,178
49891194,6,178
49891259,6,178
49891325,6,178
49891390,5,178
49891454,6,178
49891519,5,178
49891584,5,178
49891648,6,178
49891713,5,178
49891778,6,178
49891842,5,178
49891907,6,178
49892301,28266,13
49893696,8354,146
49893764,56,146
49894946,6234,70
49896058,59,61
49897124,108,208
49900120,36,54
49901178,6807,70
49901678,34,54
49902049,8341,146
49902063,53,146
49902114,34,54
49902439,351,71
49902574,68,54
49904086,191,71
49905721,123,71
49906232,95,71
49906727,244,71
49907760,83,71
49908480,298,71
49909052,56,71
49909579,13747,61
49910918,348,71
49911564,473,71
49912274,731,71
49913620,169,71
49914579,127,71
49916115,14124,146
49916130,120,146
49921834,5928,13
49923329,13290,61
49930184,13813,146
49936621,13066,61
49937330,175,43
49939212,120,146
49939379,175,43
49939558,140,43
49939700,269,43
49939972,392,43
49940367,308,43
49945993,5664,70
49946550,9910,36
49947538,8776,146
49949689,13529,61
49951655,5309,70
49955825,1133,38
49956310,8039,146
49956374,67,146
49956962,6440,70
49957813,1421,7
49958899,1751,36
49959273,3795,7
49961530,14,36
49961601,14,36
49961835,1672,36
49963218,13024,61
49963400,6123,70
49964346,8085,146
49964410,60,146
49965901,5823,36
49969518,6541,70
49971678,13020,36
49972430,9161,146
49974261,11348,70
49974472,19627,70
49975782,1713,146
49976058,6690,70
49976239,14692,61
49977672,837,206
49978536,19895,206
49981587,7356,146
49984488,35,176
49984750,13048,36
49985919,11,176
49986220,239,176
49986727,32,54
49986764,389,176
49987087,75,54
49987623,483,176
49988654,398,176
49988825,103,54
49988942,8453,146
49988956,61,146
49990938,1416,61
49991073,58,61
49992630,1433,61
49996338,43,54
49997318,1357,61
49997398,24,54
49998015,24,54
49998967,1174,61
49998979,42,61
50001092,99,176
50002551,99,176
50002696,12998,146
50002770,60,146
50003490,106,176
50004636,104,176
50006512,111,176
50007426,107,176
50008299,106,176
50011396,51,176
50015695,14078,146
50023731,150,43
50026799,148,61
50027253,13613,61
50027265,60,61
50032278,5496,70
50034050,8277,146
50034590,7952,36
50035835,11237,95
50036142,24,54
50036430,16,176
50036980,14,176
50037117,5,176
50037168,48,176
50037294,25,54
50037771,5640,70
50038896,26,54
50040805,13433,61
50040882,29,54
50042325,12827,146
50042542,1134,13
50043409,11739,70
50043487,136,13
50043677,4467,13
50043679,115,13
50043800,4316,13
50045693,9308,205
50048115,6181,13
50048146,8338,13
50048330,6879,95
50051977,18,54
50052897,17,54
50053608,232,54
50054196,20,13
50054213,835,54
50054262,14541,61
50054371,68,61
50055149,13788,146
50055362,190,205
50055436,8979,205
50055585,123,54
50056443,124,54
50056487,10206,13
50058638,12,1
50058876,11,1
50059175,7942,1
50060397,126,13
50060524,424,61
50060528,6438,13
50062621,4603,205
50066641,5245,146
50066696,9703,13
50068720,12126,205
50068782,445,61
50068938,5242,146
50068971,11341,13
50069406,5378,61
50069701,19352,70
50072253,346,54
50072620,789,54
50073433,10,54
50074538,9,54
50074722,4209,61
50075715,8,54
50076402,8595,13
50077765,33,54
50078023,239,54
50078483,63,54
50078881,4367,61
50080494,90,54
50080856,505,13
50081504,24,205
50081526,16693,205
50081550,18,54
50081694,15399,13
50082957,14582,146
50083184,3962,61
50083384,18,54
50084008,11,54
50084220,11,54
50084511,10,54
50084923,12,54
50085000,8213,13
50085337,12,54
50086092,11,54
50086756,11,54
50087085,3676,61
50090699,4100,61
50093215,8640,13
50094737,3665,61
50098339,3967,61
50101857,8062,13
50102243,3719,61
50105898,4020,61
50109864,4166,61
50109924,8178,13
50110131,81,43
50111627,1118,201
50112008,5342,178
50112102,50,43
50112155,46,43
50112203,192,43
50112398,268,43
50112645,3041,201
50112669,370,43
50113967,6752,61
50114585,2090,7
50114633,225,1
50114741,1429,1
50115023,8806,95
50116107,4809,5
50117006,2338,7
50117246,6616,146
50117312,59,146
50117919,1324,201
50118097,4627,13
50118315,493,133
50118657,6259,178
50119399,468,133
50119994,2746,7
50120657,6880,61
50121483,378,5
50121636,75,99
50121747,218,99
50122461,2438,146
50122743,7938,13
50122803,3176,1
50122867,1168,201
50123743,73,96
50123864,5569,146
50123876,61,146
50123981,15,54
50124016,1765,5
50124087,248,99
50124365,440,99
50124423,8,54
50124679,59,96
50124822,42,96
50124926,4489,178
50124962,407,96
50125221,439,99
50125252,14,54
50125298,208,99
50125513,465,99
50126072,4156,1
50126314,7690,146
50126552,492,96
50126672,482,99
50126890,22,54
50127291,477,96
50127357,14,54
50127458,8758,95
50127476,7441,61
50127808,25,96
50127857,144,96
50127895,15,54
50128082,266,96
50128425,327,99
50128573,84,96
50128685,262,96
50129129,337,99
50129434,6084,146
50129472,4402,178
50130022,301,99
50130272,138,178
50130498,1116,178
50130681,4412,13
50132177,1035,1
50132290,632,99
50133468,1388,38
50133839,837,1
50133932,6135,178
50134256,42,99
50134692,40,99
50134706,2127,1
50134746,1666,99
50134854,6847,61
50134927,2526,7
50135096,4777,13
50135518,5316,146
50137160,55,99
50137202,10838,95
50137544,33,99
50137598,738,99
50137651,684,99
50137868,620,1
50137987,2081,48
50138222,1555,7
50138450,2569,26
50138535,34,1
50138739,1400,38
50139543,23,54
50139808,670,1
50139874,4940,13
50139876,18,54
50140087,3942,178
50140237,33,54
50140504,1340,1
50140526,3933,38
50140831,7637,146
50140989,245,206
50141211,1587,5
50141330,1649,7
50141512,188,194
50141659,5546,61
50141758,93,99
50141843,910,206
50141864,68,1
50142493,65,1
50142659,139,99
50142700,5098,1
50143152,141,99
50143264,3311,206
50144068,5114,178
50144182,2899,7
50144786,291,83
50144818,6940,13
50145184,439,83
50145547,1257,22
50145881,347,83
50146026,1648,207
50146519,1894,146
50147011,11,1
50147082,15,1
50147201,4803,61
50147204,21,54
50147223,2115,7
50147380,66,1
50147567,211,1
50147646,1336,36
50147807,29,1
50148119,245,1
50148295,97,1
50148401,573,1
50148465,5357,146
50148641,1667,58
50149209,3695,178
50150629,381,58
50150929,10181,95
50150940,45,95
50151761,6321,13
50151941,4479,61
50153820,4990,146
50156357,4149,61
50158085,6228,13
50158607,3059,1
50158810,6538,146
50158822,61,146
50160500,4308,61
50162061,29,54
50162425,672,1
50163098,39,1
50163349,19,54
50163510,188,1
50163699,1293,1
50164744,3942,61
50165981,380,1
50166539,2204,1
50168622,5734,61
50168743,7672,13
50169262,31,176
50170124,40,176
50170472,40,176
50170629,10146,70
50170725,12126,70
50171620,22,176
50172219,19,176
50172494,15,176
50172508,63,176
50172695,16,176
50172935,232,176
50173333,13746,146
50173406,128,146
50173985,12,176
50174294,6360,61
50174451,573,176
50176134,60,176
50180589,5149,61
50180774,10085,70
50185732,3934,61
50187080,13574,146
50189601,4260,61
50190863,9407,70
50191517,458,9
50192294,826,9
50193793,3669,61
50196531,92,43
50197398,7372,61
50198136,5893,178
50198407,51,176
50198501,56,43
50198561,56,43
50198620,186,43
50198809,288,43
50199101,453,43
50200273,8071,70
50200698,3708,1
50202260,1144,13
50203404,4302,13
50204038,5152,178
50204738,5183,61
50204772,60,61
50204906,6529,146
50205065,2563,9
50205866,8156,7
50206135,3863,146
50206525,47,54
50207708,4426,13
50207920,433,13
50208081,10507,58
50208086,4872,205
50208127,32,54
50208225,12,113
50208348,8031,70
50208352,30,13
50208395,2287,48
50208851,27,54
50208924,34,13
50209041,1570,13
50209099,257,133
50209116,11,113
50209284,3822,178
50209366,77,1
50209897,4694,61
50209964,75,1
50210031,11,113
50210488,9463,7
50210612,1801,13
50211096,301,206
50211432,11795,146
50211454,60,146
50212136,473,13
50212395,1548,206
50212416,359,13
50212992,18,1
50213148,4230,178
50213180,154,1
50213335,3946,1
50213494,44,54
50213906,4358,13
50213988,3574,13
50213996,100,54
50214040,11668,7
50214046,10328,205
50214301,10,113
50214407,88,54
50214509,351,207
50214528,4079,61
50214857,89,54
50215123,1151,207
50215471,125,206
50216162,11,113
50216380,8333,70
50217123,9102,95
50217297,58,1
50217356,548,1
50217432,6043,178
50217461,1214,38
50217561,3729,13
50217947,324,1
50218031,11,113
50218225,9127,9
50218265,4404,13
50218272,8,113
50218603,7007,61
50218609,2810,1
50219637,26,36
50220045,1436,58
50220148,3794,62
50220397,15,113
50221292,4220,13
50221551,73,96
50221649,42,96
50221677,1723,1
50221720,1417,206
50221768,116,96
50221934,712,176
50222020,113,96
50222061,2828,26
50222318,604,96
50222671,10750,13
50222973,93,61
50223190,43,96
50223226,13048,146
50223264,29,99
50223408,43,96
50223520,4025,178
50223603,82,96
50223649,14,1
50223697,23,99
50223748,3006,1
50223813,59,99
50223890,51,96
50223989,180,99
50224192,287,96
50224539,548,96
50224682,4329,62
50224685,29,99
50224726,62,99
50224976,9098,70
50225017,58,95
50225156,529,61
50225514,3369,13
50225579,4476,61
50225646,11638,58
50225647,40,61
50225721,9207,7
50226172,4624,38
50226578,67,99
50227079,1971,1
50227218,1832,99
50227422,10017,205
50227476,1578,99
50227680,4873,178
50228886,3666,13
50228970,378,133
50229059,763,62
50229065,2312,1
50229363,1231,178
50230084,5665,61
50230087,1692,207
50230238,396,99
50230486,6,176
50230632,1162,178
50230646,141,99
50230656,150,176
50230794,3043,99
50230819,4393,38
50230872,2319,99
50231464,2245,1
50231492,2,36
50231805,8,176
50231950,24,176
50232465,423,176
50232553,6664,13
50232556,2856,9
50233151,236,176
50233424,8112,13
50233753,368,207
50233793,540,206
50234309,19,176
50234475,13,176
50234492,5050,206
50234496,4152,1
50234613,97,176
50234691,1358,207
50235684,5061,61
50235750,61,61
50235884,1842,38
50235894,260,176
50236269,9685,146
50237554,18,176
50237750,22,176
50237995,6484,205
50238123,18,176
50238798,97,176
50239220,3768,13
50239325,34,176
50239768,18,176
50239799,2799,201
50240040,1538,176
50240344,66,176
50240604,971,176
50240743,5044,61
50242526,8834,70
50242598,8018,13
50242720,22,176
50242892,45,176
50242990,4653,13
50245479,22,176
50245783,3774,61
50245922,746,36
50245957,6270,146
50245969,62,146
50246325,285,1
50246628,276,1
50247082,1779,1
50248275,9091,95
50248968,473,1
50249388,4852,205
50249509,15044,13
50249533,35,61
50250067,4264,61
50250618,8618,13
50251287,8838,1
50251366,8100,70
50252590,46,176
50252990,2618,48
50253074,12,176
50253243,11,176
50253374,9,176
50253600,14,176
50253861,12,176
50254267,6463,61
50254350,6671,178
50254601,11,176
50254779,11,176
50255010,18,176
50255341,12,176
50255686,26,176
50258715,105,176
50259308,95,176
50259472,13733,146
50259545,60,146
50259850,62,176
50260695,6816,61
50260733,4381,13
50261034,6234,178
50265118,4552,13
50267296,6385,178
50267448,6427,61
50267815,14792,70
50269527,119,176
50269673,7706,13
50270958,132,176
50273206,14000,146
50273740,6389,178
50273812,7098,61
50277377,4075,13
50280186,6395,178
50280846,6641,61
50281457,4199,13
50282608,10268,70
50282931,235,43
50284778,6285,1
50285044,51,43
50285098,62,43
50285162,390,43
50285660,4533,13
50286630,3700,178
50287424,5048,61
50287804,258,43
50288065,314,43
50288388,7280,7
50289388,1889,9
50289432,3146,13
50290195,7835,13
50290370,3683,178
50290620,167,54
50291035,37,54
50291056,17344,146
50291073,27,146
50291478,4064,7
50291492,16233,205
50292466,5051,61
50292469,4463,9
50292579,3340,13
50292618,48,54
50292718,2012,38
50293277,4071,26
50294112,4173,178
50294424,1968,58
50294535,21,54
50294587,4373,206
50294648,598,61
50294785,15,1
50294924,103,1
50295131,249,1
50295220,623,99
50295382,165,1
50295411,433,99
50295544,6,96
50295616,350,1
50295703,7,96
50295921,2760,13
50295982,2555,7
50296091,1642,7
50296202,7,96
50296360,51,54
50296430,175,99
50296940,14,26
50297084,6828,26
50297108,12700,26
50297146,885,207
50297435,6415,61
50297572,86,99
50297921,364,76
50298031,7708,13
50298052,4125,168
50298386,6019,178
50298394,66,178
50298684,2759,13
50299001,2502,7
50299224,578,99
50299254,1272,178
50299310,329,76
50299730,276,207
50299805,2362,99
50299925,1915,99
50300017,39,207
50300503,6269,10
50300581,1180,178
50301445,3714,13
50301651,13,96
50302016,4367,7
50302031,9,96
50302230,277,99
50302331,5,96
50302446,18,96
50302518,17,96
50302633,23,96
50302820,1383,7
50302997,4681,48
50303366,27,207
50303711,357,168
50303830,232,1
50303841,180,61
50304118,219,1
50304257,357,7
50304639,134,1
50304754,19,1
50304770,31,1
50304771,3999,178
50304805,261,1
50304954,5852,7
50305160,12020,13
50305183,5505,58
50305274,294,1
50305744,9337,13
50305781,337,133
50305864,15538,5
50306106,1437,5
50306253,35,38
50306837,9563,7
50306873,6252,10
50308132,13,1
50308180,1081,99
50308296,50,1
50308397,11961,146
50308463,49,146
50308470,44,207
50308577,17,1
50308735,399,207
50308809,4601,178
50309056,15,1
50309321,8130,205
50309740,57,99
50309824,5619,48
50310066,3548,26
50310162,2847,38
50310237,1260,11
50310360,120,99
50310559,107,1
50310665,138,1
50310813,119,1
50310955,265,1
50311044,1131,99
50311212,2796,1
50311534,1792,58
50311626,4538,7
50311807,49,207
50312075,3896,61
50312671,1548,11
50312796,64,207
50312873,91,99
50313341,1876,58
50313481,3872,178
50314111,24,207
50314253,26,99
50314271,2845,38
50314305,625,99
50314586,1032,207
50314870,227,76
50315224,6,96
50315460,64,99
50315558,789,99
50315834,42,207
50315964,202,61
50316231,382,1
50316268,917,7
50316277,57,207
50316476,1284,58
50316677,5,96
50316690,103,207
50316820,270,76
50316947,73,99
50317114,26,207
50317168,317,99
50317284,2962,7
50317417,3814,178
50317536,9159,13
50317569,247,1
50317690,12186,7
50317819,1092,26
50318026,190,168
50318069,4908,61
50318178,257,207
50318343,2065,58
50318678,252,1
50318694,383,76
50319650,28,1
50319970,114,1
50320063,86,176
50320263,14,36
50320295,3964,7
50320357,9288,146
50320367,30,146
50320375,184,176
50320471,155,36
50320992,210,36
50321018,3761,58
50321080,3516,26
50321254,251,36
50321276,4130,178
50321530,112,36
50321815,923,76
50321954,193,176
50322049,10283,38
50322323,786,36
50322883,228,176
50322972,4096,61
50322978,8961,36
50323250,707,76
50323296,422,176
50323370,347,207
50323471,384,207
50323930,160,207
50324220,567,207
50324299,5,176
50324565,3181,7
50325165,15196,13
50325436,5438,178
50325541,272,176
50325623,588,176
50325884,2411,205
50326424,80,176
50327006,7337,61
50327317,129,176
50327616,128,176
50329645,6700,146
50329658,59,146
50330917,5635,178
50332275,1438,36
50333611,4830,205
50334314,6489,61
50334344,22903,36
50334345,71,61
50336578,6189,178
50336587,42,178
50337230,38,70
50337980,58,13
50338491,6545,58
50338510,20178,205
50340784,6701,61
50341121,68,176
50342439,6402,95
50342483,4138,95
50342782,6366,178
50343585,13643,146
50343698,61,146
50343975,20725,48
50345241,19,176
50346523,17,176
50347049,18,176
50347422,6473,61
50349167,6451,178
50352284,18,176
50352609,283,176
50352860,107,176
50353833,6311,61
50355675,5479,178
50357250,17103,146
50360086,3591,61
50364688,6766,61
50367352,900,31
50367352,1141,31
50367772,61,31
50367772,11588,31
50368012,11348,31
50368312,7226,31
50368373,7165,31
50368609,1322,31
50368789,241,31
50368909,242,31
50368969,120,31
50368969,14574,31
50369151,14328,31
50369151,14392,31
50369269,60,31
50369269,9848,31
50369331,170,43
50369391,120,31
50369692,2400,31
50369752,11627,31
50369811,60,31
50369812,5725,31
50369931,2101,31
50370111,2049,31
50370231,5306,31
50370291,1081,31
50370771,13476,31
50371431,1207,31
50371553,59,31
50371611,60,31
50371611,666,31
50371611,9768,31
50371671,121,31
50371671,727,31
50371731,61,31
50371791,300,31
50372032,128,31
50372091,25,31
50372108,52,31
50372109,50,31
50372159,58,31
50372159,1610,31
50372217,60,31
50372217,1816,31
50372217,7142,31
50372277,60,31
50372277,182,31
50372277,2114,31
50372337,61,31
50372337,10781,31
50372398,239,31
50372398,1313,31
50372517,11026,31
50374511,9031,31
50374572,6807,31
50374633,6685,31
50374858,1762,31
50374858,1763,31
50375599,5303,31
50378516,241,10
50378757,238,10
50379054,62,10
50379116,243,10
50379359,236,10
50379595,194,10
50379820,203,10
50380143,224,10
50380228,201,31
50380487,180,31
50380550,233,10
50380672,570,178
50380782,6611,26
50380842,242,10
50381084,60,31
50381144,234,10
50381378,196,10
50381634,240,10
50381815,190,31
50381874,372,10
50381885,15751,48
50381945,122,31
50382067,454,31
50382125,121,31
50382185,336,31
50382245,1403,31
50382305,406,10
50382305,813,31
50382305,993,31
50382366,155,31
50382366,461,31
50382425,96,31
50382645,122,10
50382711,350,10
50382827,111,10
50382938,123,31
50382938,422,10
50383061,538,10
50383178,63,31
50383360,119,31
50383446,153,31
50383624,203,31
50383708,222,31
50384507,30,146
50384627,6530,38
50384700,52,43
50384755,53,43
50384812,249,43
50385064,229,43
50385132,657,178
50385295,330,43
50385618,5694,178
50385696,372,76
50385737,5350,36
50386833,4325,36
50386840,794,1
50387174,11,13
50387208,5395,26
50387733,5576,70
50390683,27,135
50391591,32,135
50391724,9259,133
50392359,4,1
50392437,282,1
50392461,33,135
50392763,24,135
50393436,334,1
50393500,4228,178
50393771,239,1
50394024,616,5
50394085,240,1
50394380,306,1
50394648,257,1
50394664,23,36
50394858,11513,36
50395231,526,83
50395287,1218,7
50395468,241,1
50395796,256,1
50395898,1111,83
50395901,5488,38
50396080,531,1
50396108,12693,146
50396246,8365,146
50396255,11962,13
50396627,13154,70
50396782,1899,62
50396836,5858,9
50396939,28,95
50397095,13739,95
50397464,11,83
50397485,395,83
50397592,3050,26
50397778,6352,178
50398554,4749,61
50398800,37,135
50398896,37,135
50399093,26,135
50399217,10,135
50399375,387,83
50399447,24,135
50399540,23,135
50399549,1838,5
50399828,7,135
50399863,12,74
50399990,6883,62
50400059,30,36
50400782,60,99
50400880,19,74
50401307,29,36
50401423,822,5
50401510,524,176
50401876,2497,36
50402032,5745,7
50402038,15,99
50402065,566,99
50402350,5732,70
50403245,4271,61
50404027,21,99
50404062,722,99
50404164,5964,178
50404217,10920,38
50404445,5806,36
50404720,4392,206
50405470,15225,205
50405832,30,99
50405867,517,99
50405929,1779,9
50406717,149,99
50407475,4430,61
50407847,1152,9
50408127,354,176
50408800,8484,146
50409156,413,176
50409941,3743,58
50410142,5434,178
50410921,1384,9
50411845,6710,61
50412621,12,74
50414505,14,74
50415621,7474,178
50416268,16,74
50416285,22971,36
50416375,12818,95
50416596,12,74
50416903,15,74
50417213,11,74
50417282,6433,146
50417297,59,146
50418505,12186,61
50418621,2878,1
50419622,5445,70
50422662,22962,70
50423147,15272,178
50423467,14738,48
50423509,4162,13
50425068,21237,70
50426559,61,13
50430551,45,96
50430686,15304,61
50430756,7,96
50430941,9,96
50434327,16187,146
50438444,10753,178
50445926,6597,61
50449221,6211,178
50450515,14575,146
50452460,6325,61
50455484,5110,178
50455730,69,43
50456625,143,36
50456781,9451,36
50457650,72,146
50457710,52,43
50457764,57,43
50457823,187,43
50458012,283,43
50458297,366,43
50458772,4869,61
50458785,701,36
50458791,59,61
50460483,2709,9
50460604,4409,178
50463252,3700,9
50463577,7980,61
50464067,7911,146
50464265,876,7
50464528,587,178
50465062,5566,178
50465135,573,178
50465142,9918,70
50466233,10064,26
50466730,5288,62
50466750,697,13
50466931,31,30
50467074,183,30
50467443,2751,13
50467821,1297,38
50467828,61,38
50467960,7352,38
50468582,8,10
50468901,8,10
50469167,8,10
50469903,72,76
50469921,12918,58
50470190,2344,13
50470394,38,99
50470557,1360,76
50470666,3807,178
50471517,35,61
50471551,5012,61
50471768,7,96
50471952,294,76
50471974,12013,146
50472312,7,96
50472414,681,76
50472505,7,96
50472523,1528,13
50472692,11,10
50472808,3628,133
50472937,10,10
50473099,8,96
50473114,2397,36
50474051,2577,13
50474306,8,96
50474310,7565,62
50474501,6,96
50474714,6,96
50475063,4390,70
50475324,7842,38
50475433,6148,178
50476020,8881,26
50476185,1247,7
50476514,7424,61
50476624,2732,13
50478594,1217,133
50479354,2682,13
50479698,312,36
50479795,1326,13
50480327,14988,70
50480508,1413,205
50480599,8,10
50481437,6423,146
50481630,5022,178
50481860,52,99
50481879,785,5
50482032,9413,13
50482859,1744,58
50482888,84,58
50482890,1061,168
50483085,4530,70
50483868,7839,61
50483940,41,61
50483987,7501,146
50484366,9021,62
50484728,4820,13
50485436,1768,76
50486650,10,96
50486656,13691,36
50486907,1663,40
50487361,160,76
50487581,238,76
50487697,6971,38
50487906,8,96
50487911,1207,76
50487972,162,168
50488092,9715,26
50488219,6,96
50488756,6,96
50488844,251,40
50488919,3925,178
50489068,756,178
50489177,1289,40
50489262,10254,70
50489298,689,40
50489486,161,99
50489555,10,96
50489865,39,96
50491334,1280,58
50491410,8,96
50491443,1411,13
50491488,8089,146
50491535,103,146
50491661,4272,61
50491707,96,40
50491774,10,96
50491818,24,99
50491882,286,40
50491902,163,99
50492674,230,5
50492898,3587,178
50492989,41,1
50493093,10,1
50493156,35,1
50493584,22,1
50493685,9,38
50493779,87,99
50493798,118,168
50493823,194,38
50493856,21,1
50493940,1603,36
50494085,10319,13
50494455,6060,62
50495320,1446,13
50495514,2419,205
50495869,4554,61
50496514,3701,178
50496826,1187,38
50497102,1414,13
50499340,1317,13
50499418,2374,205
50499576,6032,146
50500251,3686,178
50500358,6737,61
50501791,7865,143
50501806,1932,143
50503659,6864,143
50503670,6408,143
50503988,9824,178
50505607,5684,146
50505619,61,146
50505811,25,74
50506470,22,74
50507030,8440,61
50507118,15078,13
50507236,2567,205
50507803,11,74
50508764,9843,70
50510014,2510,143
50513864,3930,178
50515735,13981,61
50517798,3800,178
50518132,11651,36
50519084,9464,13
50520118,15440,146
50520197,61,146
50521655,7034,178
50522789,10,38
50522918,70,143
50523219,61,143
50523362,2210,143
50525481,7582,143
50525508,6153,143
50528700,8621,178
50529720,13417,61
50529800,63,61
50530222,2106,143
50530615,61,13
50531551,67,143
50531621,7603,143
50531662,2673,143
50532343,4363,143
50532632,8304,70
50533605,63,143
50535564,14980,146
50536643,2434,143
50537374,3685,178
50540902,471,36
50541110,3853,178
50542131,105,43
50542168,3963,36
50543083,13833,61
50544117,52,43
50544172,49,43
50544225,229,43
50544456,282,43
50544741,434,43
50544773,7997,13
50544966,3813,178
50547236,14703,48
50547424,59,48
50548240,514,36
50548824,3690,178
50549681,5511,146
50552583,7448,178
50552972,4894,62
50553025,1936,13
50553439,15165,13
50553899,1978,143
50554956,4714,13
50555190,9593,146
50555526,8655,70
50555786,7654,143
50555814,5770,143
50556185,435,36
50556349,924,61
50556371,20,74
50556975,13623,61
50557633,14,74
50558837,20,74
50559667,4184,13
50560050,8026,178
50561127,19,74
50561507,6136,38
50561642,2637,143
50561661,14,74
50561934,195,1
50562035,1732,143
50562375,3648,36
50563523,9460,13
50563710,6755,143
50563720,5560,143
50563848,3414,13
50564192,16148,26
50564779,8728,146
50566498,347,36
50567258,7140,13
50568120,4390,178
50568142,2324,62
50569303,2968,143
50569328,458,36
50569480,22769,36
50570539,13831,61
50572529,7346,178
50573506,5686,146
50573761,1966,143
50574355,6745,13
50575642,7037,143
50575660,5434,143
50577201,59,194
50577290,45,194
50577299,13255,48
50577431,62,48
50579189,7865,146
50579938,6222,178
50581063,2819,143
50581094,5072,206
50581100,4533,13
50582940,8280,70
50584365,15199,61
50585620,4074,13
50586209,3727,178
50586569,14,74
50586977,12,74
50587052,6415,146
50588374,13,74
50590555,9,74
50591230,8,74
50592400,486,13
50593467,5389,146
50594084,1233,26
50594146,5274,26
50594236,6170,38
50594898,19,74
50595281,11759,26
50597672,3167,13
50598204,13,74
50598223,7606,26
50599087,1217,143
50599619,14104,61
50599710,59,61
50600226,7714,143
50600236,3035,143
50602052,21555,48
50603210,2421,143
50608387,14925,146
50610364,3457,26
50613677,13515,61
50616293,60,143
50623313,15661,146
50627195,14850,61
50628071,4107,62
50628530,99,43
50628915,1632,143
50629001,15025,70
50630523,8057,143
50630532,5091,143
50632174,4173,62
50635171,6179,38
50635634,2665,143
50635831,6892,146
50636345,789,62
50636654,10861,146
50637134,1807,143
50637189,3441,62
50638861,7917,143
50638880,6311,143
50640745,3515,13
50642068,14893,61
50642193,112,61
50642625,1236,26
50642720,7843,146
50642735,61,146
50643608,1179,26
50644254,15224,13
50645191,2008,143
50645246,2493,143
50646244,9,205
50646323,1922,205
50646835,10417,48
50647050,56,143
50647196,7954,143
50647198,1268,143
50648271,1349,205
50648530,4254,143
50650199,13848,70
50650562,5541,146
50653101,1386,143
50654407,7503,143
50654425,4498,143
50655655,1735,205
50655661,4800,36
50656099,7109,146
50656685,2530,36
50656919,23,61
50656942,13836,61
50657559,6221,38
50658048,32,13
50658078,2074,205
50661055,1223,143
50662212,4476,143
50663209,5192,146
50668336,8,74
50668394,5815,146
50668915,8,74
50668988,9,74
50669587,8,74
50669635,8,74
50669970,8,74
50670228,8,74
50670686,10,74
50670733,3439,62
50670771,14740,61
50671211,9,74
50671408,273,70
50672036,8,74
50672318,8,74
50672849,9,178
50672915,6820,178
50673246,15,74
50673294,12,74
50673380,1309,143
50674014,7067,143
50674210,6603,146
50674213,73,143
50674224,62,146
50674321,20,74
50674756,4043,143
50674761,2855,143
50675171,59,143
50676121,2985,36
50676492,7908,143
50676866,24,143
50676940,8,74
50677025,23,74
50677202,225,62
50677553,14,74
50678340,22,74
50678745,2370,143
50679043,17,74
50679115,1501,62
50679537,11637,36
50679782,6,178
50679847,6,178
50679912,6,178
50679913,64,143
50679976,6,178
50680041,6,178
50680108,5,178
50680172,6,178
50680236,6,178
50680301,5,178
50680365,5,178
50680431,9,178
50680495,6,178
50680559,6,178
50680624,6,178
50680690,5,178
50680757,6,178
50680821,7,178
50680888,13,178
50680953,5,178
50681017,5,178
50681083,6,178
50681147,6,178
50681211,6,178
50681276,5,178
50681341,5,178
50681406,5,178
50681417,1793,36
50681471,5,178
50681536,5,178
50681601,6,178
50681665,6,178
50681732,6,178
50681788,2796,143
50681796,8,178
50681860,5,178
50681925,7,178
50681989,6,178
50682055,6,178
50682119,6,178
50682183,5,178
50682254,9,178
50682255,66,143
50682319,5,178
50682385,8,178
50682450,6,178
50682514,5,178
50682578,5,178
50682645,5,178
50682713,5,178
50682777,9,178
50682845,6,178
50682911,5,178
50682977,8,178
50683044,6,178
50683108,6,178
50683174,6,178
50683243,7,178
50683307,5,178
50683374,5,178
50683450,10,178
50683454,31168,48
50683515,6,178
50683581,6,178
50683653,6,178
50683718,6,178
50683782,6,178
50683848,6,178
50683912,12,178
50683979,7,178
50684047,7,178
50684111,6,178
50684197,6,178
50684263,6,178
50684330,13,178
50684330,65,143
50684394,8,178
50684459,7,178
50684527,5,178
50684545,1512,143
50684591,12,178
50684658,5,178
50684722,7,178
50684786,8,178
50684851,8,178
50684915,8,178
50684981,6,178
50685046,5,178
50685111,7,178
50685179,9,178
50685248,7,178
50685315,7,178
50685380,6,178
50685388,18838,70
50685449,5,178
50685514,6,178
50685542,15106,61
50685580,6,178
50685646,6,178
50685710,6,178
50685775,8,178
50685840,9,178
50685905,12,178
50685973,7,178
50686039,6,178
50686104,6,178
50686171,8,178
50686238,8,178
50686275,1059,143
50686302,10,178
50686368,11,178
50686454,8,178
50686520,20,178
50686588,24,178
50686653,7,178
50686717,7,178
50686782,10,178
50686846,8,178
50686849,64,143
50686912,8,178
50686977,8,178
50687041,10,178
50687108,10,178
50687179,8,178
50687247,8,178
50687294,499,13
50687312,6,178
50687316,8081,143
50687328,5444,143
50687335,15605,13
50687377,7,178
50687455,13,178
50687519,11,178
50687587,27,178
50687666,4977,26
50687998,6606,26
50689811,15408,146
50689886,61,146
50692321,6048,38
50694955,1128,26
50695434,4100,26
50700557,60,143
50700677,22,143
50700680,12996,61
50700916,1233,143
50701617,58,143
50702060,8044,143
50702081,4185,143
50706126,61,143
50711166,5518,70
50713011,405,61
50713703,573,61
50714073,3953,61
50714931,147,43
50716579,11,178
50716740,3693,178
50716910,53,43
50716965,53,43
50717020,265,43
50717287,246,43
50717535,263,43
50717816,8742,70
50717964,5302,61
50719709,1634,7
50720476,3688,178
50720710,14,36
50720827,1847,36
50721501,180,31
50721680,36,40
50721792,1408,40
50723204,4686,61
50723341,5677,146
50723558,1002,146
50724215,3657,178
50724757,373,146
50724940,7220,62
50725159,346,40
50725615,732,40
50725821,5818,48
50726394,41,40
50726643,1230,40
50726954,180,76
50727207,1806,143
50727274,78,143
50727650,1217,178
50727685,509,36
50727883,8438,61
50727891,8495,178
50728009,6313,38
50728734,3752,26
50728820,1247,26
50728829,104,76
50728920,1005,178
50728924,8091,143
50728991,6135,143
50729014,7239,146
50729890,2201,76
50729946,1298,178
50730502,293,40
50731276,80,178
50731841,2302,61
50732228,2591,178
50732425,3590,62
50732475,3566,26
50732587,306,40
50734307,572,36
50734322,6156,38
50735032,13719,36
50736248,6160,146
50736257,5577,61
50736262,61,146
50736323,59,61
50736445,3907,178
50737960,51,54
50738198,3237,62
50738882,2123,143
50739369,1063,83
50739737,7287,146
50740835,7924,146
50740884,7179,143
50740900,13702,146
50740937,6087,143
50741487,558,99
50741631,420,99
50741770,8262,61
50742038,539,83
50742889,4133,83
50743022,49,40
50743088,56,40
50743161,1257,76
50744178,14837,61
50744457,6656,178
50744687,6411,38
50745140,280,38
50745746,1575,99
50746231,10520,70
50746328,2283,5
50746381,842,99
50746383,31,76
50746575,387,76
50747191,4898,26
50747225,2001,11
50747772,2545,5
50747958,38,96
50748126,1213,99
50748207,1143,99
50748298,609,96
50748977,107,96
50749113,314,96
50750033,10113,61
50750099,37,61
50750334,10753,146
50751343,68,99
50751360,889,143
50751535,350,99
50752007,8886,48
50752179,3243,143
50752186,3437,143
50753025,11,54
50753162,9,54
50753279,9,54
50753512,17678,48
50753537,247,54
50753656,9047,146
50753828,1156,54
50754446,9340,13
50755413,1006,143
50755417,414,143
50755678,5423,26
50756095,1224,26
50757255,6933,143
50758784,324,143
50759267,384,143
50761087,5257,146
50762719,60,146
50765329,13499,26
50765484,13684,178
50766093,6044,38
50766338,12156,146
50767698,2727,143
50767810,9755,26
50769207,18,74
50769673,35,74
50770350,6703,143
50770359,9202,143
50772974,2395,26
50773300,521,40
50773515,686,40
50774399,23,74
50774869,22644,205
50774950,12861,61
50775555,21,74
50778496,9229,146
50779222,11686,178
50781895,19214,26
50783052,303,143
50787728,10502,146
50787973,6736,143
50787976,629,143
50788032,4187,38
50790961,12056,178
50795012,6113,38
50797630,15184,205
50798359,8577,146
50798845,5492,61
50798873,15204,61
50801052,676,143
50801128,6009,38
50801330,8,43
50801822,6718,143
50801828,1720,143
50802673,498,36
50802961,1778,36
50803062,5134,178
50803236,474,36
50804141,62,36
50805634,324,36
50805999,11776,36
50806210,3654,205
50806934,4667,146
50807138,6137,38
50808255,5231,178
50808366,61,40
50808470,28,40
50808613,6029,61
50809063,18,40
50809092,15,40
50809148,581,40
50809357,1830,62
50809841,381,40
50809861,6471,205
50810337,6303,146
50810916,9,96
50811078,12,96
50811585,114,62
50811601,4877,146
50811615,59,146
50811902,7210,62
50811975,16744,48
50813165,135,99
50813335,2482,38
50813391,182,83
50813498,5156,178
50813790,3213,206
50814091,1044,83
50814504,1624,58
50814578,6881,61
50814870,7588,26
50814906,151,99
50816258,4324,58
50816327,7589,205
50816479,4693,146
50817227,130,99
50817486,46,209
50817532,646,11
50818169,975,209
50818691,4867,178
50820121,311,209
50820125,27,99
50820199,185,99
50820406,486,99
50820513,120,209
50820775,29,54
50820855,5400,58
50820969,4217,206
50820992,9227,9
50821172,3711,146
50821175,40,54
50821208,70,146
50821396,63,54
50821449,8342,61
50821536,109,62
50821750,43,54
50821824,42,54
50821991,43,54
50822107,566,36
50822223,1606,99
50823581,6232,178
50824260,11591,36
50824342,66,54
50824882,6623,146
50825326,329,99
50825430,5,96
50825673,5,96
50825727,65,54
50825858,4,96
50825995,5,96
50826026,1002,99
50826136,68,209
50826180,9,96
50826213,164,209
50826415,5,96
50826491,4,96
50826537,5,210
50826562,5,96
50826640,5,96
50826710,2191,62
50826747,5,96
50826813,5,96
50826817,345,209
50826867,5,96
50826920,5,96
50827045,74,99
50827271,13,209
50827291,59,209
50827458,16,209
50827503,8,210
50827639,430,99
50827660,6093,38
50827679,5,210
50827682,20,209
50827782,8,209
50827858,7,209
50828181,10,209
50828289,13,209
50828336,569,99
50828354,11,209
50828381,11,209
50828448,10,209
50828521,11,209
50828525,6,210
50828607,11,209
50828650,10,209
50828737,6,210
50828742,26,209
50828812,10,209
50828908,11,209
50829121,3964,162
50829381,222,99
50829639,3328,62
50829764,5969,61
50829791,295,11
50829853,4089,178
50830282,738,99
50830953,96,209
50831238,6,209
50831298,7,209
50831503,4600,146
50831526,84,146
50831614,20,209
50831682,378,99
50831722,10,209
50831817,13856,146
50831846,7,209
50831925,7,209
50831975,6,209
50832042,6,209
50832077,6,209
50832120,6,209
50832482,8500,70
50833015,214,99
50833096,10,210
50833324,3207,62
50833752,186,38
50833930,193,99
50833939,12,38
50834015,3926,178
50834603,9,209
50835284,1283,162
50835289,7038,58
50835420,173,99
50835708,7786,61
50835735,164,61
50835777,80,210
50836011,6,176
50836098,878,99
50836102,4232,146
50836153,14,176
50836509,96,76
50836957,109,76
50837025,44,176
50837316,473,99
50837840,6294,205
50837997,5525,178
50838016,57,176
50838047,198,99
50838124,10,209
50838135,23,209
50838146,477,36
50838198,6,209
50838263,9,209
50838267,174,99
50838274,734,162
50838330,8,209
50838375,8,209
50838436,10,209
50838444,7,209
50838497,6,209
50838539,8,209
50838573,7,209
50838620,66,176
50838871,6360,205
50839150,1404,176
50839434,10,209
50839480,4441,38
50840286,10,209
50840332,6089,146
50840391,7,209
50840437,5,209
50840478,5,209
50840571,5,209
50840606,5,209
50840647,5,209
50840684,5,209
50840758,5,209
50840792,6,209
50842054,2985,206
50842454,8299,70
50842732,591,176
50843452,6031,61
50843545,7744,178
50843841,40,54
50843919,4156,38
50844102,30,54
50844736,1358,176
50844831,57,54
50845230,2992,205
50845299,73,54
50845524,565,36
50845905,77,54
50846402,2832,176
50846420,8115,146
50847477,388,176
50848078,4262,38
50849589,70,54
50849984,72,54
50850526,68,54
50850752,8602,70
50850904,22639,36
50851314,8656,178
50852906,6252,38
50853042,215,143
50853199,442,143
50854665,10026,146
50855057,22,201
50855096,19,201
50855162,15,201
50855227,17,201
50855374,2825,201
50855653,162,201
50855827,3157,201
50856462,6534,206
50858250,19,74
50858521,2326,201
50858543,19,74
50859297,15,74
50859484,20,74
50859749,16497,70
50859764,234,143
50859837,59,146
50859984,8081,178
50861076,12,176
50861252,12,176
50861485,501,143
50861932,125,176
50862742,199,176
50863284,1987,201
50863548,166,201
50863634,47,48
50863803,2180,201
50864631,28,61
50864658,15041,61
50864688,7046,146
50866002,6050,38
50869556,8132,178
50870753,1154,176
50871738,9206,146
50871794,182,176
50872082,8857,176
50873682,13644,146
50877744,8429,178
50878178,20,176
50878506,174,176
50878835,2002,176
50879666,5469,61
50879805,81,61
50880944,7173,146
50883606,317,176
50884074,2479,176
50885181,5258,61
50885228,60,61
50886235,6155,178
50887730,89,43
50888117,6010,146
50888724,504,36
50888750,40,38
50888796,12,38
50889694,53,43
50889705,44,43
50889750,68,43
50889822,237,43
50890061,266,43
50890321,1430,36
50890329,518,43
50890458,5418,61
50890474,15566,61
50891751,11678,36
50892437,3706,178
50894124,4476,146
50895286,3778,205
50895814,8861,61
50896179,3700,178
50897393,1159,205
50897860,145,5
50898217,12954,70
50898552,4375,205
50898598,5180,146
50899064,89,205
50899156,8809,38
50899230,9775,58
50899940,3720,178
50900443,97,99
50900486,10,13
50900883,5303,13
50900921,104,99
50901585,66,99
50902110,47,178
50902176,45,178
50902241,48,178
50902308,45,178
50902372,47,178
50902617,739,99
50902927,12468,205
50902954,1280,205
50902979,14,209
50902993,5774,5
50903085,8,209
50903139,8,209
50903179,9,209
50903361,9,209
50903624,10,209
50903630,962,178
50903660,7,209
50903684,5783,178
50903721,8,209
50903775,6002,146
50903778,9,209
50903789,61,146
50903954,9,209
50903998,11,209
50904091,10,209
50904271,23,209
50904352,17,209
50904425,25,209
50904431,59,54
50904508,20,209
50904551,20,209
50904598,1186,178
50904611,14464,61
50904725,31,54
50905070,31,54
50905147,18,209
50905164,760,99
50905211,12,209
50905351,17,209
50905401,20337,13
50905411,26,209
50905468,17,209
50905629,16,209
50905666,17,209
50905709,17,209
50905807,974,178
50905826,19,209
50905900,51,54
50905905,25,209
50905962,19,209
50906027,17,209
50906066,136,99
50906070,25,209
50906185,21676,13
50906575,621,99
50906749,18,209
50906833,371,99
50906837,1245,178
50906950,566,36
50907021,17,209
50907067,16,209
50907144,15,209
50907189,16,209
50907260,17,209
50907301,17,209
50907372,19,209
50907420,14,209
50907453,794,99
50907519,179,99
50907987,23,209
50908105,1129,178
50908360,12,209
50908421,9,209
50908479,11,209
50908489,21,209
50908517,14,209
50908533,12,209
50908572,10,209
50908618,11,209
50908652,11,209
50908740,13,209
50908811,11,209
50908933,197,99
50909058,8083,5
50909340,20,209
50909408,16,209
50909447,24,209
50909454,1417,99
50909476,6279,178
50909534,19,209
50909594,20,209
50909618,20,209
50909691,21,209
50909765,24,209
50909775,6881,146
50909807,21,209
50909856,15,209
50909901,12,209
50909937,12,209
50910005,865,99
50910816,2372,5
50911174,31224,70
50911256,151,99
50911696,4959,70
50911818,15,54
50911899,38,54
50911906,51,99
50912277,27,38
50912470,47,54
50912486,59,99
50912758,27,54
50913064,30,54
50913495,29,54
50913531,32,54
50913897,264,99
50914106,33,54
50914489,17623,173
50914689,773,210
50914729,409,99
50914988,4021,206
50915388,5206,205
50915538,601,99
50915850,4662,178
50916649,5262,146
50917305,1772,58
50918022,223,176
50918157,334,5
50918170,992,36
50918371,531,99
50918443,2995,5
50918479,1087,176
50919005,1138,99
50919064,12302,61
50919147,73,61
50919350,56916,206
50920194,281,99
50920425,1013,36
50920556,6566,178
50920592,4522,205
50920739,23,176
50921125,162,176
50921253,34,206
50921376,286,99
50921392,97,176
50921518,3268,5
50921724,235,99
50921883,384,206
50921912,8012,146
50921950,95,176
50922290,18,206
50922320,2384,206
50922344,11,210
50922478,2446,36
50922494,483,210
50922764,208,176
50923009,1394,99
50923865,204,176
50924875,1417,99
50924988,1385,36
50925099,11919,36
50925101,88,176
50925104,3630,205
50925483,100,176
50925732,11928,13
50926465,27,54
50927158,4705,178
50927590,29,54
50927596,184,176
50927803,750,61
50928215,16,176
50928604,63,176
50928731,7111,205
50929403,8182,13
50929531,10,54
50929622,9,54
50929711,5,54
50929912,117,176
50929919,5637,146
50929981,9,54
50929983,48,146
50930625,59,176
50931170,56,176
50931315,10282,61
50931429,55,176
50931577,379,76
50931872,3949,178
50932113,55,54
50933233,65,54
50933587,58,54
50934300,59,54
50935559,5315,146
50935850,13653,178
50938139,1368,36
50939219,29,54
50940173,2113,36
50940873,12789,146
50941581,9922,61
50941867,14056,201
50941872,14111,201
50942399,14967,70
50945521,38,54
50947001,125,54
50948082,125,54
50952892,238,176
50952984,4325,70
50953819,442,176
50959800,289,176
50965359,5561,146
50966244,7069,178
50966978,174,176
50968036,14922,61
50969541,93,176
50974131,140,43
50978894,4009,201
50978978,1289,5
50982563,1149,36
50986366,37,54
50988027,450,31
50988072,405,31
50988296,181,31
50988356,120,31
50988732,8178,70
50990225,939,22
50991033,4471,206
50991102,2072,99
50992951,557,5
50993013,569,36
50994351,6259,5
50994423,3962,5
50994987,694,99
50996160,5780,146
50997685,3815,178
50997731,13502,13
50998401,2416,5
50998405,22624,205
50998659,14380,205
50998927,1174,36
50999472,224,99
50999712,476,99
50999752,10,210
51000445,7979,61
51000797,6197,5
51001134,231,99
51001152,666,5
51001419,3617,99
51001554,6246,178
51001561,46,54
51001935,6822,146
51002048,13811,13
51002563,50,54
51003064,40,54
51003145,1257,5
51003288,15,210
51003567,9,210
51004157,16,209
51004209,10,209
51004371,6,209
51004428,30,209
51004479,17,209
51004500,10554,70
51004522,153,209
51004530,15,210
51004748,16,210
51005009,26,210
51005670,9,209
51005724,74,210
51005941,96,210
51006384,9670,146
51006448,52,5
51006745,25,210
51007310,82,210
51007459,1883,5
51007557,11,209
51007786,191,210
51007830,12,209
51007871,7,209
51008330,382,210
51008357,569,76
51008362,7852,61
51008760,4168,146
51008786,11,209
51008998,165,210
51009141,81,176
51009408,551,36
51009416,3948,5
51009631,1789,9
51009638,11,54
51009672,34,54
51009701,4,209
51009753,242,99
51009777,62,209
51009881,57,209
51010087,2306,36
51010738,30,209
51010994,13,209
51011209,42,209
51011235,5674,13
51011432,36,209
51011438,30,209
51011517,12,209
51011604,5689,9
51011655,20,209
51011972,17,206
51012008,3200,206
51012026,1272,36
51012404,1562,36
51012931,3850,146
51013396,2936,5
51014556,11,209
51014787,7,209
51014856,8,209
51014950,9,209
51015029,5,209
51015052,8185,70
51015077,7,209
51015857,4597,13
51016151,9789,61
51016331,6,210
51016397,56,176
51016714,99,210
51016781,4015,146
51016911,5538,13
51018131,54,176
51018181,3551,9
51018667,6581,36
51018801,9,54
51018961,7,54
51019109,14,54
51019257,59,146
51019699,26,54
51019985,11,54
51020514,23,54
51020796,4959,146
51021060,44,54
51021299,43,54
51021421,97,176
51021650,34,54
51022858,52,54
51022991,99,54
51023283,99,54
51023526,4374,9
51023746,49,54
51024082,65,54
51024302,27,54
51024517,25,54
51024804,129,54
51025645,27,54
51025757,4859,146
51026325,28,54
51026931,29,54
51027082,28,54
51027424,11405,205
51027443,31,54
51027795,88,54
51028329,249,54
51028633,392,54
51029246,393,54
51029935,536,54
51029957,10848,13
51030617,3975,146
51030631,59,146
51030961,7894,13
51031227,531,54
51032367,112,176
51032889,14052,146
51033131,87,176
51033540,1278,36
51034046,62,176
51034594,4532,146
51034605,61,146
51035333,19924,36
51035396,80,176
51035730,83,176
51036227,75,176
51036427,86,176
51036887,86,176
51037237,85,176
51037981,10246,70
51038049,51,176
51038967,62,176
51039128,4111,146
51040803,14618,61
51041114,60,176
51043241,4170,146
51043375,103,176
51043386,61,176
51046830,67,176
51046942,13956,146
51047102,70,176
51047293,18,176
51047410,3376,146
51047844,1889,176
51048226,9533,70
51050784,3741,146
51054522,3518,146
51055133,1554,36
51057499,5788,61
51057762,8636,70
51058038,4519,146
51060531,147,43
51061942,5701,36
51062078,4914,178
51062501,91,43
51062555,3616,146
51062594,79,43
51062675,258,43
51062935,266,43
51062967,5534,9
51063203,169,43
51063297,5327,61
51063562,709,36
51064622,1274,7
51065932,2930,36
51066168,5552,146
51066400,7799,70
51066490,8503,5
51066845,10005,5
51067018,6478,178
51067095,1542,36
51067122,28,36
51067140,10,178
51067295,4,178
51067373,5,178
51067483,1271,178
51068522,1016,9
51068560,7500,61
51068824,1119,178
51069663,107,76
51069982,936,178
51070236,221,76
51070309,1722,99
51070814,2671,9
51070964,1287,178
51071023,1932,54
51071338,6,205
51071486,10624,205
51071717,6404,146
51071958,1222,36
51072295,75,178
51072431,891,178
51072489,2823,22
51073148,1534,36
51073151,9838,205
51073257,1412,7
51073357,911,178
51073533,7826,178
51073536,1278,36
51074006,4,209
51074059,27,209
51074143,88,209
51074271,5,31
51074277,978,178
51074431,88,209
51074587,90,209
51075046,83,209
51075234,1428,9
51075275,1250,178
51075278,47,209
51075432,118,209
51075443,7791,70
51075661,54,209
51075664,3115,5
51075743,168,209
51075997,10834,61
51076586,93,178
51076599,31,209
51076705,16,209
51076757,96,209
51076788,966,178
51076901,68,209
51076959,2487,5
51077074,1558,7
51077238,835,58
51077337,38,209
51077829,1251,178
51077894,7381,13
51077948,221,10
51077981,81,209
51078100,1394,58
51078118,6854,146
51078172,61,146
51079127,460,178
51079227,248,36
51079439,2696,5
51079459,4061,5
51079509,2607,58
51079625,488,178
51079697,33,209
51079708,23,209
51079794,16,209
51079859,15,209
51079903,53,7
51080182,795,178
51080309,3450,22
51081044,741,178
51081344,700,7
51081393,5032,178
51081630,30,128
51081845,650,178
51081917,7,128
51082171,12,128
51082177,27,128
51082178,25,178
51082413,7,128
51082525,457,178
51082603,8,128
51082845,120,128
51082986,8330,205
51083022,456,178
51083235,8949,70
51083518,453,178
51084017,456,178
51084580,211,36
51084970,4764,146
51085272,12457,13
51086275,4938,5
51086293,52,128
51086332,8211,5
51086453,7384,178
51086511,841,178
51086767,7487,61
51087213,184,128
51087365,134,209
51087827,153,128
51087865,813,178
51088722,506,178
51089283,523,178
51089729,7013,146
51089757,57,209
51089758,52,146
51090007,25,209
51090041,144,128
51090102,10,209
51090244,10,209
51090393,40,209
51090513,1906,58
51090681,30,209
51090694,1097,7
51090891,30,209
51091314,6309,205
51091808,386,7
51092096,19,209
51092107,56,209
51092186,8887,70
51092317,13,209
51092415,84,128
51092439,143,36
51092504,31,209
51092810,14,209
51092837,1264,146
51092934,122,36
51092940,18,209
51093285,1781,9
51093364,4,210
51093678,4,210
51093866,5168,178
51093926,5,210
51094036,1666,176
51094122,399,7
51094225,7054,61
51094257,9,210
51094336,1458,5
51094524,1576,36
51094680,5,210
51095182,1076,128
51095374,3296,58
51096574,1967,206
51096742,5068,146
51096889,141,128
51097335,590,13
51097646,5,210
51097980,3575,205
51097991,57,36
51098086,29,36
51098417,7998,13
51098559,1327,13
51098677,16229,70
51099055,5645,178
51100516,1221,206
51101086,13572,70
51101215,5442,61
51101280,59,61
51101552,6857,205
51101809,5904,146
51102521,4650,13
51104719,3706,178
51105499,910,54
51106593,6263,61
51107260,383,54
51107711,5536,146
51108028,89,54
51108457,6294,178
51108601,411,54
51109133,2401,54
51109770,2090,13
51113246,6583,146
51113259,59,146
51113590,402,54
51114660,14627,70
51114810,6021,178
51115378,394,54
51118600,2926,13
51119830,6850,146
51120846,5813,178
51121215,16044,61
51121525,4406,13
51122384,14458,146
51125932,4507,13
51126681,6946,146
51126691,6260,178
51129289,15927,70
51130442,11306,13
51132958,6510,178
51133628,6450,146
51136843,13794,146
51136855,61,146
51137260,11475,61
51139526,6251,178
51140079,7203,146
51141751,9048,13
51145218,5345,70
51145793,5956,178
51146931,179,43
51147283,6915,146
51148981,51,43
51149034,56,43
51149092,628,43
51149723,1125,36
51150639,13666,146
51150800,8569,13
51151755,5801,178
51151873,768,36
51152864,11964,36
51154200,7411,146
51154996,5773,61
51157605,5327,178
51159372,8238,13
51160706,12081,61
51161256,15782,70
51161612,6223,146
51161624,60,146
51162054,35,13
51162090,11414,13
51162307,4515,205
51162979,39,178
51163045,7,178
51163093,6223,178
51164306,13688,146
51164319,59,146
51164828,373,54
51165943,355,54
51166806,8331,205
51167316,352,54
51167611,8292,13
51167739,2498,54
51167837,6607,146
51168470,6726,205
51169365,6045,178
51171368,353,54
51171876,352,54
51172721,7859,61
51172788,60,61
51173131,353,54
51173539,8,210
51173844,347,54
51174386,7,210
51174445,6568,146
51174632,6,210
51174965,7,210
51175151,12681,205
51175296,7,210
51175389,8,210
51175449,6093,178
51175906,19039,13
51176773,70,70
51177076,8899,13
51177416,11,210
51177996,15535,146
51178025,59,146
51178941,23,209
51179050,53,209
51179161,23,209
51179265,55,209
51179275,23,209
51180373,1128,70
51180519,6485,61
51181013,9980,146
51181308,2,209
51181392,58,209
51181601,9892,178
51181603,10094,178
51181676,18,209
51182080,4240,70
51183255,1262,54
51184550,1398,54
51184634,18,74
51185543,17,74
51186384,349,54
51186938,8581,61
51187124,36,205
51187243,4123,205
51187556,23011,205
51187937,4059,13
51188934,26922,70
51190898,31,54
51190993,9142,146
51191353,359,54
51191454,22,74
51191549,10352,178
51191554,10311,178
51191747,366,54
51191995,2833,13
51192894,368,54
51193040,265,36
51193469,403,54
51193532,140,146
51193546,128,146
51193645,3454,36
51194352,16,74
51194637,16,74
51194947,18330,13
51195443,78,61
51196038,15714,61
51196689,442,54
51196741,28,74
51196918,15,74
51197875,952,54
51198636,338,36
51199128,133650,54
51200136,6002,146
51200848,18,74
51201918,24,74
51201923,14,178
51201990,7,178
51202057,10,178
51202122,8,178
51202189,7,178
51202255,9,178
51202314,13,74
51202327,7,178
51202396,6,178
51202461,7,178
51202527,6,178
51202593,8,178
51202659,10,178
51202727,6,178
51202792,6,178
51202857,7,178
51202923,6,178
51202987,7,178
51203054,6,178
51203120,7,178
51203185,7,178
51203250,7,178
51203315,6,178
51203383,7,178
51203449,6,178
51203514,7,178
51203579,7,178
51203644,7,178
51203714,7,178
51203779,6,178
51203846,6,178
51203911,7,178
51203977,6,178
51204043,6,178
51204089,1224,36
51204108,6,178
51204172,7,178
51204237,7,178
51204303,7,178
51204370,7,178
51204435,8,178
51204500,7,178
51204568,7,178
51204634,7,178
51204700,7,178
51204765,7,178
51204832,7,178
51204897,6,178
51204962,10,178
51205030,6,178
51205095,6,178
51205161,6,178
51205227,7,178
51205293,9,178
51205360,6,178
51205425,6,178
51205503,6,178
51205576,7,178
51205648,6,178
51205713,6,178
51205778,7,178
51205844,6,178
51205909,7,178
51206136,5119,146
51208225,5,205
51209019,6,205
51211253,4447,146
51211691,14593,61
51213279,21286,13
51215697,3992,146
51216268,44,176
51216452,1194,176
51218275,1010,176
51219686,4376,146
51219786,939,176
51224060,4486,146
51226286,15445,61
51228543,5372,146
51233330,73,43
51233914,4261,146
51234567,6224,13
51235326,60,43
51235389,51,43
51235443,218,43
51235664,393,43
51236061,385,43
51238072,2584,13
51238173,4485,146
51240660,5312,13
51241731,13690,61
51242653,3622,146
51245971,4752,13
51246090,3569,205
51246273,4354,146
51246530,636,40
51247469,321,40
51248030,12268,40
51249657,3058,205
51250289,8142,178
51250623,7651,146
51251133,5934,13
51252714,3097,205
51252854,6,58
51253354,9526,70
51253746,15470,70
51253780,10229,146
51254407,4671,58
51255420,13951,61
51255651,13941,146
51255807,7554,205
51257182,52,13
51257235,8377,13
51258276,9213,146
51258289,23,146
51258484,8834,178
51259146,1485,58
51259323,3079,61
51262880,9161,70
51263359,3119,205
51265060,7,210
51265247,5,210
51265498,7,210
51265959,5,210
51266476,3102,205
51266639,7,210
51266773,5,210
51267262,6,210
51267341,6400,178
51267353,5,210
51267487,6165,146
51268406,7,210
51268737,6,210
51269091,9,210
51269576,3057,205
51269587,6,210
51270696,62,210
51270815,6,210
51271046,7,210
51271365,14,210
51271702,5058,61
51271711,14638,61
51272044,7497,70
51272631,8736,205
51273652,6591,146
51273786,6293,178
51273831,8,210
51274310,7,210
51274724,6,210
51275638,8,210
51276572,10,210
51276699,5291,61
51277215,78,210
51279543,7852,70
51279939,7,210
51280111,6304,178
51280241,6631,146
51281038,16,210
51281717,59,146
51281830,7,210
51282977,7,210
51283035,4,210
51283348,6,210
51284190,9,210
51285296,7,210
51286440,6288,178
51286872,6644,146
51287397,8021,70
51289378,11348,13
51290269,20866,13
51290399,57760,205
51292744,6829,178
51293516,4137,146
51293528,76,146
51295420,8067,70
51295645,1994,146
51295658,61,146
51296621,13458,61
51297655,278,146
51297662,60,146
51297816,8267,146
51297934,8148,146
51298518,8,210
51298851,8,210
51298995,23,210
51299610,7664,178
51299673,24,210
51301291,26,210
51301832,17,210
51302469,17,210
51302614,15,210
51303095,18,210
51303489,13683,70
51304042,22,210
51305116,22,210
51305402,18,210
51305861,18,210
51307318,3684,178
51310027,11503,61
51311055,3685,178
51314791,3695,178
51317173,15641,70
51318527,3717,178
51319731,53,43
51321647,45,43
51321695,49,43
51321746,207,43
51321871,11050,61
51321956,305,43
51322263,10722,178
51322266,340,43
51323514,9408,5
51323737,9280,5
51325354,24,178
51329197,91,146
51332597,3118,58
51333211,25,178
51333289,6,178
51333406,3694,178
51333546,542,5
51333626,15579,54
51334027,15570,70
51334091,2071,5
51334956,1553,5
51337145,13001,178
51337153,12902,58
51337215,9748,36
51337250,12804,205
51337547,12476,5
51337555,12499,5
51338345,8,210
51338643,11408,61
51338657,13245,61
51339739,7,178
51340581,9626,58
51348530,54,146
51350177,138,10
51350278,7,178
51350453,3688,178
51350685,20,83
51350703,8,210
51350846,59,83
51350990,196,10
51351193,246,179
51351653,8,210
51351830,8039,61
51352185,7,210
51352395,6,210
51352546,3316,162
51352757,8,210
51352927,6986,205
51353141,6771,205
51353900,1619,7
51354148,129,83
51354166,5635,178
51356578,107,178
51357178,57587,162
51357257,1426,61
51359674,17,210
51360255,15,178
51360262,20207,70
51360324,6,178
51360390,6,178
51360454,5,178
51360519,6,178
51360583,7,178
51360589,5,210
51360589,36,178
51360648,6,178
51360713,5,178
51360733,10103,205
51360777,5,178
51360841,5,178
51360905,6,178
51360962,56852,5
51360969,6,178
51361033,6,178
51361098,56716,178
51361464,1396,176
51363342,1158,176
51375753,14013,54
51380475,8613,70
51406131,58,43
51407740,1410,178
51415415,513,31
51415475,453,31
51415747,180,31
51415989,238,31
51415989,330,31
51415989,331,31
51415989,331,31
51416319,59,31
51416378,1690,10
51418180,56,43
51418238,55,43
51418295,15003,43
51418684,20,209
51418840,16,209
51419027,14268,5
51419104,115,209
51419215,14074,5
51419469,15132,205
51423373,3263,48
51424266,16697,61
51428419,56,146
51433351,1411,7
51433377,6,210
51433793,32,209
51433816,2707,54
51433893,15033,205
51433918,28,209
51433957,317,176
51433994,29,209
51434062,28,209
51434260,4366,13
51434265,30,209
51434365,31,209
51434456,4256,178
51434524,2133,22
51434671,34,209
51434759,35,209
51434814,5,210
51434863,770,99
51434883,89,209
51434926,86,209
51435022,111,209
51435225,57,209
51435228,5,210
51435270,5567,5
51435313,5,210
51435323,80,209
51435364,1523,5
51435431,225,209
51435675,96,99
51435730,6,210
51435764,110,209
51435852,2965,99
51436348,7,210
51436646,104,209
51436779,86,209
51436906,86,209
51437202,67,209
51437223,990,22
51437373,6,210
51437518,1415,162
51437616,7,210
51438280,7,210
51438623,5008,13
51438648,8,210
51438740,3670,178
51438750,2292,7
51438975,989,36
51439397,9,210
51439714,57,209
51439951,107,209
51440080,126,209
51440282,6,210
51440776,60,209
51441032,2471,58
51441063,168,7
51441114,12,210
51441499,418,7
51441613,422,162
51441901,9887,70
51442294,1140,5
51442425,4110,178
51442688,9,210
51442933,286,176
51443329,3586,99
51443341,25,99
51443364,44,210
51443368,9,209
51443401,13,209
51443536,105,209
51443627,7071,13
51443762,19,74
51443868,986,176
51443871,100,209
51443985,2932,58
51444079,65,209
51444185,13,74
51444210,59,209
51444308,55,209
51444486,93,209
51445091,668,162
51445183,166,209
51445308,15,74
51445408,121,209
51445533,15,74
51445583,105,209
51445991,8408,13
51446368,14,74
51446587,3727,178
51446660,12,74
51446736,194,58
51447062,17267,13
51447334,111,162
51447352,7,210
51447368,14,74
51447652,9,210
51447921,10,74
51448356,9,210
51448650,8,210
51448859,286,210
51449516,192,176
51449720,165,210
51449807,542,176
51449944,4751,61
51449997,189,176
51450237,275,210
51450327,3725,178
51450454,124,162
51450490,7279,36
51450694,3742,13
51450960,42,176
51451805,5806,70
51453820,9,210
51454064,3766,178
51454424,144,210
51454633,8666,61
51457614,8717,70
51457860,3818,178
51458397,22592,36
51461150,272,70
51461292,14430,70
51461357,10543,13
51461452,16743,205
51461521,15160,205
51461718,6583,178
51468345,7159,178
51468738,1881,9
51471704,10,96
51472096,1786,9
51472123,16,96
51472575,13,96
51475515,3833,178
51478069,137,176
51479190,131,176
51479374,3677,178
51480009,130,176
51480660,171,176
51483083,27,176
51483114,3740,178
51483977,38,176
51484453,1252,176
51486152,270,176
51486870,259,176
51486911,3741,178
51487809,26,176
51488300,423,176
51488389,48,176
51488850,158,176
51489485,26,176
51489553,580,176
51489664,11507,36
51490001,31,176
51490498,530,176
51490708,3686,178
51492531,99,43
51494443,3872,178
51494466,60,43
51494529,48,43
51494580,183,43
51494766,183,43
51494952,321,43
51495577,2564,7
51496905,5,61
51498131,920,7
51498145,1892,7
51498364,3687,178
51498719,256,7
51498864,2523,5
51499379,10729,205
51499761,8695,5
51501497,1345,5
51501720,11340,36
51502073,3684,178
51502141,13218,205
51502265,25131,48
51502272,2815,5
51502308,49,48
51502356,13909,13
51503108,81,48
51503390,4340,7
51504463,3497,22
51505233,590,99
51505509,940,61
51505818,6250,178
51506509,1627,99
51506556,6308,61
51506961,739,5
51507299,1208,58
51507740,8568,5
51509189,3437,58
51512088,6298,178
51512803,5956,61
51513094,8728,70
51513341,26,1
51513344,1952,58
51513499,102,1
51513799,5122,22
51513945,903,1
51514335,116,31
51514511,461,31
51514601,4310,5
51515031,60,31
51515091,602,31
51515348,2333,58
51515362,13185,205
51515724,98,31
51515943,484,31
51516195,103,146
51516262,4281,13
51516425,15,22
51516708,7804,146
51517179,1258,146
51517188,13175,146
51517216,637,1
51517297,6441,5
51517531,89,31
51517863,1740,99
51517868,967,1
51518234,60,31
51518417,145,31
51518703,444,31
51518714,6489,61
51518756,5575,178
51519841,179,31
51520538,3614,13
51521178,154,22
51521384,87,22
51521755,10678,58
51521823,8476,70
51522095,41,22
51522325,8461,205
51522445,33,22
51523038,939,1
51524147,6355,13
51524413,528,83
51524511,6099,146
51524547,5655,178
51524548,87,146
51524748,4606,5
51524847,1196,58
51525142,645,61
51525421,2537,5
51525787,15570,61
51525946,2529,22
51526263,6,210
51526429,7,210
51526703,6,210
51528531,8760,5
51529131,8,210
51529309,5,210
51529323,7,96
51529412,10791,5
51529452,5198,205
51529699,5,210
51529951,9,210
51530249,5,210
51530302,10368,70
51530500,8860,13
51530606,5271,146
51530815,25,128
51530821,6,210
51531800,1083,128
51532025,11,13
51532741,16846,205
51532872,11,210
51532899,26899,128
51533714,14,210
51533900,13832,61
51533938,2067,83
51533942,25062,13
51534212,18,210
51534220,15139,13
51535881,6411,146
51536674,10,210
51537108,5,176
51537168,18,210
51537171,90,176
51537409,72,176
51537508,32,176
51537934,92,176
51538148,6,210
51538517,725,176
51539412,806,176
51539647,32,210
51539864,28,210
51540672,10071,70
51541297,7072,61
51542291,4981,146
51543196,351,1
51543548,27,1
51543653,6508,178
51544622,27,1
51544694,13202,61
51545315,402,146
51546905,26,1
51547270,6921,146
51547372,28,1
51548342,995,1
51548427,22486,36
51550218,8397,178
51550509,214,83
51550746,8230,70
51551057,759,83
51553546,6795,83
51554190,8919,146
51558665,10537,178
51558978,8722,70
51560340,31039,83
51561256,539,176
51563107,9119,146
51564585,13169,61
51567703,8379,70
51569264,10205,178
51572224,8744,146
51574303,11471,36
51576084,21852,70
51578930,83,43
51579501,10098,178
51580963,12938,146
51582951,13461,5
51583676,3365,7
51584921,722,5
51585307,961,1
51585852,11576,36
51586916,1845,5
51587494,7203,205
51587842,15453,61
51588097,328,22
51588456,2309,22
51589622,3699,178
51589864,11,180
51590148,3017,7
51591889,1563,22
51591991,18,95
51592020,76,95
51592213,750,95
51592635,9882,58
51593374,3677,178
51593901,7295,146
51594145,3517,95
51594305,1804,61
51594603,9528,13
51594998,9,180
51595994,9,180
51596254,506,75
51596404,443,5
51596418,1516,75
51596436,4169,5
51596448,61,5
51596510,2008,180
51596859,943,5
51597074,3819,178
51597442,2366,180
51597917,592,75
51597938,1729,70
51598064,978,205
51598220,1411,75
51598386,1229,1
51598729,1393,36
51598955,885,22
51599134,6276,38
51599288,495,180
51599395,415,180
51599747,2,75
51600282,144,210
51600456,6099,180
51600932,3578,178
51601039,931,210
51601192,4166,146
51601735,12,210
51602272,7,210
51602362,19,210
51602411,9116,70
51602573,150,210
51602900,18,5
51602954,61705,36
51602980,1121,1
51603144,73,5
51603268,9377,61
51604009,3450,13
51604155,25744,110
51604333,146,95
51604549,3703,178
51604677,569,95
51604876,6,5
51604893,11030,5
51605088,18,210
51605207,13,210
51605341,13,210
51605359,4001,146
51606607,927,24
51607083,12642,58
51607430,20,210
51607454,4236,13
51607512,158,179
51607669,22,210
51607742,20,210
51608288,4699,178
51608294,828,13
51608843,11643,13
51608900,9,96
51609018,2187,75
51609352,5956,146
51609516,2933,180
51609537,9631,205
51610562,178,76
51611316,7873,146
51611356,33,210
51611549,1695,5
51611686,4070,13
51611784,789,76
51611831,7199,70
51612078,30,210
51612580,6790,61
51612887,22,210
51613261,2310,5
51613836,3902,178
51614823,87,76
51615222,3604,76
51615309,3877,146
51615543,3113,75
51615642,59157,5
51615747,2216,13
51615776,2167,5
51616604,20,38
51616684,58113,75
51617222,31,210
51617764,3819,178
51617864,42,209
51618520,15,209
51619599,1037,13
51619914,4653,205
51619987,10,70
51620460,54392,76
51620945,8,210
51620981,451,76
51621161,5,210
51621309,535,208
51621632,3935,178
51622055,11,210
51622386,8,210
51622495,29,210
51622637,215,76
51622720,3718,180
51622722,8,210
51622763,35,210
51623197,30,210
51623522,31,210
51623627,234,210
51625608,3708,178
51626255,20,74
51626280,1212,208
51626378,74,1
51626509,12,74
51628948,906,61
51642256,11,176
51665331,103,43
51670935,7304,178
51673501,1605,75
51674316,2890,47
51675131,4396,5
51675134,70,43
51675207,49,43
51675259,508,43
51675462,209,1
51675519,7482,146
51675629,2661,146
51675759,1391,5
51675770,564,43
51676336,702,43
51676518,14270,61
51676548,2930,61
51677288,180,1
51677432,600,5
51677687,223,1
51677962,1726,47
51678196,868,7
51678314,864,5
51678545,1465,76
51679439,1017,5
51679601,1917,5
51679842,130,47
51680215,250,210
51680221,10399,58
51680239,850,32
51680258,28,47
51680358,133,47
51680502,134,47
51681083,53,99
51681419,50,99
51681608,48,99
51681677,114,47
51681883,5,205
51682055,7563,205
51682379,3792,178
51682388,10,96
51682421,2932,99
51682477,1496,54
51682653,70,205
51682724,11846,13
51682857,14,96
51683000,4062,146
51683003,9166,5
51683019,411,5
51683431,21,210
51683508,52,210
51683531,738,5
51684081,54,210
51684429,52,210
51684734,148,47
51684892,297,47
51685215,4616,47
51685304,370,7
51685896,5658,5
51686070,100,208
51686177,3678,178
51686949,310,7
51687058,5891,146
51687481,618,7
51688187,6170,38
51688839,172,54
51689519,314,36
51689607,9646,70
51689617,7701,205
51689866,1738,47
51689919,3848,178
51690027,22732,36
51690242,6,54
51690360,453,76
51690751,13481,61
51690996,54,210
51691120,893,76
51691362,224,96
51691649,1922,47
51691670,3355,5
51691809,138,96
51691984,25,54
51692030,47,210
51692170,169,31
51692261,36,210
51692304,24,74
51692339,2686,5
51692504,194,76
51692572,12,74
51692945,1258,76
51692948,5119,146
51693266,59,31
51693384,543,1
51693675,4291,47
51693744,2019,58
51693784,4369,178
51694452,1629,54
51694569,9007,13
51694990,6292,38
51695676,1732,5
51695681,407,54
51695764,78,96
51695795,185,40
51695887,10085,58
51695913,75,96
51696029,1510,40
51696266,284,54
51696282,120,96
51696668,78,96
51696908,2191,146
51696935,474,54
51697547,3900,205
51697945,3079,47
51697953,979,5
51698066,5397,146
51698078,70,146
51698395,2102,75
51698453,2784,75
51699173,746,40
51699380,3348,54
51699501,5876,70
51700428,1408,54
51700857,118,176
51701023,342,47
51701455,3791,205
51701874,45,96
51702054,44,96
51702306,40,96
51702776,104,96
51703090,204,208
51703225,20,13
51703460,4478,146
51704170,12545,61
51704233,60,61
51705063,147,47
51705224,111,47
51705244,4296,205
51705377,193,47
51705380,28997,70
51705579,263,47
51705882,248,47
51705932,854,54
51706121,7,210
51706250,1560,47
51706628,9,210
51706839,34,210
51707274,30,210
51707666,31,210
51707845,1574,47
51707927,28,210
51707937,4157,146
51708217,28,210
51709112,101,47
51709435,1604,47
51709449,2656,47
51709468,9,210
51709536,7094,205
51709640,54,210
51709836,52,210
51710170,54,210
51711089,1636,47
51711924,53,210
51712091,7374,146
51712127,4745,47
51716631,2971,205
51716715,14576,61
51716862,3611,47
51718863,22721,13
51719463,6492,146
51720509,4884,47
51722704,12,38
51724861,222,96
51725426,5239,47
51725583,222,96
51725953,7263,146
51727062,284,96
51728534,251,96
51729771,22601,36
51730673,4075,47
51731237,13606,61
51733212,6165,146
51734743,4644,47
51739375,6514,146
51739414,5215,47
51744633,4743,47
51744843,13444,61
51744949,168,176
51744950,64,61
51745887,6186,146
51748059,214,176
51749388,4602,47
51751731,84,43
51752070,7011,146
51752615,11377,36
51753999,4478,47
51755321,1616,47
51756618,2702,205
51756972,1593,47
51758290,10081,61
51758423,55,61
51758491,4913,47
51758561,1594,47
51759078,6097,146
51759319,2805,205
51760148,1646,47
51761857,1636,47
51762122,2820,205
51763407,5068,47
51763506,1647,47
51763629,876,71
51763672,141,210
51764066,11408,36
51764941,3000,205
51765159,1594,47
51765172,6595,146
51766320,1432,71
51766356,541,210
51766758,1582,47
51767485,365,210
51767940,2945,205
51768346,1613,47
51768372,13249,61
51768476,39,61
51768515,4630,47
51769736,522,71
51769996,1625,47
51770633,11114,205
51770885,7251,205
51771647,1604,47
51771709,262,210
51771764,6019,146
51772010,276,71
51772723,2144,71
51772903,19,210
51773193,4875,47
51773290,3232,47
51773749,6061,13
51774163,50,210
51774342,45,210
51774996,56,210
51775501,11433,36
51775800,22,210
51775977,602,71
51776518,3411,47
51776619,31,210
51777513,82,210
51777783,7047,146
51778118,5605,47
51778123,276,71
51778138,3495,205
51778354,108,210
51778554,32,210
51778616,478,71
51779034,56,210
51779088,114,71
51779181,4146,71
51779611,144,96
51779805,1829,13
51779867,896,71
51779879,132,210
51779926,3395,47
51780181,429,210
51781023,8914,71
51781221,125,210
51781593,393,210
51781637,15666,13
51781645,12814,61
51782122,3225,13
51782530,683,210
51783108,6,40
51783186,21,40
51783335,121,40
51783382,8136,47
51783620,143,40
51783699,6661,47
51784258,389,40
51784780,207,40
51784827,8055,146
51785053,1163,40
51785185,5395,205
51785531,14705,205
51786242,1391,40
51786964,31131,36
51787671,4776,40
51787804,20,210
51788108,14,210
51788603,8,210
51788811,5,210
51789152,8,210
51789382,9,210
51789523,8,210
51789667,13,210
51790058,12,210
51790395,7231,47
51791475,11,210
51791507,6315,47
51791675,6,210
51792475,11226,40
51792902,8,210
51793003,9470,146
51793461,10,210
51793660,11,210
51794491,12975,61
51794497,15,210
51794526,56,61
51794657,83,74
51794880,14,210
51795206,23,210
51795447,69,210
51795757,241,210
51796110,88,210
51797678,6615,47
51797822,1629,47
51801483,353,38
51801626,458,38
51802135,9723,38
51802470,6052,146
51804288,4818,47
51805979,82,40
51806421,83,40
51807486,14923,61
51807517,386,61
51807518,38,61
51808520,6694,146
51809147,4966,47
51811859,9694,38
51814119,4587,47
51815212,6883,146
51818338,10491,205
51818339,14146,13
51818738,4084,47
51821555,9700,38
51822094,6178,146
51822157,60,146
51822818,5029,47
51827864,5171,47
51828268,5822,146
51833033,4798,47
51834090,6274,146
51837603,164,71
51837738,2024,71
51837834,4717,47
51838131,92,43
51840045,21,47
51840066,81,61
51840149,82,43
51840363,6797,146
51840430,15919,61
51841686,1597,47
51842578,4293,47
51843275,1745,47
51844745,13361,71
51845048,3439,47
51845445,10346,70
51845475,20623,70
51846830,4928,47
51847143,8406,146
51848520,11594,47
51848534,21312,13
51848821,15551,205
51849081,18220,205
51849162,15835,13
51851811,3388,47
51855215,4650,47
51855549,6951,146
51855627,94,146
51855767,10116,70
51856288,14875,61
51856685,10283,58
51856964,17273,205
51859222,19932,71
51859892,4371,47
51860110,8330,47
51861657,10122,26
51862510,10300,146
51864265,9518,47
51865052,18432,13
51865774,24365,70
51865910,8560,70
51867283,351,205
51867656,3081,205
51869842,13355,13
51869936,5124,58
51870735,13843,205
51871142,14982,61
51871229,1289,58
51872713,9267,47
51872808,13706,146
51873789,11497,47
51874471,9824,70
51875707,3943,58
51876192,2092,26
51882018,3536,47
51883036,21781,13
51883138,11504,205
51883486,13664,13
51884299,9039,70
51884578,15262,205
51885295,7930,47
51885566,13,47
51886142,6968,61
51886510,8231,146
51893130,13628,61
51893250,4557,47
51893340,8588,70
51894740,5941,146
51895257,9641,38
51897800,4809,47
51900678,6824,146
51901930,8777,70
51902598,4446,47
51906745,14239,61
51907039,5072,47
51907343,10441,13
51907501,6378,146
51910708,4646,70
51912147,4447,47
51913869,7335,146
51915357,4769,70
51916586,4090,47
51917784,9855,13
51920128,4636,70
51920725,4932,47
51921209,7460,146
51922175,9586,38
51922239,6510,61
51924531,176,43
51924766,8560,70
51925707,4350,47
51926640,44,43
51926695,74,43
51926771,531,43
51927305,373,43
51927641,9464,13
51927681,544,43
51928667,5084,146
51928805,5609,61
51929321,14151,61
51930086,2911,47
51930262,25742,110
51930950,11288,13
51933017,3081,47
51933326,6198,70
51933748,4283,146
51934349,5546,61
51935972,1304,61
51936134,2983,47
51938028,4369,146
51938138,15759,61
51939121,2876,47
51939527,24658,70
51939833,5403,61
51940104,9185,13
51941707,9656,205
51941989,7859,47
51942395,9149,146
51942798,8616,146
51942810,59,146
51945169,5544,61
51945407,111,71
51946091,8211,71
51947559,1241,71
51949284,16249,13
51949840,2917,47
51950612,40,61
51950650,6308,61
51951154,63,48
51951241,123,48
51951356,12711,205
51951541,4994,146
51952200,44,210
51952221,25614,48
51952764,2892,47
51952838,9,210
51953186,39,71
51953288,26,71
51953313,9,210
51953746,15,210
51954002,14,210
51954853,10,210
51954865,1277,71
51955197,26,210
51955361,9,210
51955691,2965,47
51955946,8763,13
51956440,26,210
51956455,39,210
51956532,4322,146
51956558,60,146
51956953,5718,61
51956960,40,210
51956971,30,61
51957331,38,210
51958484,108,210
51958533,11740,71
51958672,5319,47
51958766,165,210
51958771,5065,146
51958881,511,36
51959788,101,210
51960314,1294,71
51960851,4732,146
51961158,1270,71
51962054,1254,71
51962250,10,210
51962621,19,210
51962663,5704,61
51963054,11,210
51964018,2997,47
51964072,13238,205
51964189,7389,70
51964280,7,210
51964780,9054,13
51965406,10,210
51965532,16770,13
51965586,5081,146
51966799,12,210
51967002,4679,47
51967910,6,210
51968248,1248,146
51968346,5254,61
51968371,5,210
51968372,67,61
51968555,22709,36
51968975,6,210
51969860,13,210
51970450,13,210
51970664,6644,146
51970794,33,210
51971147,9,210
51971303,13,210
51971359,16,210
51971679,4917,47
51973538,5759,61
51974105,7013,61
51974845,156,61
51977307,5838,146
51977707,7984,205
51977963,13339,70
51978776,13429,205
51983143,5912,146
51985691,7729,205
51987824,70,61
51989052,4751,146
51989506,9945,38
51993424,18485,205
51993802,4328,146
51998127,5228,146
52003344,5659,146
52003357,92,146
52003584,59,61
52007308,3726,71
52008999,3966,146
52010930,114,43
52011912,8991,205
52012960,46,43
52012962,4441,146
52013009,49,43
52013061,455,43
52013359,3035,7
52013518,227,43
52013747,293,43
52016759,187,71
52017401,3849,146
52018511,78,61
52018526,5911,61
52018656,11607,71
52020298,244,1
52020904,21423,205
52021248,4612,146
52023003,7356,13
52023979,245,1
52024495,7293,61
52024674,2651,5
52024720,2755,5
52024911,7536,38
52024960,39,71
52025852,3896,146
52026258,13832,205
52026285,1370,58
52027691,9783,58
52028043,22,210
52028087,120,210
52029583,12225,13
52029748,5340,146
52029903,2869,5
52030136,9,210
52030357,10075,13
52031357,1414,5
52032505,8834,61
52032547,121,61
52033781,20,210
52034475,7,210
52034515,7,210
52034746,33,210
52035066,239,210
52035083,5422,146
52035121,58,146
52035793,12,13
52037122,1193,210
52037480,72,30
52037593,27,30
52037688,402,30
52038122,23,30
52038672,14,71
52038798,248,1
52040094,3905,205
52040284,239,1
52040290,1087,210
52040500,5213,146
52040832,8,70
52041283,7403,61
52041394,232,1
52041990,3027,47
52042329,6192,205
52042604,68,70
52042616,972,1
52042886,398,210
52042918,11,70
52043172,1736,58
52043453,39,30
52043997,36,70
52044020,1073,210
52044045,5217,205
52044195,77,70
52044837,601,5
52044935,125,58
52044983,6699,13
52045040,2526,47
52045148,1270,58
52045713,3222,146
52045754,739,30
52045771,16597,70
52046472,1384,58
52047304,10,210
52047603,2453,47
52047736,1074,210
52048756,2806,58
52050114,2449,47
52051407,71,176
52052203,74,61
52052557,2458,47
52053138,69,176
52053619,70,176
52054842,70,176
52055059,2455,47
52057559,2494,47
52057749,15,71
52058169,11,71
52059263,27,71
52059296,12,71
52059884,53,71
52060004,185,210
52060058,3295,47
52060259,392,210
52060945,390,210
52061220,135,71
52061954,340,210
52061964,237,71
52062440,181,210
52062686,178,210
52063618,84,71
52064419,99,71
52064949,101,71
52065222,12,13
52065436,16,71
52065460,84,71
52067734,773,71
52068146,18049,70
52068615,84,71
52070227,70,176
52071090,68,71
52076856,76,176
52077917,77,176
52081154,57,176
52082202,72,176
52084134,211,176
52084494,220,176
52085658,172,176
52086136,176,176
52088386,175,176
52088740,70,176
52089057,71,176
52089692,70,176
52092102,84,176
52092186,110,176
52092297,1332,176
52097331,7,43
52098414,21,1
52099610,25779,110
52099662,15,84
52102707,2436,47
52106272,5267,61
52106789,69,48
52106815,113,48
52106872,121,48
52112571,85,58
52112948,2816,38
52113493,14108,61
52113734,2814,22
52116089,727,58
52116834,4899,58
52117506,6141,61
52120261,229,1
52120352,1382,5
52121053,16,210
52121146,16,210
52121866,29,210
52122179,9215,13
52122398,1890,5
52122427,286,30
52122461,31,210
52122913,4646,71
52123632,13882,61
52123647,5241,205
52124017,29,210
52125430,430,176
52125602,10796,205
52126006,7,210
52126289,237,210
52126694,320,176
52127732,1231,176
52127867,3291,5
52127914,174,210
52128224,173,210
52128613,35,99
52128888,5923,205
52129149,19,99
52129176,20,210
52129192,1263,58
52129278,550,99
52129860,119,179
52130222,20,210
52130336,4592,70
52130351,1310,176
52130354,141,210
52130358,523,99
52130814,225,210
52131549,9189,58
52132076,1593,26
52132113,1233,55
52132491,3550,13
52132722,1359,176
52132888,231,99
52132910,457,76
52133155,735,38
52133892,10,38
52134713,65,38
52134779,12,38
52134814,9713,205
52135177,12029,70
52135219,10161,70
52135710,36,61
52136095,1366,61
52136307,960,71
52136547,992,176
52137469,5932,61
52137918,8656,71
52138035,66,71
52138425,8125,38
52138509,114,71
52140064,86,71
52140440,59,71
52140814,64,71
52141157,69,71
52141887,74,71
52141957,80,176
52142386,316,71
52142709,234,210
52143038,64,176
52143082,318,210
52143384,5816,61
52143864,1320,71
52144529,3892,205
52145372,8358,70
52145562,11486,61
52147476,17213,13
52148235,4122,146
52149386,308,71
52150482,9737,38
52151729,1293,71
52152011,1277,71
52152226,1281,71
52152302,1271,71
52152355,3973,146
52153741,10199,70
52153984,165,48
52154054,30091,48
52154374,80,176
52155046,205,176
52155402,51,176
52156325,3739,146
52157510,89,176
52157868,86,176
52159275,54,176
52159361,79,47
52159469,100,47
52159616,123,47
52160014,111,47
52160063,4078,146
52161317,611,47
52163943,9696,70
52164139,3485,146
52165525,93,176
52167623,5564,146
52168034,872,176
52169405,1527,176
52171099,1018,176
52172330,109,176
52172440,71,176
52172540,249,176
52173060,2483,176
52173185,4846,146
52173642,8564,70
52178028,4164,146
52182189,3704,146
52182207,64,146
52182207,8353,70
52183730,199,43
52185614,93,61
52185825,56,43
52185883,50,43
52185891,4834,146
52185892,41,43
52185935,292,43
52186229,252,43
52186484,332,43
52188370,4639,5
52189484,6590,205
52190562,8637,70
52190722,4336,146
52191325,24,61
52191349,5135,61
52191646,2335,75
52191763,112,40
52191982,284,40
52192029,7026,71
52192318,1031,40
52192342,158,71
52195582,66,25
52195823,966,25
52195945,286,47
52196062,9003,205
52196302,6684,5
52196405,86,47
52196416,8327,61
52196875,55,99
52197160,1739,99
52197436,1264,20
52197489,168,47
52197775,7970,13
52198001,12238,205
52198075,5656,205
52198356,176,47
52198708,170,47
52199201,947,70
52199243,426,20
52199796,261,99
52200280,5078,38
52200409,294,47
52200643,2184,75
52200745,648,58
52201162,43,47
52201179,577,47
52201322,152,99
52201690,251,99
52201718,2724,47
52202000,388,99
52202565,76,7
52202642,220,7
52202675,227,99
52202835,248,47
52202864,3270,7
52202955,126,210
52203089,183,47
52203334,116,210
52203483,263,99
52203866,61,71
52204163,55,99
52204227,430,99
52204266,1092,5
52204458,4168,5
52204720,24,61
52204738,7166,61
52204995,79,99
52205068,13294,205
52205153,13363,48
52205218,8,99
52205475,11,38
52205524,1531,38
52205818,78,99
52206890,172,210
52207001,108,99
52207204,510,99
52207388,174,210
52207871,113,99
52207909,9992,5
52208244,4082,38
52208432,14063,61
52208528,1008,99
52208798,3529,64
52208845,6050,7
52208892,1248,176
52208927,20,210
52209030,1656,20
52209429,176,210
52210302,53,99
52210419,1559,99
52210700,2059,20
52211502,94,61
52211844,9187,61
52211971,819,61
52212205,585,99
52212393,6511,38
52212764,5412,205
52212816,113,61
52212827,30,61
52213149,266,99
52213762,4574,70
52213962,1416,99
52214132,2630,64
52214374,2715,20
52215618,1181,58
52215802,3239,47
52215920,107,61
52216055,114,6
52216185,1660,58
52216378,948,6
52216413,123,99
52216421,845,61
52216579,124,6
52217129,440,210
52217426,133,99
52217544,25761,110
52217774,6609,146
52218019,2140,75
52218175,1460,205
52218608,804,58
52218688,322,99
52218905,518,38
52219034,4171,47
52219076,135,99
52219227,1427,13
52219284,3607,71
52219452,54,210
52219463,59,210
52219471,8187,70
52219562,262,210
52219709,196,99
52219950,797,99
52219959,245,58
52220292,139,71
52220849,290,210
52220941,21,61
52220960,5500,61
52221453,79,71
52221623,437,210
52222674,581,58
52222699,1791,38
52222734,59,71
52223236,2833,47
52223510,81,71
52223932,318,210
52224095,99,71
52224339,89,71
52224382,5073,146
52224640,6238,38
52224714,220,71
52224924,305,210
52225123,107,71
52225402,123,71
52225425,310,210
52225766,124,71
52226083,270,210
52226102,4792,47
52226400,5263,61
52226583,79,71
52227064,1384,47
52227516,193,71
52227660,4530,70
52228169,12,71
52228309,6,210
52228526,269,210
52228623,350,47
52229040,389,47
52229430,385,47
52229453,5459,146
52230308,29,71
52230349,739,210
52230737,1448,71
52231600,12896,61
52232077,506,210
52232201,8547,70
52233900,5335,38
52233987,64,71
52234543,38,71
52234686,1252,210
52234909,5220,146
52235507,93,71
52235576,24133,13
52235760,191,71
52235925,1713,64
52236648,56,210
52236704,943,210
52236820,184,71
52237741,288,47
52237816,12826,48
52237888,25308,48
52238036,371,47
52238518,79,47
52238596,333,47
52239031,210,47
52239284,6195,38
52239530,3978,47
52240127,6490,146
52240195,58,146
52240748,5386,70
52240859,12815,71
52240964,58,38
52243555,4068,47
52245723,14246,61
52246138,5639,70
52246616,5834,146
52247146,5953,38
52247607,4618,47
52247620,63,47
52251776,6215,70
52252177,4863,47
52252447,6020,146
52253101,5968,38
52257064,4311,47
52257994,7493,70
52258458,5818,146
52259066,5954,38
52261387,4562,47
52264276,6194,146
52265490,19360,70
52265946,4343,47
52269859,11480,13
52270131,92,43
52270331,4839,47
52270469,5779,146
52272050,24,61
52272893,109,84
52275197,9846,47
52276246,8738,146
52277061,11,7
52280677,5914,38
52285324,116,3
52287184,357,58
52289579,1021,47
52289716,588,210
52289965,2348,7
52290612,707,47
52290886,936,47
52290906,570,210
52291169,5880,38
52291327,1597,47
52292338,422,47
52292790,192,47
52292917,1780,47
52292988,565,47
52293463,536,43
52293966,175,99
52294207,14,99
52294513,179,99
52294613,752,47
52294688,1759,47
52294994,1413,99
52296461,1753,47
52297734,121,99
52298232,1760,47
52299255,34,99
52299625,5909,38
52300003,1805,47
52300717,737,47
52301837,1821,47
52302661,6801,70
52303365,2070,99
52303569,54,97
52303611,61,61
52303672,961,47
52303762,91,97
52303774,79,61
52303965,7276,61
52304347,1048,47
52304701,1873,47
52305449,464,47
52305503,1299,99
52305535,5878,38
52305936,984,47
52306018,450,5
52306557,1193,128
52306596,2961,47
52306833,196,99
52307646,739,47
52307790,1142,128
52308478,1017,47
52309492,774,128
52309502,926,47
52309509,28,128
52309776,2687,47
52310504,5787,71
52310971,951,47
52311179,7505,61
52311414,6157,38
52311725,1263,70
52311758,11333,70
52311976,309,76
52312174,533,47
52312202,4318,146
52312408,792,47
52312682,779,47
52312981,4777,70
52313238,3253,47
52313480,585,47
52313875,706,47
52314767,10,47
52314820,15,47
52314873,17,47
52314916,405,47
52315352,520,47
52315481,542,210
52315897,413,47
52316168,903,210
52316312,476,47
52316514,4383,146
52316530,6915,47
52316647,2414,71
52317428,742,210
52317572,5960,38
52317765,4470,70
52318607,1930,61
52319292,1241,71
52320897,5446,146
52320903,391,71
52321270,1023,210
52321306,2230,71
52322239,4528,70
52323532,6063,38
52324634,6108,71
52326340,3860,146
52326767,4590,70
52329593,14,38
52329608,64,38
52330195,4246,146
52331360,10282,70
52334439,3865,146
52337336,15062,61
52338304,4677,146
52341644,10108,70
52342978,3696,146
52346672,4006,146
52350676,3706,146
52351756,8149,70
52354380,3924,146
52356531,69,43
52358301,3643,146
52358457,69,61
52358528,47,43
52358577,47,43
52358626,511,43
52359908,1002,70
52360365,14083,61
52361943,4270,146
52364490,849,146
52365030,8560,146
52366212,7541,146
52366894,1283,61
52368284,84,61
52368752,811,61
52370464,8142,70
52373752,3972,146
52373815,61,146
52374447,13078,61
52374450,306,38
52374479,67,38
52374875,6080,38
52377722,3670,146
52377938,4536,13
52378607,8787,70
52381390,4527,146
52382545,1032,210
52383555,132,210
52384689,9831,38
52385915,3670,146
52387404,16232,70
52387463,14297,61
52389583,4827,146
52390191,997,210
52390842,13,210
52391242,8,210
52392843,3336,64
52394367,630,210
52394408,5330,146
52395834,352,210
52396399,943,210
52397251,9,210
52397432,162,210
52398114,680,210
52398759,715,210
52398909,695,210
52399736,4901,146
52401094,14,210
52401289,738,210
52401766,14844,61
52402088,42,74
52402341,17,74
52402766,62,74
52402953,13,74
52403334,10,210
52403638,19903,70
52403839,11,210
52404057,449,74
52404356,849,210
52404634,4606,146
52409236,4416,146
52413396,15,74
52413650,4638,146
52416611,15014,61
52418287,4972,146
52422954,9787,38
52423253,4099,146
52423544,20966,70
52427352,5281,146
52431626,16283,61
52432629,4074,146
52432743,6434,38
52436701,4834,146
52441526,5828,146
52442930,84,43
52444513,6423,70
52444925,47,43
52444975,56,43
52445033,392,43
52445427,386,43
52445816,465,43
52447359,4629,146
52447424,58,146
52447657,25733,110
52447910,13858,61
52450948,6380,38
52451083,427,70
52451090,10443,70
52451609,1120,70
52451985,3843,146
52452742,4361,70
52455826,4153,146
52457105,4424,70
52457270,6210,38
52459975,3784,146
52461531,4308,70
52463481,6038,38
52463758,3902,146
52465841,4461,70
52467658,3554,146
52469581,9679,38
52470304,9865,70
52470506,5902,61
52470534,14439,61
52470535,28,61
52471210,4696,146
52475903,3526,146
52475966,60,146
52476345,5177,61
52479427,4032,146
52480172,9492,70
52481459,5463,61
52483456,3927,146
52486859,6387,61
52487382,5928,146
52489426,5153,178
52489666,8314,70
52493236,5803,61
52493245,91,176
52493308,6248,146
52493672,14286,61
52494487,16,176
52494606,6651,178
52495206,57,176
52495706,53,176
52496224,53,176
52496552,102,176
52497354,92,176
52497724,9703,38
52497870,57,176
52497982,8550,70
52499232,44,176
52499554,7121,146
52500592,48,176
52501291,5957,178
52502551,95,176
52503065,31,176
52504660,39,176
52505502,70,176
52506291,70,176
52506519,33,176
52506534,7943,70
52506673,6403,146
52506737,58,146
52506793,108,176
52506924,43,176
52507256,7087,178
52507610,77,61
52508728,146,176
52509450,113,176
52510351,212,176
52510933,129,176
52511434,187,176
52512322,84,176
52512630,105,176
52513074,8225,146
52513173,113,176
52513833,113,176
52514162,117,176
52514365,8469,178
52514479,13940,70
52514574,351,176
52514952,325,176
52516098,2365,176
52516429,1257,13
52517684,4980,13
52519307,1220,176
52520886,1005,176
52521299,8550,146
52521912,12929,61
52522138,972,176
52522665,4746,13
52522870,8895,178
52523247,956,176
52524291,1150,176
52525140,5468,61
52525167,46,61
52525451,1357,176
52527224,874,176
52527415,4899,13
52527650,1195,176
52528175,717,176
52528422,14300,70
52529330,99,43
52529851,5460,146
52529873,3,71
52531233,36,61
52531324,47,43
52531373,59,43
52531434,281,43
52531542,3282,71
52531717,289,43
52532009,365,43
52532316,4866,13
52533530,56,76
52534003,548,61
52534652,82,76
52535308,4252,146
52536945,6302,61
52537184,11546,13
52538744,6,128
52538879,734,47
52539227,1173,128
52539558,4605,146
52540150,3684,71
52540334,1240,47
52541708,420,128
52542146,19,99
52542724,10322,70
52543185,6316,61
52543850,27,99
52544159,4567,146
52544171,110,99
52544553,1260,71
52547112,3,71
52547147,11218,71
52547169,1240,71
52548078,5712,38
52548724,9738,146
52548731,4315,13
52549416,9012,128
52549458,8968,61
52554428,1295,71
52554717,533,128
52554908,7,210
52558719,3702,178
52558731,3104,71
52559576,3486,71
52559997,8,210
52560518,7,210
52561063,6,210
52561364,20,210
52561504,920,210
52561553,444,176
52562053,5949,128
52562133,601,176
52562979,316,176
52563457,11,210
52563603,6881,71
52563614,320,176
52563930,9,210
52564321,530,176
52564498,4323,26
52564865,3570,61
52564958,19,210
52565111,131,176
52565118,16,210
52565314,17,210
52565833,151,176
52566075,30,210
52566176,130,176
52566740,17,210
52566804,54,99
52566935,73,99
52566960,47,210
52566969,8,176
52567183,14,210
52567317,320,176
52567523,6,99
52567565,3231,99
52568366,146,61
52568489,324,61
52568659,137,61
52568819,7222,61
52569783,24,210
52570069,6153,128
52570842,401,176
52571464,24,210
52571560,450,176
52571564,36,210
52571789,20,210
52572068,18,210
52572219,119,99
52572953,391,176
52575471,20,210
52575981,5179,61
52577652,24,210
52578841,19,210
52579088,9,210
52579281,8,210
52579574,11,210
52580337,178,210
52580727,147,210
52581407,28,210
52581436,50,210
52581730,48,210
52581801,12,74
52582292,16,74
52582295,15,210
52582443,52,210
52583277,12,74
52583840,9,74
52584044,8,74
52584433,8,74
52585564,10,74
52586211,899,74
52587763,9,74
52587839,34,74
52588333,91,74
52588780,214,74
52589081,102,74
52589090,13177,61
52589279,36,74
52589945,429,74
52590700,8,74
52591033,541,74
52591134,10,74
52591948,44,74
52592186,443,74
52592631,11,74
52602269,13163,61
52615434,14355,61
52615731,74,43
52616064,3299,71
52617363,3925,178
52617517,25740,110
52617657,65,61
52617723,47,43
52617772,47,43
52617821,282,43
52618105,272,43
52618379,366,43
52620659,322,84
52621340,3686,178
52622685,3192,128
52622752,6630,61
52625077,3578,178
52626476,4,128
52627023,686,128
52627261,6057,38
52628072,489,47
52628190,1007,47
52628692,328,99
52628696,3856,178
52628769,155,198
52629319,5023,61
52629554,341,71
52629562,909,99
52630010,13,210
52630268,726,47
52630780,2738,71
52630900,11,47
52631097,653,47
52631179,11,210
52631353,7,210
52631627,33,210
52632017,59,99
52632555,5379,178
52633001,1942,99
52634280,5432,61
52635327,7536,146
52635770,1208,99
52635780,9433,146
52635804,681,128
52636117,3593,71
52636442,913,146
52636951,37,47
52637011,954,47
52637876,1655,99
52637980,3849,178
52638021,745,47
52638766,445,47
52638985,83,47
52639102,49,47
52639497,140,47
52639578,431,47
52639691,6474,61
52639711,60,61
52639933,530,47
52640018,495,47
52640029,1738,99
52640586,2650,71
52640642,6,99
52640667,773,99
52640801,723,128
52641959,3875,178
52641969,146,38
52642124,217,99
52642144,8220,38
52642628,435,128
52642863,4986,146
52643053,105,99
52643094,37,198
52643417,134,99
52643568,319,99
52643711,32,22
52643766,8,22
52643786,163,22
52644173,1280,99
52644305,514,99
52645672,405,22
52645699,464,99
52645880,3682,178
52646130,5215,61
52646180,149,99
52646284,263,47
52646723,98,47
52646734,154,99
52646747,1224,47
52646852,98,47
52647020,404,99
52647631,521,99
52648641,91,47
52648734,758,99
52648761,4751,146
52648795,152,47
52648796,72,146
52649620,3686,178
52649680,687,99
52650303,162,47
52650902,1149,176
52651286,5973,61
52651596,397,47
52651637,33,38
52651650,10,38
52651681,8,38
52651877,78,47
52652050,1508,36
52652207,39,128
52652287,313,47
52652381,923,176
52652954,134,47
52653005,331,128
52653128,8374,38
52653271,114,47
52653374,260,47
52653387,4429,13
52653473,4077,146
52653560,8739,70
52653640,78,47
52653901,144,47
52653933,6306,176
52654002,533,47
52654162,305,47
52654620,15529,36
52654772,197,47
52655100,437,47
52655451,3,71
52655522,4881,71
52656044,628,47
52656702,343,47
52657212,6052,61
52657260,36,61
52657295,505,47
52657484,12,47
52657664,4832,146
52657895,11,47
52658007,5757,13
52658645,101,47
52658698,54,47
52658752,325,47
52659738,226,47
52659966,500,47
52660470,633,47
52661443,8177,38
52661669,746,47
52662493,4716,146
52663202,5911,61
52663864,783,210
52664915,2554,210
52666750,4638,70
52667208,4411,146
52667262,48,146
52671389,4785,70
52671616,3855,146
52673685,33,74
52673697,20,74
52674864,15,74
52675469,4376,146
52676175,8476,70
52676439,62,74
52676543,359,74
52677188,98,74
52677560,15242,61
52679843,3871,146
52683712,4298,146
52684654,16487,70
52687092,640,176
52688008,4902,146
52688298,224,176
52688732,270,176
52689389,239,176
52690397,139,176
52691414,15,176
52692045,27,176
52692151,2076,176
52692234,311,176
52692824,11177,61
52692866,377,176
52692908,7296,146
52692909,62,61
52693931,877,176
52694551,1269,176
52695314,532,176
52696232,2301,176
52696688,508,176
52699694,2602,71
52700200,3971,146
52701144,19999,70
52702131,82,43
52703606,6823,178
52704112,58,61
52704123,60,43
52704169,7933,146
52704185,61,43
52704248,426,43
52704676,572,43
52705251,781,43
52709796,609,198
52709883,8875,61
52710156,388,198
52710303,403,198
52710472,3694,178
52710582,387,198
52710704,13326,61
52710880,361,198
52711000,697,198
52711105,1228,61
52711171,5486,71
52712100,4866,146
52712220,968,38
52712281,451,128
52712673,505,198
52714212,3684,178
52714356,329,198
52714382,685,198
52714547,399,128
52716675,225,99
52716965,5224,146
52717128,896,198
52717131,276,96
52717172,525,99
52717841,3072,71
52717933,2598,95
52717951,4106,178
52718348,167,128
52718694,7100,61
52719049,336,206
52720546,165,40
52720610,857,99
52721079,129,95
52721110,86,95
52721145,6327,70
52721207,8,95
52721286,1413,95
52722112,4228,178
52722188,6270,146
52722384,2714,206
52722720,8309,38
52723017,1417,95
52723570,383,61
52724004,261,61
52724270,309,61
52724635,150,61
52724934,140,61
52725301,789,61
52725733,7406,61
52726100,408,99
52726396,3689,178
52727447,87,210
52727505,6641,70
52727631,1325,84
52727720,286,128
52727882,89,210
52728454,5757,146
52728919,151,210
52728951,241,128
52729057,19,84
52730135,5049,178
52730152,288,128
52730932,454,24
52730960,1047,176
52731029,4691,38
52731168,5707,210
52731345,13,22
52731756,2831,24
52731770,142,176
52732103,242,176
52732251,5260,176
52732368,2401,176
52732371,1726,58
52732803,320,128
52733167,6851,61
52733547,3244,206
52733582,3362,36
52734120,5791,58
52734148,5319,70
52734211,6684,146
52734225,58,146
52735319,5532,178
52736945,347,99
52737250,275,128
52737315,418,99
52737354,42,210
52737771,219,210
52737781,269,99
52738463,139,128
52738787,32,210
52738791,877,99
52738820,64,210
52738889,3142,210
52739053,169,128
52739253,332,210
52739469,6805,70
52740083,974,99
52740703,147,128
52741081,162,76
52741125,244,71
52741465,981,99
52741503,2895,71
52741666,50,76
52741744,376,58
52742013,34,76
52742149,297,210
52742164,283,58
52742456,1340,38
52742596,14635,38
52743743,383,210
52744445,3,71
52744484,2632,71
52744902,245,210
52745173,382,210
52745895,250,210
52746285,417,210
52747753,13,74
52748207,3730,178
52749442,47,71
52749480,5175,71
52749973,60,74
52751712,7,205
52751799,5,205
52751943,3686,178
52755679,3683,178
52757536,10113,38
52759414,3789,178
52760501,13156,61
52762555,133,83
52762756,248,83
52763209,3979,178
52763958,19,74
52764003,687,83
52764308,31,74
52765107,57,74
52766118,25,74
52766131,19,74
52767247,3690,178
52767650,10235,38
52770983,3709,178
52773659,13140,61
52773791,60,61
52774718,3693,178
52778453,3687,178
52782191,3688,178
52785926,64,178
52785990,869,178
52786056,804,178
52788531,54,43
52794903,20,22
52797730,18928,61
52797734,91,61
52804027,57,43
52804105,50,43
52804146,4340,24
52804157,224,43
52804201,3931,178
52804255,597,210
52804383,294,43
52804679,387,43
52804715,5777,61
52804836,175,99
52805045,4206,99
52806173,3456,36
52806241,187,58
52808177,4986,178
52808832,6706,134
52809128,19,210
52809375,6454,38
52809807,593,22
52810411,133,22
52810454,8285,61
52810558,7467,146
52810612,4654,58
52810635,14147,146
52810802,36,7
52811015,1324,7
52812522,116,22
52813176,5560,178
52813509,263,210
52813720,1050,24
52814041,19,210
52814237,94,99
52814319,134,74
52814385,198,99
52814501,20,210
52814743,329,99
52814757,20,210
52814852,371,139
52815264,13,210
52815456,16,210
52815536,2339,22
52815726,14,210
52815957,171,74
52816138,7,210
52816353,173,74
52816403,11,210
52817104,3039,38
52817459,4356,58
52817788,4666,134
52818025,6771,146
52818574,406,128
52818726,7177,61
52818781,6030,178
52818846,151,99
52819079,3786,206
52819107,47,99
52819132,15,210
52819176,95,99
52820783,234,99
52821349,50,210
52821400,16,210
52821513,515,38
52821839,843,58
52822597,12,210
52822678,3377,38
52822939,131,99
52823094,2655,99
52823099,105,22
52823111,22,210
52823184,21,210
52823365,416,38
52823534,665,38
52823688,16,210
52824614,2531,64
52824794,9609,146
52824868,6175,178
52825177,22002,36
52825852,8762,61
52826066,620,99
52826085,3371,210
52826415,54,38
52826470,674,38
52827325,1468,99
52827427,2545,38
52827620,366,58
52829987,4299,38
52831073,4423,178
52831679,2268,210
52833201,1465,210
52834401,7043,146
52834464,86,146
52834562,83,61
52835535,8380,178
52837140,35,210
52838180,32,210
52838227,829,210
52839158,1039,210
52840234,2440,210
52841440,12023,146
52842240,10066,38
52842826,5031,210
52843968,9041,178
52844757,26868,70
52844795,27969,70
52846890,1132,1
52850478,1128,1
52851813,22696,36
52852306,9855,38
52853067,22741,178
52853464,17857,146
52853478,141,61
52862162,6043,38
52868206,3420,38
52871323,11624,146
52874931,97,43
52875946,9221,178
52876913,39,43
52876954,83,43
52877040,254,43
52877296,209,43
52877507,780,43
52882945,5241,146
52883141,6676,61
52883433,14148,61
52884976,700,96
52885227,3689,178
52885716,3005,96
52885787,132,22
52886063,983,22
52886186,4425,99
52887055,4267,22
52887599,1322,70
52888185,5292,146
52888922,4222,70
52888963,3718,178
52889320,2145,7
52889384,71,96
52889754,6388,61
52890096,3492,38
52890440,6,134
52890470,3843,134
52890710,68,99
52891346,1707,22
52891977,4345,58
52892384,536,210
52892700,3685,178
52892843,76,210
52893033,151,210
52893146,4218,70
52893205,481,210
52893476,3888,146
52893947,167,210
52894158,195,210
52894626,55,210
52894645,853,99
52894719,105,84
52894760,65,210
52895307,757,38
52895526,332,99
52896078,6633,61
52896437,3684,178
52897345,3329,38
52897362,5282,146
52897366,4177,70
52897375,59,146
52897895,112,210
52898069,165,210
52899909,51,210
52900173,3697,178
52901105,84,210
52901545,9630,70
52902172,3761,22
52902643,5748,146
52902649,6168,61
52902796,72,210
52903908,3691,178
52903968,1547,38
52904044,2267,210
52905691,1334,38
52907046,1856,58
52907454,3987,38
52907643,3735,178
52908389,4129,146
52908522,2818,7
52908755,5644,61
52908925,809,58
52909233,7,99
52909252,208,99
52910063,2194,99
52910222,87,210
52911178,9573,70
52911439,4122,178
52912169,44,210
52912339,1200,58
52912516,5770,146
52912680,12,38
52913061,85,210
52913064,118,38
52913202,1626,99
52913266,6259,38
52913494,6999,134
52913527,870,38
52913551,714,58
52913558,1184,210
52914289,644,58
52914352,341,61
52914391,48,61
52914451,5347,61
52914835,31,61
52914954,1400,58
52915118,1700,61
52915343,593,210
52915598,4639,178
52915984,1591,210
52916557,130,210
52916785,38,210
52916920,373,210
52916963,239,61
52917387,188,61
52917898,217,61
52918116,68,210
52918284,5938,146
52919525,9545,38
52919733,5513,61
52920298,7575,178
52920473,2112,210
52920915,7511,70
52924219,7416,146
52925186,5867,61
52925871,771,210
52926534,700,210
52926791,1599,210
52927291,1477,210
52927885,6968,178
52928428,8601,70
52929539,12,210
52929589,150,210
52930038,9516,38
52930319,155,210
52931634,6996,146
52933445,22714,36
52934869,5909,178
52937031,7534,70
52938627,7443,146
52938762,43,210
52939335,14654,61
52939515,43,210
52939555,9492,38
52939945,43,210
52940362,3820,210
52940831,7496,178
52944568,7612,70
52946067,7350,146
52948357,5538,178
52949049,9624,38
52952183,13278,70
52953415,6039,146
52953479,60,146
52953900,6583,178
52953973,21,61
52953991,14977,61
52958674,6128,38
52959453,4473,146
52960524,42,178
52960590,920,178
52960656,909,178
52960720,957,178
52961331,82,43
52961565,904,178
52961630,929,178
52962535,924,178
52962599,55,178
52963220,72,61
52963293,50,43
52963347,53,43
52963404,363,43
52963444,939,178
52963523,936,178
52963770,314,43
52963924,4243,146
52964088,393,43
52965464,7733,70
52968165,4378,146
52969003,5599,61
52971594,6045,38
52972539,3813,146
52973208,4149,70
52974539,6012,61
52976351,4696,146
52977360,4160,70
52977640,6076,38
52980488,5772,61
52980552,60,61
52981045,4365,146
52981522,4579,70
52981711,424,61
52982136,232,61
52982402,184,61
52982675,1155,61
52983130,413,210
52983455,67,196
52983529,14,196
52983717,9671,38
52984238,84,196
52984340,868,61
52984490,37,196
52984629,391,196
52984946,74,61
52985273,923,61
52985408,4589,146
52985472,59,146
52986103,11275,70
52986127,2487,196
52986139,58,196
52986196,5415,61
52988636,516,61
52988748,86,196
52988889,1105,196
52989994,4136,146
52990030,15248,196
52991548,6038,61
52994127,4630,146
52997522,7121,61
52998756,4794,146
53003237,117,84
53003547,4531,146
53004580,5291,61
53006372,13668,196
53006693,11,113
53008077,4046,146
53008375,14,74
53009060,17,113
53009536,14,74
53009792,20,61
53009810,6594,61
53011093,17,113
53011440,10,74
53012087,11,74
53012122,4536,146
53013287,19,113
53015131,4,74
53015181,18,113
53015252,12,74
53016044,9788,38
53016629,13,74
53016656,4281,146
53016725,10,113
53017000,4,74
53017102,11,74
53017319,18,113
53017701,13,74
53018090,50,113
53018107,17,74
53018267,31,113
53018895,30,113
53018923,516,74
53019393,26,113
53019594,31,113
53019990,13562,196
53020096,154,74
53020097,68,196
53020543,30,113
53020935,4699,146
53024787,14895,61
53024921,60,61
53025631,3789,146
53025695,61,146
53025833,9590,38
53029419,5229,146
53033553,14115,196
53034646,4660,146
53035424,6134,38
53039303,3953,146
53039683,14581,61
53043254,4401,146
53047653,4610,146
53047699,15347,196
53047731,103,43
53049717,47,43
53049766,51,43
53049819,224,43
53050045,274,43
53050321,381,43
53052261,4495,146
53054705,65,61
53054939,1351,61
53056133,6820,61
53056267,26,61
53056753,6080,146
53060069,366,7
53061243,75,1
53061948,2431,1
53062830,3797,146
53062951,5504,61
53063017,13916,196
53064759,5634,1
53066625,4295,146
53068391,5356,61
53070918,3892,146
53073684,5921,61
53074807,9819,146
53075141,9793,178
53075544,7004,146
53075556,61,146
53075794,16123,146
53076934,14855,196
53079541,5851,61
53081307,77,1
53082036,5591,1
53084625,10151,146
53084953,10641,178
53085329,6802,61
53090654,574,1
53091299,348,1
53091680,5647,1
53091789,13634,196
53091865,120,196
53092068,5146,61
53094777,8374,146
53095607,7154,178
53097153,5256,61
53102773,6438,178
53103152,6521,146
53105426,13309,196
53108809,406,74
53108844,422,74
53109221,6402,178
53109671,6994,146
53111734,13806,61
53115783,6233,178
53116664,6492,146
53118737,12942,196
53122046,6169,178
53123154,6524,146
53125540,14149,61
53128251,6207,178
53129676,6122,146
53131680,13724,196
53133358,1467,9
53134131,85,43
53134516,6809,178
53135337,1285,9
53135796,6727,146
53136107,47,43
53136156,62,43
53136220,231,43
53136453,284,43
53136618,644,76
53136740,494,43
53137294,2275,76
53137919,1739,9
53139348,39,7
53139656,1250,9
53139670,2649,9
53139762,502,76
53140764,10,7
53140821,101,76
53140984,37,7
53141202,5014,61
53141380,6175,178
53142521,6187,146
53142540,79,146
53142546,1546,7
53144663,4706,58
53144995,1571,7
53146152,6667,61
53146610,1797,7
53147583,3692,178
53148154,114,99
53148706,4738,146
53149509,3146,58
53149716,10741,70
53150701,6177,38
53151325,3693,178
53151518,1538,7
53152670,8838,58
53152755,9146,61
53153201,6494,205
53153441,3820,146
53155061,3683,178
53156878,6093,38
53157260,4824,146
53158471,202,36
53158557,2536,13
53158799,3678,178
53159248,1527,7
53159693,12790,205
53160867,1559,7
53160907,84,71
53161090,13443,13
53161837,5379,61
53162078,3959,146
53162537,3685,178
53162790,1523,7
53162971,9542,38
53164244,32,71
53164329,11547,58
53164338,110,40
53164514,114,40
53164517,168,71
53164688,172,40
53165151,138,40
53165352,79,40
53165634,177,40
53165870,100,40
53166037,4477,146
53166058,111,71
53166059,24,146
53166081,214,40
53166275,3691,178
53166302,216,71
53166360,902,40
53166439,12,74
53166622,474,71
53166700,9,205
53167152,7956,61
53167724,6309,13
53168492,1568,7
53169173,16,36
53169486,15142,36
53169898,9,210
53170513,3920,146
53173823,4,47
53173854,4,47
53173903,12,47
53174006,10,47
53174103,145,47
53174138,107,205
53174250,59,47
53174390,60,47
53174431,3966,146
53174529,8679,13
53174740,4591,205
53175034,76,47
53175048,8161,61
53175414,81,47
53175485,146,47
53175892,9751,58
53176040,79,205
53176111,4469,13
53176145,9,74
53176364,9,176
53176472,17,210
53176789,9,176
53177187,10,176
53177769,10,176
53178216,10,176
53178393,5153,146
53178590,43,176
53179272,32,196
53179496,2734,71
53180388,131,176
53182314,58,176
53183191,5469,61
53183545,4334,146
53184721,22351,36
53187877,6671,146
53187903,9951,62
53188835,10,13
53192899,13502,196
53194545,5526,146
53195186,9645,38
53197298,15739,61
53200069,3775,146
53203842,4694,146
53204914,9673,38
53206368,33,196
53206400,13581,196
53206534,60,196
53208532,3807,146
53212338,5290,146
53214589,6112,38
53217392,3832,9
53217508,15779,61
53217627,4520,146
53219982,13504,196
53220531,96,43
53220703,6110,38
53222145,4300,146
53222497,56,43
53222555,53,43
53222610,247,43
53222859,357,43
53223219,487,43
53223917,70,84
53224101,11215,36
53226442,3891,146
53226814,9781,38
53227783,3703,178
53227791,5264,61
53229607,72,40
53229830,295,40
53230230,247,40
53230329,5205,146
53230597,239,40
53230620,1397,71
53230928,229,40
53231255,794,40
53231518,5300,178
53231689,328,71
53232225,749,71
53232650,2847,40
53232668,4262,58
53233005,5213,61
53233482,3289,32
53235535,4651,146
53236784,2868,32
53236944,6541,58
53237000,3685,178
53237781,5,47
53237822,11267,36
53237869,1088,47
53237915,68,7
53238021,109,7
53238136,124,7
53238154,5464,61
53238230,1822,7
53238748,4375,62
53239662,1571,32
53240185,5390,146
53240213,2034,7
53240260,3359,9
53240736,3689,178
53241248,2015,32
53241425,206,205
53243499,6387,58
53243649,61,31
53244448,9604,62
53244473,3697,178
53245573,3819,146
53245778,488,32
53246394,8743,13
53248211,3692,178
53249390,4433,146
53249901,4141,58
53250193,1937,24
53251946,4331,178
53252074,1257,9
53252185,25733,110
53252807,1585,71
53253464,4543,205
53253511,24,7
53253518,11281,36
53253737,1396,40
53253776,39,7
53253821,3876,146
53254050,9755,62
53254081,1099,58
53254145,873,7
53254220,1055,24
53254426,49,21
53255136,7713,13
53255447,44,21
53255509,8103,58
53255696,15,21
53255740,1286,7
53256290,3951,178
53256509,16,21
53256750,14,21
53256896,158,32
53257222,12,21
53257695,5128,146
53258352,2864,206
53258598,654,7
53258727,670,32
53259321,281,47
53259758,159,47
53260239,488,47
53260962,501,47
53261479,2810,206
53262819,3707,146
53262851,5465,13
53263803,5791,62
53264091,144,47
53264279,274,47
53264558,118,47
53264737,137,47
53264975,114,47
53265181,63,47
53265295,62,47
53265423,546,47
53265652,61,196
53266525,4771,146
53268317,1908,13
53268651,22287,36
53271293,4076,146
53275365,5782,146
53277692,5498,62
53279051,13620,196
53279376,9662,38
53281145,6277,146
53281211,59,146
53281699,13060,61
53283191,6684,62
53287421,6763,146
53289039,9497,38
53289877,6321,62
53294181,6173,146
53294759,13456,61
53296199,6833,62
53300351,6689,146
53303035,6602,62
53306930,161,43
53307038,5382,146
53307102,59,146
53307189,1646,9
53308216,14113,61
53308991,39,43
53309032,61,43
53309095,332,43
53309429,261,43
53309638,3720,62
53309693,406,43
53310565,994,9
53312418,4533,146
53312486,2604,9
53312675,18,36
53312861,17,36
53313383,73,36
53314314,113,36
53314446,8,21
53315379,1055,9
53315632,6320,178
53315816,9,21
53316046,2508,7
53316409,7,210
53316480,1444,9
53316538,3469,62
53316580,9,210
53316948,5989,146
53317117,12,21
53317168,482,36
53317188,14,210
53317716,7,21
53318345,1755,9
53319070,1265,7
53319816,9037,71
53320007,7837,62
53320348,2079,7
53320352,5,36
53320544,442,36
53321023,11519,36
53321409,2145,58
53321562,5530,58
53321669,3606,32
53321958,6350,178
53322934,6458,146
53323552,935,7
53324220,10,74
53324500,8,21
53324829,7,21
53324918,9,74
53325107,6001,38
53325300,4848,32
53325761,6250,13
53325766,12,74
53325852,9,21
53325950,8,21
53326230,8,21
53326464,12,21
53326615,632,74
53326702,674,74
53326860,3169,7
53327418,1750,134
53327459,1658,99
53327577,3088,58
53327785,1007,71
53327843,7162,62
53328337,6681,178
53329164,1511,99
53329200,527,134
53329374,13,21
53329391,6729,146
53329751,19,134
53329799,9772,134
53330029,5987,38
53330171,2303,32
53330483,1883,9
53330543,452,71
53331203,77,71
53331223,12,21
53331382,13,71
53331661,2293,71
53331870,656,71
53331959,9,21
53332006,3152,13
53332295,10,21
53332530,4570,32
53332671,10,21
53332811,4715,7
53332879,2448,9
53333410,576,71
53333622,1137,99
53333703,11,21
53334498,447,71
53334977,67,99
53335004,5345,62
53335033,6470,178
53335047,22,178
53335068,308,99
53335079,65,99
53335185,1503,71
53335403,1734,58
53335553,383,99
53335692,13,21
53336118,6262,146
53336515,8,21
53337643,5487,58
53339750,11401,13
53340023,377,25
53340070,1253,25
53340266,7,10
53340348,4886,62
53340866,111,76
53341040,5415,13
53341436,359,76
53341539,7103,178
53341553,902,206
53341645,7968,134
53342189,226,76
53342379,6666,146
53342410,45,146
53342525,8,21
53342802,7,21
53342851,399,24
53343017,10,21
53343220,2098,32
53343261,10,21
53343471,11,21
53343601,4328,58
53343824,148,76
53343853,3417,206
53344939,43,99
53345087,289,99
53345233,8546,62
53346515,422,99
53346521,119,76
53347021,669,76
53347979,758,76
53348118,22636,36
53348625,5489,13
53348646,6389,178
53348650,9658,38
53349041,6719,146
53349112,9,74
53349522,9,74
53349616,7709,205
53349682,624,76
53349839,10,74
53350564,9,74
53350970,9,74
53351871,9,74
53352013,59,196
53352159,17,74
53353000,15,74
53353311,16,74
53353933,15,74
53354363,15,74
53355097,12058,178
53355761,10882,146
53356673,11453,146
53356685,58,146
53356810,8038,146
53357326,7799,205
53358053,14450,62
53358993,21557,205
53359746,5706,13
53365560,12917,196
53366643,10588,146
53366986,12,38
53367197,12666,178
53368204,13364,61
53371304,20583,36
53371898,1519,9
53372503,12556,62
53374053,3735,9
53378403,9,38
53378414,7,38
53378434,7408,9
53378479,12525,196
53380801,10994,178
53383094,8699,146
53385974,5819,62
53390765,1069,9
53391004,12526,196
53393331,93,43
53396899,4404,178
53399598,11184,62
53401637,137,146
53404100,7688,58
53409640,20,74
53412709,43,43
53412757,59,43
53412922,427,43
53413032,1001,71
53413352,192,43
53413546,226,43
53413675,4511,7
53413738,1515,206
53414479,8,21
53414502,12774,134
53415784,8,21
53415800,19,210
53416009,8,21
53416066,1052,71
53416235,5910,13
53416332,7,21
53416530,70,210
53416675,5771,205
53416764,30,21
53417184,3803,178
53417321,45,210
53417410,373,71
53417799,30,21
53418001,19,21
53418034,32,99
53418249,27,21
53418304,69,210
53418463,294,99
53418535,45,21
53418798,74,99
53418899,22,21
53419001,21,21
53419188,39,210
53419345,21,21
53419416,8,74
53419640,29,21
53419964,3984,206
53420126,58,21
53420361,1238,40
53420401,8742,205
53420584,11,74
53420639,1838,71
53420662,31,210
53420762,59,21
53421044,4133,178
53421140,3003,76
53421400,36,210
53421482,56,21
53421810,11,74
53422094,12,74
53422217,18,210
53422325,1266,99
53422397,11234,58
53422556,32,210
53422651,1467,40
53422832,138,71
53422886,31,210
53423353,12,74
53423477,7030,13
53423491,2527,71
53423569,11614,61
53423638,5,21
53423772,57,21
53423797,11036,62
53423801,5,21
53423907,27,21
53423934,5,21
53423943,531,99
53424122,3,21
53424211,5,21
53424321,7953,7
53424430,59,210
53424524,407,61
53424746,1143,76
53424868,3373,32
53425024,3810,206
53425207,5015,178
53425675,12,21
53425752,148,210
53425755,1811,61
53425805,14,21
53426213,62,210
53426456,96,21
53426591,155,210
53426712,2333,40
53426917,1438,71
53427306,74,21
53427408,77,210
53427543,14142,134
53427636,1288,76
53427810,50,21
53428064,1549,26
53428086,60,210
53428146,49,21
53428429,53,21
53428739,62,210
53428835,27,21
53429141,7921,205
53429809,50,210
53430042,852,26
53430268,3689,178
53430507,4873,13
53430549,1226,26
53432886,1977,76
53433016,62,210
53433421,61,210
53433833,110,210
53434004,3704,178
53434808,98,210
53434832,11908,62
53434980,10,74
53435121,6950,61
53435379,4467,13
53435394,9472,38
53436738,9,74
53436997,9,74
53437060,12806,205
53437309,9,74
53437702,134,210
53437740,4002,178
53437804,21193,36
53438036,10,74
53438305,9,74
53438707,12,74
53438990,17,74
53439303,453,210
53439844,5402,13
53439947,16,74
53440236,13,74
53440580,12,74
53440957,20,74
53441126,12,210
53441453,12,210
53441666,18,74
53441785,5504,178
53441897,13,210
53442163,33,210
53442624,34,210
53442975,30,210
53443145,636,74
53443184,1113,74
53443327,45,210
53443970,4,210
53444073,37,210
53444107,45,210
53444749,34,210
53445004,264,74
53445022,79,74
53445078,409,74
53445279,32,210
53445803,208,74
53445826,1212,40
53445980,107,74
53446404,44,210
53446664,49,210
53446859,540,74
53446929,258,74
53446985,145,210
53447137,63,40
53447162,891,210
53447230,1214,210
53447328,5207,178
53448114,747,74
53449334,1209,210
53450872,13030,196
53451261,7760,62
53452626,7463,178
53455375,13798,61
53455822,178,83
53456150,308,83
53456565,368,83
53457401,122,83
53457773,171,83
53459341,9545,38
53460813,7706,178
53461035,8077,62
53463902,13990,196
53464036,60,196
53464950,1419,9
53466453,5964,9
53468581,8023,178
53468885,9534,38
53469110,8234,62
53469172,8335,61
53471959,2993,9
53472498,2444,9
53475529,1678,9
53476651,9062,178
53477251,7830,9
53477345,8889,62
53477660,207,61
53477857,5376,61
53477893,13384,196
53479731,118,43
53481721,57,43
53481780,72,43
53481854,372,43
53481894,8500,9
53482229,527,43
53482758,680,43
53483020,23,21
53483282,18,21
53483531,19,21
53483845,5433,21
53484934,3750,205
53485054,9741,61
53485079,11398,36
53485744,20,178
53485810,7,178
53485876,7,178
53485942,938,178
53486007,910,178
53486071,33,178
53486234,4760,62
53486916,909,178
53486982,909,178
53486993,5096,13
53487047,936,178
53489020,8834,205
53489216,7112,178
53489473,18,21
53489614,16,21
53489982,7,21
53490004,46,40
53490112,7,21
53490327,1292,40
53490449,10,21
53490504,139,40
53490615,22,30
53490663,7,21
53490724,81,40
53490756,173,30
53490993,4128,62
53491272,636,40
53491293,6804,146
53491889,63,21
53492007,145,40
53492010,557,76
53492088,4642,13
53492302,102,40
53492557,12359,58
53492721,1515,201
53492844,1221,40
53493182,23,21
53493431,21,21
53493479,1676,71
53493499,568,30
53494031,58,210
53494299,42,30
53494377,64,21
53494549,7632,201
53494588,532,21
53494627,401,30
53494743,11493,61
53495026,77,210
53495040,124,38
53495334,6094,38
53495793,49,210
53496010,6330,62
53496118,342,21
53496388,6117,178
53497209,24330,74
53497677,11792,36
53497870,225,74
53498097,5725,146
53498214,672,21
53498425,5,210
53498459,50,210
53498690,167,210
53498925,2306,32
53499032,171,210
53501428,1257,38
53502339,10717,62
53502531,3689,178
53502838,6188,38
53503078,67,201
53503426,24,201
53503484,13696,13
53503527,41,201
53503580,11263,205
53503703,16501,201
53503820,4968,146
53505563,7295,205
53506266,3688,178
53506374,4977,26
53507443,102,201
53508003,5049,58
53508325,10329,61
53508786,4256,146
53509025,6016,38
53509818,200,210
53510004,3784,178
53510214,11636,36
53510403,1847,201
53510886,2105,76
53511310,1000,32
53512702,45,201
53512835,895,201
53512857,8939,205
53513038,4030,146
53513054,11876,62
53513800,3699,178
53513867,8687,58
53513986,30,201
53514170,41,201
53514241,4215,201
53514769,164,210
53515045,6030,38
53516544,178,210
53517067,5801,146
53517178,10149,13
53517516,490,76
53517547,6339,178
53517561,572,24
53518155,143,210
53518548,489,201
53518648,10335,61
53518809,134,210
53518992,3099,26
53519127,162,210
53519257,30,201
53519557,149,210
53519894,312,210
53520737,7233,201
53521077,9572,38
53521997,5580,205
53522597,1890,26
53522864,5635,146
53523931,3687,178
53526589,23275,36
53527329,4091,13
53527665,94,196
53527667,6293,178
53528134,6641,205
53528498,6317,146
53528951,8252,61
53529547,14479,61
53533990,8451,178
53534814,9671,146
53535470,13095,13
53536341,10235,62
53540974,13253,196
53541039,32,196
53542480,10024,178
53544008,10852,61
53544485,8902,146
53546574,10921,62
53550250,17997,36
53552534,10080,178
53553387,9640,146
53554212,12802,196
53554269,22,196
53557500,10745,62
53562653,10462,178
53563030,8947,146
53566132,154,43
53567021,13157,196
53567094,32,196
53568243,64,43
53568246,11116,62
53568277,11627,36
53568309,89,43
53568403,280,43
53568721,161,43
53571977,9969,146
53571989,40,146
53573128,10190,178
53574619,5619,205
53576192,9487,61
53579384,10472,62
53580184,13086,196
53580235,10067,205
53580308,11483,36
53581948,8748,146
53582371,10230,205
53583367,10652,178
53585168,3556,13
53585656,13453,61
53588721,3143,13
53589858,9689,62
53589997,350,210
53590300,11425,205
53590697,9245,146
53591859,3122,13
53592097,13,210
53592365,5931,36
53592464,28,210
53592836,10995,205
53592912,12,210
53593111,3109,76
53593242,24,196
53593265,13291,196
53593339,32,196
53593475,15,210
53594071,10291,178
53594364,11,210
53594681,7,210
53594978,7494,13
53595112,8,210
53595899,60,210
53595997,7,210
53596327,7,210
53596511,7,210
53596923,9,210
53597136,7,210
53597385,8,210
53597585,8,210
53597734,7,210
53598204,7,210
53598913,6,210
53599075,10936,61
53599183,12,210
53599304,11782,36
53599382,359,210
53599548,10883,62
53599696,12,210
53599942,9477,146
53601552,658,76
53601804,2371,22
53602453,135,210
53602457,3728,13
53602815,2376,76
53603052,339,210
53604025,5730,205
53604470,246,22
53604726,214,210
53605010,136536,38
53605386,131,76
53605414,23,210
53606188,3067,13
53606528,10430,178
53606535,22,178
53606555,13255,196
53608616,8,210
53609030,6,210
53609251,3055,13
53609397,10,210
53609421,139531,146
53609432,32,146
53609564,5,210
53609734,14,210
53609753,6578,205
53609984,138929,61
53610012,20,61
53610102,310,210
53610432,8468,62
53611218,134908,36
53612305,24434,13
53612640,73,113
53613567,130048,113
53615356,8219,113
53615809,21,74
53616113,19,74
53616331,24280,205
53616719,20,74
53617004,8231,178
53618498,24205,113
53618557,13,74
53618883,24525,22
53620126,128,74
53652531,913,43
53655281,24253,43
53687752,952,62
53738930,1591,43
53747547,24087,201
53749568,3737,178
53749854,1342,58
53750335,69312,201
53765935,6,205
53767587,150,210
53771443,5712,26
53773477,724,26
53773606,5893,38
53773732,52,31
53773732,129,31
53774070,20,210
53775247,23,210
53775559,22967,205
53776053,77,22
53776178,84,146
53776194,66949,13
53776516,5842,13
53777619,3709,178
53779768,5905,38
53779953,4119,58
53781355,3696,178
53785091,3786,178
53785317,330,76
53785675,5862,38
53786165,49,76
53786493,172,76
53788887,3688,178
53811223,58,61
53811282,13610,61
53811415,1010,61
53811426,15946,61
53811523,13208,196
53824671,13773,196
53824832,9718,61
53825331,74,43
53828090,3740,178
53828399,22099,110
53830051,13123,201
53830532,333,76
53831886,11379,178
53832982,8762,201
53834408,89,210
53835953,9394,61
53836758,4095,58
53842700,6202,178
53843140,243,31
53843175,208,31
53843490,59,43
53843587,48,43
53843637,233,43
53843872,372,43
53844246,334,43
53844349,7179,36
53844454,171,210
53844769,5985,146
53844786,2495,146
53845184,5960,38
53845202,5725,62
53845517,2145,32
53846055,8240,134
53846268,209,71
53846723,342,71
53847693,1731,71
53847911,290,71
53848101,39,38
53849684,3685,178
53849775,2525,80
53850753,6070,146
53850924,5860,62
53851184,9,38
53851456,2299,22
53851622,1773,1
53852846,8693,61
53853180,6112,38
53853423,4166,178
53853554,213,210
53853645,5288,32
53853654,3208,71
53854401,11,210
53854447,15,134
53854477,7908,134
53854587,160,10
53854666,7,210
53854767,495,71
53855039,1618,210
53855165,62,10
53855318,9149,58
53855331,120,10
53855405,75,210
53855570,278,71
53855824,11506,36
53856025,681,21
53856054,10,205
53856776,5847,62
53856821,6336,146
53856863,60,146
53857643,7381,178
53857858,2131,26
53858152,1015,38
53858676,2859,96
53859271,1842,38
53859711,3038,26
53859835,6348,32
53859870,5986,38
53860676,9626,201
53860731,2018,201
53861494,9915,61
53862480,15363,134
53862630,12837,62
53863086,73,10
53863152,6572,146
53863218,2594,96
53863501,61,10
53863698,1693,76
53863747,57,10
53863777,414,38
53864702,1286,146
53864872,3286,58
53865059,6428,178
53865127,310,76
53865466,312,76
53865639,6066,38
53865649,13028,13
53865800,414,76
53866525,1297,146
53866907,309,76
53867514,184,76
53867847,26256,36
53868271,178,76
53869723,4563,146
53869989,3867,76
53871348,12824,61
53871502,6708,178
53871926,6055,38
53874286,6844,146
53877982,6139,38
53883467,47,61
53883513,9230,61
53883648,59,61
53884120,5984,38
53884134,13047,196
53892744,9988,61
53892879,60,61
53897181,9499,196
53897757,1080,61
53902734,3816,61
53911731,14,43
53915746,956,196
53916249,1049,61
53916703,1271,43
53918392,22776,205
53918421,11276,205
53918789,4376,96
53920895,1262,32
53920937,1035,26
53922660,10387,58
53925866,336,30
53925888,110,30
53926270,282,30
53926341,281,76
53926361,24,10
53926398,157,10
53926499,14509,61
53926584,9494,26
53926585,16003,196
53926652,1300,146
53926773,304,26
53927311,6058,38
53927314,314,71
53928231,103,30
53928611,139,30
53928737,1742,71
53929693,1296,146
53930791,1091,38
53930883,7485,134
53931069,129,71
53931141,327,30
53931526,3981,71
53931650,432,30
53932025,726,61
53932066,3747,32
53932528,4000,178
53932648,4687,146
53932692,782,30
53932693,58,146
53933214,1342,168
53933370,6068,38
53934699,1543,96
53935535,6699,76
53936568,6909,178
53936709,50,30
53936874,156,30
53937335,7518,146
53937730,82,30
53937831,282,168
53938050,159,30
53938224,1069,168
53938933,7209,32
53939042,1231,168
53939282,1333,30
53939369,1368,146
53939440,6161,38
53939832,6460,205
53939897,3392,13
53940273,3607,71
53940444,9561,58
53941046,250,30
53941083,1115,99
53941821,11430,36
53942206,38,99
53942251,766,99
53942859,1325,168
53943285,5834,13
53943350,2688,96
53943364,1874,99
53943372,611,6
53943517,10016,178
53943526,843,43
53943925,1301,99
53944185,1263,146
53944784,535,6
53944852,10703,146
53945181,529,43
53945381,50,10
53945468,10321,146
53945533,889,168
53945560,478,99
53945602,23,38
53946284,4449,205
53946484,936,10
53946853,8849,134
53946953,1134,99
53947026,1301,26
53947288,1114,76
53947459,306,10
53947692,6147,38
53947765,259,10
53948024,244,10
53948328,236,10
53948564,302,10
53948865,1055,10
53949114,10002,13
53949424,1478,76
53949544,1078,26
53949643,3411,168
53949981,223,10
53950041,5113,58
53950192,5723,32
53950247,270,10
53950251,328,99
53950517,296,10
53950617,8624,201
53950644,212,99
53950742,4058,205
53950813,291,10
53950891,212,99
53951164,239,10
53951450,240,10
53951749,240,10
53952051,238,10
53952350,271,10
53952652,241,10
53952952,295,10
53953277,26400,36
53953281,368,10
53953573,7649,178
53953649,295,10
53954004,1020,10
53954795,2822,205
53955024,309,10
53955333,370,10
53955556,7470,146
53955569,133,146
53955702,333,10
53956035,242,10
53956306,239,10
53956606,239,10
53956868,190,10
53957120,210,10
53957390,154,10
53957606,185,10
53957627,2809,205
53957911,154,10
53958255,192,10
53958782,203,10
53959676,210,10
53960816,151,10
53961027,183,10
53961226,206,10
53961281,4071,178
53961511,192,10
53961841,210,10
53962251,160,10
53962773,181,10
53963030,6498,146
53963631,150,10
53964725,151,10
53964936,152,10
53965149,209,10
53965428,201,10
53965748,155,10
53966049,60,10
53972078,13614,61
53972788,13292,196
53985714,14157,61
53985826,61,61
53986081,13532,196
53998131,71,43
53999613,16970,196
53999852,6750,61
54000629,2063,201
54003347,1585,22
54005139,6599,13
54006416,2460,201
54006885,35,71
54007142,194,71
54008121,16949,71
54008292,1998,99
54008634,1788,1
54008785,17183,201
54009468,3392,205
54010068,8222,134
54010636,2452,99
54010752,4978,178
54010797,6124,38
54010855,2539,58
54012083,133,76
54012823,12419,61
54012851,14077,61
54012859,13306,205
54012877,11091,205
54013165,5149,146
54013828,10438,58
54014502,1338,38
54014516,11431,36
54014589,1773,168
54015764,3894,178
54016460,1420,168
54016569,416,99
54016573,26,196
54016609,13695,196
54016921,5961,38
54018169,4,21
54018312,5684,146
54018592,3,21
54018741,3795,99
54018934,25733,110
54018939,12,21
54019551,11,21
54019694,4028,178
54019797,1014,201
54019914,256,210
54020060,11,21
54020809,179,210
54021864,103,22
54021879,190,210
54022616,127,210
54022782,3392,22
54022886,6143,38
54022942,60,22
54023097,76,210
54023590,995,6
54023739,4082,178
54023995,6731,146
54024095,1792,32
54024355,314,96
54024383,11081,205
54024488,1136,201
54024650,550,26
54024796,115,96
54025096,146,96
54025195,8422,61
54025396,831,96
54025436,1014,99
54025705,1947,80
54025996,9777,36
54026000,5776,32
54026133,35,210
54026164,7473,205
54026188,8414,201
54026371,49,10
54026447,10,21
54026507,245,10
54026856,228,10
54027179,205,99
54027283,7184,58
54027308,199,10
54027418,1855,22
54027446,10458,205
54027462,471,21
54027945,5680,178
54028065,11,21
54028193,751,201
54028324,11,21
54028390,1714,26
54028638,11,21
54029001,12,21
54029031,6531,38
54029159,10,21
54029199,4740,134
54029356,1851,22
54030174,940,96
54030404,3207,80
54030454,3159,26
54030497,1656,210
54030723,2900,146
54030772,10,21
54030773,71,146
54031221,1294,22
54036191,19011,36
54036365,5751,58
54036859,376,201
54037052,1484,80
54037316,12985,201
54037321,5710,205
54037451,3743,13
54038120,5889,38
54038397,124,96
54039181,224,96
54039369,1421,80
54039444,970,210
54039704,2451,96
54040717,115,76
54041087,89,76
54041437,151,76
54043030,5578,205
54044009,41,38
54044049,13,38
54048608,12270,205
54050599,606,210
54051076,924,22
54053019,6,205
54053644,12476,201
54056857,13554,196
54057229,12526,61
54059032,328,74
54060774,7,38
54069756,12774,61
54070457,4807,61
54082513,20,61
54082530,14261,61
54084532,95,43
54085086,877,201
54086049,675,201
54086538,47,43
54086587,42,43
54086632,375,43
54087010,273,43
54087286,228,43
54088685,3680,178
54089350,651,32
54089603,1116,22
54090729,1057,22
54091170,5689,61
54091853,125,22
54091975,5180,36
54092422,3712,178
54093007,557,7
54093564,387,7
54093959,634,7
54094149,566,32
54094592,44,38
54094630,539,7
54094784,5123,32
54095177,6150,38
54095230,1490,26
54095306,11347,58
54095619,39,96
54096090,10594,13
54096159,4421,178
54096190,44,96
54096415,45,96
54096843,1378,26
54096856,11941,61
54097729,46,96
54098035,45,96
54098153,440,96
54098809,436,96
54099405,437,96
54099544,2583,26
54099995,47,96
54100319,9,96
54100406,7,96
54100444,121,96
54100633,4106,178
54103586,7786,205
54103666,1047,26
54103848,8,7
54103887,1925,99
54103895,1566,7
54104123,11077,62
54104793,3693,178
54104876,513,210
54105568,873,210
54105615,2672,7
54106076,1344,99
54106205,10081,70
54106376,70,22
54107089,5095,13
54107665,6175,38
54108229,348,22
54108533,7744,178
54108588,141,22
54108749,3144,22
54108997,10424,201
54109561,12173,61
54109780,24261,206
54109847,430,26
54110081,17,210
54110314,16,210
54110536,2609,7
54110556,475,32
54110573,1150,99
54110812,10679,146
54111053,6920,32
54111371,9173,205
54112179,6889,13
54112256,378,99
54112656,91,99
54112839,509,99
54112897,9232,58
54113146,73,7
54113221,51,7
54113230,21,7
54114246,4943,76
54114884,2291,26
54114898,1946,99
54115191,3681,7
54115628,11,21
54115648,2316,75
54115773,938,210
54115828,1672,22
54115892,20,21
54116050,25,21
54116229,17,21
54116285,4537,70
54116309,13263,178
54116316,182,21
54116319,32,178
54116342,3,110
54116513,313,210
54116577,203,21
54116908,22,21
54116916,445,99
54117504,14,21
54117662,342,26
54117770,311,21
54117907,369,210
54117987,2293,32
54118171,12,21
54118175,323,99
54118329,7887,134
54118376,240,96
54118587,2604,22
54118812,325,210
54118843,313,99
54118892,7262,26
54119065,5070,13
54119200,1816,99
54119855,243,210
54120588,400,32
54120592,970,22
54120664,59,32
54121031,73,76
54121066,7055,205
54121490,11208,146
54121526,85,99
54121570,259,210
54121715,4587,70
54122171,685,38
54122184,1270,58
54122463,5898,38
54123202,17051,13
54123367,11386,13
54123392,1512,76
54123809,16923,205
54125372,5,210
54125858,6,210
54126303,4531,70
54126373,5,210
54126641,5,210
54126833,11,210
54127196,2658,13
54127320,6,210
54127656,7,210
54127864,6,210
54128103,7,210
54128363,9635,38
54129628,7565,178
54129649,68,196
54129715,8,210
54129859,2719,13
54130366,10,210
54130655,9,210
54130837,10272,70
54131255,8,210
54131537,10,210
54131710,57,26
54132961,6454,146
54135542,21921,36
54137275,5904,178
54139410,6830,146
54141112,9612,70
54143150,12910,196
54143240,6226,178
54144061,11779,61
54146239,6085,146
54149504,6336,178
54150725,8002,70
54152320,6668,146
54155887,6126,178
54156024,13227,196
54158730,8952,70
54158987,6367,146
54162033,6108,178
54165352,6872,146
54165415,62,146
54167684,17311,70
54168176,6051,178
54169263,14604,196
54170930,170,43
54172221,7849,146
54173004,49,43
54173056,58,43
54173064,867,22
54173116,228,43
54173347,259,43
54173609,420,43
54174258,5754,178
54175541,2661,13
54176112,1722,22
54178195,7181,13
54178512,933,22
54178571,11893,61
54179052,1402,61
54179201,15074,61
54179479,134,22
54179653,273,22
54180039,6622,178
54180067,7158,146
54180132,119,146
54180996,911,62
54182106,148,62
54183019,1226,62
54183869,43,196
54184724,13741,196
54184998,8827,70
54185372,4472,13
54186318,179,62
54186546,2372,62
54186669,6296,178
54186679,60,178
54187224,6313,146
54189484,10021,13
54189842,4463,13
54190400,3903,61
54190921,2410,62
54192993,6986,178
54193534,7973,146
54193826,9919,70
54194254,4774,61
54194308,4285,13
54196083,356,96
54197395,1489,96
54198441,376,196
54198464,3455,62
54198498,84,196
54198596,4690,13
54198844,2372,196
54198930,289,96
54198964,7990,61
54199229,623,96
54199507,10201,13
54199697,3503,22
54200039,7747,178
54201040,60,206
54201192,11071,196
54201229,64,196
54201506,9087,146
54201917,475,96
54202150,6163,38
54203068,472,96
54203287,4637,13
54203623,1218,22
54203639,56222,206
54203749,4971,70
54204097,278,96
54204856,1080,22
54204981,77,96
54205718,82,96
54206891,11971,61
54207807,10118,178
54207925,7674,13
54208652,9772,205
54208720,6042,70
54209709,4424,13
54210588,10290,146
54210757,4224,205
54210908,19,13
54212227,13370,196
54214765,23318,70
54215600,2196,13
54215876,6087,38
54217983,11765,178
54218616,1349,62
54218802,5758,61
54219191,9746,13
54220878,12518,146
54224693,11632,146
54225319,11477,205
54225638,13856,196
54226103,13,13
54226502,10277,205
54228935,8616,13
54229783,12757,178
54233396,10659,146
54233876,13778,61
54237556,8729,13
54239455,12584,196
54242544,10117,178
54244055,8794,146
54245284,6062,38
54246279,4513,13
54246602,58,205
54247669,11462,61
54250802,4391,13
54252040,12136,196
54252174,60,196
54252721,8855,178
54252847,8999,146
54255195,13220,13
54257330,85,43
54259292,104,43
54259401,84,43
54259413,59,43
54259487,235,43
54259728,572,43
54260302,445,43
54261634,6291,178
54261645,60,178
54261844,6549,146
54264178,13545,196
54264254,57,196
54264898,5255,61
54267957,6288,178
54268061,14909,70
54268391,7584,146
54268414,77,146
54268417,15826,13
54270075,14146,61
54272674,11547,36
54274248,5552,178
54274471,353,13
54274486,13696,13
54274505,23,13
54274823,4091,205
54275285,45,96
54275963,6824,146
54276086,8242,205
54276730,147,96
54277230,116,96
54277376,182,96
54277590,5427,177
54277720,13798,196
54277856,61,196
54278553,98,96
54278653,6358,38
54278912,8829,205
54278925,151,96
54279171,147,96
54279599,494,96
54279672,5968,134
54279850,5980,178
54280576,422,96
54281531,840,96
54282785,6824,146
54282790,1657,96
54284167,10144,61
54284221,4672,13
54284446,63,61
54285873,65,178
54285881,11907,134
54285938,956,178
54286004,902,178
54286068,914,178
54286105,1293,70
54286441,241,22
54286704,1445,22
54286913,910,178
54286977,953,178
54287740,10104,205
54287882,911,178
54287946,24,178
54288791,937,178
54288858,910,178
54288921,4872,13
54288923,36,178
54289607,4543,146
54289767,911,178
54289833,910,178
54289897,61,178
54289920,2006,22
54290607,6013,38
54290742,933,178
54290808,916,178
54290873,46,178
54291523,12568,196
54291923,6055,178
54292480,5992,205
54293792,4946,13
54294148,7073,146
54294456,7641,61
54297804,9059,134
54297847,6831,205
54298005,5782,178
54298478,6314,205
54298743,6166,13
54301217,6732,146
54302033,6230,61
54303789,5892,178
54304092,12628,196
54304680,2973,205
54304794,6995,205
54307948,6458,146
54308012,60,146
54308202,7546,61
54309703,6274,178
54313573,987,22
54314405,6387,146
54315005,642,22
54316027,6140,178
54316721,12099,196
54320789,6398,146
54322172,6288,178
54327184,6088,146
54328495,6447,178
54328822,11851,196
54333271,6397,146
54335001,6326,178
54339666,5954,146
54340674,12328,196
54341385,6576,178
54343730,911,43
54345317,4,110
54345377,3,110
54345616,5083,146
54347834,11484,36
54348010,3688,178
54348591,4442,205
54350717,3769,146
54350822,2045,71
54351807,3698,178
54352620,8821,205
54352887,13074,61
54353034,14138,205
54353104,10330,61
54353375,13249,206
54353560,2754,22
54354483,6453,146
54354954,563,71
54354990,6022,38
54355062,13418,134
54355153,11406,58
54355544,3693,178
54356017,12,71
54356136,865,71
54356333,1707,22
54356864,4216,95
54358556,71,62
54358644,10675,62
54359360,3695,178
54359866,11501,36
54360729,11460,205
54360934,5729,146
54361015,61,38
54361443,8361,205
54361557,8417,13
54363075,3698,178
54363373,8718,61
54364486,71,205
54366656,3974,146
54366815,3701,178
54367866,120,30
54368506,272,95
54369901,615,1
54370098,1827,99
54370405,1777,62
54370555,4970,178
54370632,3635,146
54370702,13,1
54370822,12,1
54371526,2553,21
54371941,11701,36
54373001,10789,58
54373141,10649,61
54373382,203,99
54373549,10195,62
54374128,2264,21
54374182,12,210
54374265,4590,146
54374424,29,210
54375004,2046,201
54375178,34,210
54375276,22,1
54375576,58,205
54375634,8106,13
54376192,25,1
54376513,175,21
54376762,146,30
54377408,43,21
54377422,10,178
54377489,6,178
54377554,6,178
54377724,6178,178
54377859,5886,22
54378092,5452,134
54378209,5484,38
54378336,6404,205
54378842,5023,146
54378850,112,30
54378856,64,146
54380018,13,178
54380533,1160,99
54381558,2903,58
54381678,6,70
54383694,5926,38
54383778,11222,201
54383933,7,178
54383990,4066,134
54383999,5,178
54384010,15,210
54384064,5,178
54384129,7,178
54384195,5,178
54384260,6,178
54384324,5,178
54384390,6,178
54384454,5,178
54384521,6,178
54384585,5,178
54384606,18,210
54384650,5,178
54384715,6,178
54384779,6,178
54384845,6,178
54384910,5,178
54384975,5,178
54385040,6,178
54385105,7,178
54385171,5,178
54385209,4045,13
54385236,5,178
54385300,5,178
54385333,11357,205
54385365,5,178
54385430,6,178
54385435,59,205
54385494,6282,13
54385498,5,178
54385563,5,178
54385630,5,178
54385695,6,178
54385759,5,178
54385826,5,178
54385890,6,178
54385955,6,178
54386020,5,178
54386085,5,178
54386152,6,178
54386216,6,178
54386281,6,178
54386346,6,178
54386411,5,178
54386478,6,178
54386542,5,178
54386607,6,178
54386671,5,178
54386736,5,178
54386803,6,178
54386867,6,178
54386932,6,178
54386997,5,178
54387062,6,178
54387128,5,178
54387193,5,178
54387257,6,178
54387322,5,178
54387387,6,178
54387453,5,178
54387518,6,178
54387582,5,178
54387647,5,178
54387768,18,210
54388467,25,210
54389801,9514,38
54389820,30,210
54390318,6739,205
54391961,35,210
54392406,7084,61
54397007,13,13
54398648,3405,62
54399213,13,210
54399483,27,210
54399995,1763,134
54400068,5238,70
54400651,725,74
54401061,12240,196
54402396,11402,70
54403331,12280,61
54413305,11814,196
54413799,9546,70
54415611,12228,61
54416115,9469,38
54419510,87,83
54423347,9164,70
54425119,12760,196
54425585,5892,38
54427840,14379,61
54430130,121,43
54431824,3690,178
54431833,3,110
54432034,64,61
54432348,21,21
54432514,5230,70
54432622,20,21
54433247,229,84
54435465,70,21
54435560,3681,178
54435841,4,62
54435894,5930,62
54436314,69,21
54436794,54,21
54437001,9239,95
54437116,5059,95
54437321,70,21
54437755,11089,70
54437907,119,30
54438156,39,21
54438591,51,21
54438852,71,21
54439035,5717,61
54439296,6287,178
54439549,72,30
54439899,6322,146
54440435,5582,22
54440793,76,30
54441820,7908,62
54441854,6466,58
54441963,93,30
54442848,6504,13
54444076,6054,38
54444219,75,21
54444245,801,95
54444506,1620,168
54444729,9848,61
54444753,32,61
54444784,53,21
54444967,50,21
54445200,4952,1
54445399,51,21
54445586,367,95
54445619,6261,178
54446029,154,30
54446219,6649,146
54446292,2737,95
54447820,8781,205
54447829,4293,168
54448293,12471,70
54448417,1371,22
54448500,322,99
54448833,8765,70
54449346,5664,13
54449714,9575,62
54450129,5960,38
54450250,135,210
54450547,30,1
54450837,154,30
54450906,25,1
54451223,175,30
54451326,75,1
54451349,2453,58
54451524,210,30
54451688,109,210
54451808,60,1
54451887,249,30
54451915,6422,178
54452067,47,1
54452231,46,210
54452467,115,210
54452475,212,30
54452800,317,177
54452865,6354,146
54453117,5525,177
54453260,89,21
54453553,160,30
54453743,75,1
54453847,128,21
54453902,193,210
54454098,1031,21
54454542,9212,61
54454730,75,1
54455004,4853,13
54455032,49,1
54455390,203,1
54455399,323,168
54455551,997,21
54456090,6003,38
54456228,166,30
54456595,7344,205
54456643,165,30
54456701,196,21
54456984,376,210
54457611,5588,70
54458376,6315,178
54458500,393,21
54459165,52,21
54459218,6413,146
54459299,10365,62
54459308,39,21
54459438,1504,21
54459851,6089,13
54460412,98,21
54460788,104,210
54460799,3216,177
54460969,2037,21
54461019,4776,58
54461574,566,1
54462520,857,1
54463202,5523,70
54463647,105,210
54463652,5280,21
54463694,13502,61
54463809,61,61
54463939,7108,205
54464141,216,30
54464291,2349,177
54464727,3698,178
54465074,140,210
54465478,5035,95
54465530,62,30
54465630,3572,146
54465789,6369,58
54465939,9918,13
54468463,3846,178
54468724,5564,70
54468813,44,1
54469199,6247,146
54469274,530,1
54469662,10872,62
54469668,20,206
54469703,7396,206
54469835,310,210
54470211,432,38
54470263,1208,38
54470282,54,95
54470915,9,38
54470958,63,38
54470961,834,74
54471052,6223,95
54471190,6062,38
54471232,9941,205
54471334,52,38
54471400,11199,38
54472323,3713,178
54474290,5561,70
54475447,6583,146
54475587,473,210
54475858,5227,13
54476060,6148,178
54476875,572,74
54477195,9498,61
54479314,64,210
54479640,96,1
54479855,9855,70
54479875,565,210
54480533,11038,62
54480572,7708,1
54481173,8712,205
54482161,10481,146
54482310,110,210
54482445,9163,178
54483340,6137,38
54483363,243,38
54483490,505,210
54484106,121,22
54484155,621,210
54486811,2508,22
54488739,13621,196
54489479,77,38
54489496,11,38
54489711,31868,70
54490871,270,210
54491846,171,210
54492196,9456,178
54492994,93,210
54493058,10583,146
54494648,1184,13
54494768,89,210
54494780,17493,70
54495577,324,210
54495856,4368,13
54495964,43,210
54496276,105,210
54496479,1392,210
54496917,15324,61
54500226,4277,13
54501708,11273,178
54501722,60,178
54502407,14581,196
54502509,50,196
54503640,11723,146
54504502,4348,13
54504640,2972,61
54506452,5638,61
54508399,142,61
54508855,4315,13
54512229,25,61
54512246,12200,61
54512353,59,61
54513032,5118,178
54513171,10787,13
54515361,6733,146
54516530,95,43
54516945,11812,196
54518213,5919,178
54518529,61,43
54518594,62,43
54518604,52,43
54518658,486,43
54519051,526,1
54519669,5542,21
54520274,280,1
54521544,138,31
54521581,14681,70
54521682,298,31
54521978,2604,95
54522092,6135,146
54522474,62,31
54522943,59,31
54523183,260,31
54523312,1900,1
54523611,7689,13
54523959,8528,13
54524175,3702,178
54524487,1392,21
54525120,1001,40
54525126,51,31
54525224,33,31
54525483,1676,1
54526034,62,31
54526668,2314,21
54527128,9428,205
54527563,7418,38
54527881,14531,61
54527913,3694,178
54527914,70,61
54528226,4469,146
54528657,133,38
54528698,53,95
54528710,16,38
54528793,2498,38
54529448,12896,62
54529588,984,1
54529704,11956,205
54530120,171,83
54530366,233,1
54530426,6714,21
54530623,195,95
54530627,754,1
54531318,11151,13
54531322,2665,38
54531331,258,95
54531404,2141,1
54531652,3715,178
54531932,552,26
54532179,1630,26
54532489,4425,13
54532693,4686,146
54532788,1274,58
54532887,53,96
54533086,1368,38
54533105,287,95
54533326,8504,22
54533545,46,1
54533726,45,1
54534712,324,38
54535094,1355,168
54535391,3705,178
54536588,9079,205
54536919,4335,13
54537335,175,38
54537375,5037,146
54537504,1402,70
54538198,1373,168
54539127,4001,178
54539619,1571,168
54539887,696,71
54540936,493,38
54541255,4879,13
54541473,657,38
54541842,1195,168
54542146,5256,22
54542341,14758,62
54542399,6543,61
54542413,6050,146
54542472,9042,13
54542661,10243,70
54543166,6147,178
54543625,14,38
54544133,257,210
54544749,1173,210
54545296,9053,177
54546393,15990,205
54546970,10771,58
54547008,1626,38
54549010,6930,22
54549445,4880,178
54549648,870,205
54549682,2056,38
54550806,11114,61
54551347,211,210
54551543,9654,205
54551861,2082,99
54552716,5696,13
54552878,95,1
54552987,17818,206
54553004,91,1
54553143,11452,13
54553169,2744,38
54553311,34,1
54553626,74,1
54553755,60,1
54553926,30,1
54553930,4286,70
54554046,33,1
54554321,38,1
54554328,23,1
54554331,7411,178
54554450,317,1
54554860,5806,1
54554999,296,210
54555218,16573,70
54556056,18,177
54556093,359,177
54556400,369,210
54556676,7312,38
54557096,7322,62
54557323,150,38
54557334,50,38
54557420,684,210
54557475,3551,38
54558088,12,210
54558228,4384,70
54558651,19,210
54558752,124,177
54559056,19,210
54559594,21,210
54560027,631,210
54561022,3003,38
54561378,843,74
54561800,9818,178
54561860,11430,61
54561943,61,61
54562614,9639,70
54563833,8455,210
54563989,7234,38
54564418,17064,62
54564738,105,1
54564842,26,1
54565259,29,1
54565599,1413,1
54569475,140,210
54570069,143,210
54570676,3471,168
54571223,7396,38
54571793,4689,178
54572255,8855,70
54572688,15,47
54573030,641,47
54573703,6,210
54574034,274,47
54574061,10744,61
54574187,6,210
54574315,147,47
54574413,10,210
54574463,488,47
54574782,13,210
54575785,12041,196
54576006,394,47
54576492,9898,178
54576527,515,47
54576538,61,47
54577472,9412,146
54577485,48,146
54577490,521,47
54578137,240,83
54578621,6089,38
54578770,262,83
54578792,9801,146
54578800,12120,146
54579049,237,83
54579534,71,83
54580083,6,54
54580431,43,83
54580521,40,83
54581112,8842,70
54581698,233,83
54581964,29,83
54582017,154,83
54582097,22,54
54582226,157,83
54582271,117,54
54582660,29,54
54582906,183,54
54583113,465,54
54583503,108,210
54583735,881,54
54584712,6114,38
54586426,11550,178
54586884,10864,146
54587825,12497,196
54587909,51,196
54589963,4595,70
54590768,59,61
54590826,6030,38
54594977,13,176
54595168,17,176
54595415,11,176
54595441,4574,70
54595717,262,176
54596508,13,176
54596925,251,176
54597490,228,176
54597869,141,176
54597988,3446,178
54598136,172,176
54599313,83,176
54599454,1986,146
54599831,253,176
54600019,1419,70
54600323,11969,196
54600669,57,176
54601475,49,176
54602930,122,43
54608018,4108,178
54617274,4491,13
54617468,1419,58
54617933,15966,70
54618274,10528,205
54618778,14804,70
54620587,11255,177
54620694,95,43
54620765,7051,47
54620796,61,43
54620859,1265,43
54621189,3305,22
54621198,5973,38
54621223,4030,168
54622160,77,43
54622747,11050,1
54623063,211,71
54623111,1263,58
54623297,1984,24
54623319,1533,38
54623507,581,71
54624019,209,71
54624160,1085,71
54624773,3759,178
54625075,12013,13
54625260,3805,71
54625388,1291,177
54626563,139,210
54627933,12022,61
54628219,289,99
54628570,6279,178
54628860,1159,47
54628874,1204,47
54629189,1218,71
54629351,593,168
54629773,5798,22
54630232,518,47
54630609,438,209
54630866,1148,71
54630883,122,47
54630888,724,99
54631010,74,47
54631086,160,47
54631249,125,47
54631311,27,176
54631375,103,47
54631482,76,47
54631559,26,47
54631678,81,47
54631760,277,47
54631938,12432,22
54631945,11168,61
54632019,273,176
54632081,373,47
54632177,603,99
54632947,395,176
54633141,456,47
54633574,335,209
54633621,341,47
54633682,189,176
54633829,197,99
54634194,126,209
54634329,655,47
54634606,12750,177
54634665,13,209
54634735,358,99
54634853,32,209
54634902,4019,178
54635016,553,47
54635228,1098,38
54635419,14667,70
54635461,356,99
54635550,802,47
54636437,8932,70
54637083,12675,13
54637106,28,176
54637602,13347,62
54637681,28,176
54637921,1368,47
54638071,12009,22
54638219,31891,1
54638462,8605,58
54638541,60,38
54638587,1606,38
54638944,4777,178
54639538,287,47
54639829,259,47
54640103,387,47
54640209,9,38
54640365,2498,47
54640605,10,176
54641084,11,176
54641136,30,38
54641920,316,47
54642024,39,176
54642128,5527,210
54642301,36,176
54642410,498,38
54642808,221,176
54642893,29,38
54642942,67,38
54643009,10,38
54643021,190,38
54643093,9633,61
54643171,7490,38
54643264,303,176
54643400,1786,38
54643765,6022,178
54644830,399,176
54645028,17133,205
54645098,19686,13
54645380,5363,70
54646063,363,176
54646818,301,176
54647395,55,176
54648006,104,176
54648806,429,176
54649475,234,176
54649755,7649,13
54649848,3879,178
54650088,10837,70
54650230,388,74
54650704,7483,38
54650745,3924,70
54650949,17022,62
54652588,3171,22
54652666,9609,61
54653765,3696,178
54654671,4647,70
54657501,3691,178
54658189,3300,38
54659321,6584,70
54659914,11905,196
54661239,5043,178
54661429,10,38
54662483,15177,13
54663409,16567,70
54664688,14943,61
54665907,7254,70
54666299,11722,178
54667048,463,176
54667565,281,176
54668353,715,176
54669198,11774,210
54669443,463,176
54670722,254,176
54671760,520,176
54671829,11928,196
54673100,437,176
54674277,495,176
54675737,572,176
54676566,457,176
54677570,624,176
54677659,9650,13
54678038,5919,178
54678857,1387,61
54681306,305,176
54682088,175,176
54683459,177,176
54683758,54,196
54683771,13309,196
54683843,4334,61
54684003,4220,178
54684621,172,176
54685172,219,176
54685992,304,176
54686455,211,176
54687177,205,176
54688280,3721,178
54689331,128,43
54691349,62,43
54691413,51,43
54691467,391,43
54691568,1188,71
54691575,1166,71
54691860,505,43
54692016,3887,178
54692367,338,43
54693536,1041,71
54695873,237,201
54695933,3590,178
54695990,12233,71
54696250,309,201
54696582,3119,22
54696824,256,201
54697401,740,201
54698228,185,201
54698490,687,201
54699077,294,1
54699258,1083,201
54699551,8786,178
54700047,8147,38
54700169,7958,1
54700761,7547,61
54701190,7117,58
54702032,6192,70
54704288,2226,58
54706283,1990,201
54706981,11549,38
54707242,57,177
54708578,16,178
54708771,4926,178
54709103,256,47
54709113,1258,47
54709248,6013,1
54709366,181,47
54709810,21,47
54709857,37,47
54709923,39,47
54709995,140,47
54710179,332,168
54710481,103,47
54710894,106,47
54711112,6366,146
54711194,240,47
54711241,1972,177
54711451,236,47
54711785,2791,47
54712533,19363,146
54713225,56,177
54713254,166,201
54713701,2868,13
54713711,5989,178
54713769,7867,205
54713799,115,177
54713991,824,201
54714282,5868,47
54714891,692,201
54715745,6539,70
54716226,96,201
54716417,56,201
54716616,134,201
54716943,5818,62
54716951,8379,58
54717010,348,201
54717456,250,201
54717477,6586,146
54717795,314,201
54718203,487,201
54718941,60,1
54719735,6664,178
54719851,231,71
54720069,9450,71
54720148,10467,13
54720258,353,47
54720419,549,47
54720438,828,38
54720484,347,201
54720895,1250,38
54720981,270,201
54721165,10694,61
54721191,93,47
54721305,886,47
54721462,729,47
54721634,6600,205
54721790,23,1
54722205,513,47
54722284,261,70
54722612,5576,38
54722913,295,47
54723103,1445,1
54724064,6317,146
54724517,268,201
54724548,4200,1
54724854,875,201
54725353,6836,58
54725764,1598,201
54726422,6543,178
54727341,8154,62
54728231,7941,205
54728635,5540,38
54728836,448,168
54730371,2804,38
54730383,6174,146
54730528,6279,70
54731944,4586,61
54732986,3691,178
54734175,512,38
54735493,13974,62
54736174,14602,205
54736471,5873,61
54736556,6545,146
54736722,6838,178
54737891,96,177
54738462,223,176
54738973,159,176
54739813,153,176
54740455,7141,70
54740562,164,176
54740806,122,176
54740969,14,38
54740984,4988,38
54741085,473,176
54741125,1958,71
54741719,10,176
54741986,117,176
54742194,228,176
54743082,18794,154
54743099,8872,146
54743586,6094,178
54745974,5046,38
54749728,5233,178
54749927,13145,196
54751413,13940,61
54751970,6676,146
54752034,59,146
54753117,11131,70
54754970,5689,178
54758166,4979,38
54758644,8132,146
54760691,5571,178
54763073,13209,196
54765356,12200,61
54765816,268,176
54766303,7316,178
54766520,393,176
54766774,7073,146
54767305,264,176
54769101,323,176
54769298,10905,70
54769801,427,176
54770404,71,176
54770568,536,176
54771743,237,176
54772262,277,176
54772612,278,176
54772849,3170,71
54773152,231,176
54773651,6757,178
54773846,8304,146
54773936,557,176
54774280,21,38
54774961,163,176
54775126,132,176
54775730,116,43
54776283,13536,196
54777757,54,43
54777815,55,43
54777874,533,43
54778409,279,43
54778693,510,43
54780454,8,178
54780521,8,178
54780586,904,178
54780652,911,178
54780716,961,178
54781035,12160,71
54781561,962,178
54781629,943,178
54782147,3960,146
54782213,17363,154
54783446,4329,61
54785209,14,38
54786104,4584,146
54786551,11212,1
54787688,25,61
54787712,5377,61
54789822,13452,196
54790234,662,177
54790684,4065,146
54791588,4343,62
54793027,4195,61
54794749,4330,146
54795930,6343,62
54796332,6554,71
54797160,5340,61
54799076,4739,146
54801678,16747,70
54801777,1267,70
54802237,2703,62
54802407,11233,61
54803044,4300,70
54803268,12878,196
54803811,6141,146
54804873,65,210
54805212,11954,210
54805540,3435,62
54807346,4218,70
54809949,8883,146
54811027,1175,62
54811548,1196,177
54811565,4365,70
54811771,10828,206
54812885,3230,177
54813468,6621,71
54813659,7517,61
54813723,60,61
54815454,9015,178
54815513,2864,62
54815933,4289,70
54816153,12341,196
54817257,1941,177
54818830,7479,146
54818895,59,146
54819651,3572,62
54820224,10773,70
54821115,4546,61
54823239,15,38
54824156,11159,1
54824485,5826,178
54825251,2281,177
54826306,6221,146
54828495,12299,196
54830327,6400,178
54830999,8562,70
54832526,6442,146
54836771,6142,178
54838966,6081,146
54839562,4354,70
54840841,26,196
54840855,11923,196
54840881,22,196
54842974,6545,178
54843919,4394,70
54845035,6569,146
54848315,3712,70
54849537,7111,178
54850442,1214,210
54851617,6016,146
54851625,22,146
54852778,12078,196
54852816,22,196
54856706,6364,178
54857629,6274,146
54862131,64,43
54863089,6712,178
54863902,6590,146
54864046,65,61
54864112,51,43
54864165,60,43
54864227,575,43
54864806,344,43
54864808,12295,196
54864897,50,196
54865152,644,43
54867829,17338,154
54868178,3185,71
54868507,4641,61
54870489,4069,146
54873085,4212,61
54873938,3165,71
54874556,3645,146
54877102,12215,196
54877234,4666,61
54877961,1524,70
54878198,4865,146
54878792,3187,71
54879486,4277,70
54880707,10,178
54880756,8299,178
54881837,4486,61
54882706,700,210
54883061,8900,146
54883363,11163,206
54883765,7970,70
54883780,289,210
54884274,8201,71
54884524,4663,62
54884986,326,210
54886255,4871,61
54887861,148,210
54889066,8213,178
54889318,12473,196
54890296,688,210
54891067,4140,61
54891738,3924,70
54891789,4071,210
54891959,7173,146
54892892,498,71
54893428,584,71
54894072,4127,71
54895144,4564,61
54895664,20479,70
54897152,182,201
54897319,6269,178
54897460,71,201
54897647,81,201
54899122,94,201
54899132,6822,146
54899334,81,201
54899704,4042,61
54900036,46,201
54900194,282,201
54901037,65,201
54901231,282,201
54901684,67,62
54901797,74,62
54901820,11902,196
54902036,337,201
54902661,3379,62
54903641,6006,178
54903683,4780,61
54906037,7129,146
54908305,19,176
54908398,4422,61
54908527,161,176
54909457,625,74
54909511,917,74
54909617,14,176
54909665,8274,178
54909984,157,176
54910675,118,176
54911217,168,176
54911307,7060,210
54911888,16730,71
54912018,126,176
54912057,650,74
54912227,139,176
54912494,134,176
54913125,147,176
54913166,6022,146
54913344,190,176
54913740,11864,196
54913763,160,176
54914045,148,176
54914392,15,176
54914979,20,176
54915119,11,176
54915178,10,176
54915299,174,176
54915942,122,176
54916145,5420,70
54918093,6592,178
54924232,8470,146
54925421,11,70
54925624,11676,196
54925648,22,196
54925735,1496,70
54925741,9742,178
54926249,16265,70
54926268,22,70
54927236,9636,70
54927325,589,74
54932011,21,176
54932315,25,176
54932701,10763,146
54933035,25,176
54933667,22,176
54935496,9548,178
54936876,9690,70
54937300,12477,196
54937318,13109,61
54937326,61,196
54937339,36,61
54937633,13118,61
54938230,16,176
54938538,514,176
54939854,501,176
54941355,547,176
54942172,125,176
54942407,376,176
54942765,1527,61
54945671,6679,178
54946379,7125,146
54946569,7841,70
54948531,48,43
54949763,12517,196
54950468,81,43
54950551,60,43
54950614,212,43
54950761,72,201
54950829,289,43
54951064,61,201
54951121,500,43
54951211,9,25
54951312,104,25
54951426,8,25
54952360,3695,178
54953502,3912,146
54953906,3390,62
54954413,7585,70
54954776,4707,61
54954967,3485,1
54956097,3681,178
54957411,4404,146
54957817,4318,62
54958736,2135,36
54959464,4925,61
54959483,159,201
54959833,3703,178
54959997,16905,154
54960162,171,201
54960229,8076,71
54960241,305,168
54960503,174,201
54960584,5412,26
54960924,289,201
54961293,202,201
54961516,97,201
54961813,3583,146
54962000,8101,70
54962020,140,201
54962244,67,201
54962396,130,201
54962599,286,201
54962993,8893,62
54963047,440,201
54963358,7678,13
54963569,3685,178
54963609,5747,13
54963693,6634,58
54963834,100,201
54964000,166,201
54964370,8137,61
54964529,89,201
54964914,160,201
54965393,7044,146
54965625,303,201
54965963,1160,1
54966237,7026,26
54967308,3687,178
54968237,7,70
54969119,2607,201
54970102,9196,70
54971044,3695,178
54972435,4020,146
54972456,4115,61
54973003,3413,62
54973984,18,74
54974783,3689,178
54975901,16,74
54975946,360,74
54976415,3383,62
54976452,4191,146
54976509,4757,61
54977527,755,26
54977932,1229,26
54978030,2389,201
54978521,3699,178
54979301,7957,70
54979792,3351,62
54980641,3827,146
54981127,1738,201
54981205,4716,61
54981344,5238,26
54982256,3697,178
54983142,3380,62
54983735,1624,201
54984466,7795,146
54984562,7098,26
54984574,60,26
54985864,4921,61
54985992,7722,178
54986304,376,26
54986379,7258,26
54986521,3358,62
54987259,8971,70
54988180,36,209
54988417,47,209
54988860,16,209
54988921,33,209
54989060,28,209
54989288,120,209
54989877,3504,62
54990292,2812,70
54990722,4819,61
54992259,5290,146
54993379,3416,62
54993763,6362,178
54995119,571,74
54995160,586,74
54995240,406,74
54995481,6289,61
54995907,16653,13
54996234,8019,70
54997550,7323,146
54998038,4,62
54998530,89,1
54999298,553,1
55000162,5363,178
55000380,1562,1
55001957,2882,1
55004255,15766,70
55004848,99,1
55005005,5986,146
55005642,6604,178
55005765,36,146
55006137,259,1
55006231,12783,196
55006255,33,196
55006425,22341,1
55008625,23,61
55008650,11476,61
55011735,7651,146
55012689,5801,178
55018532,6412,178
55019019,12403,196
55019040,63,196
55019384,6687,146
55020023,8059,70
55022176,109,176
55023173,136,176
55023631,49,176
55023929,54,176
55024133,123,176
55024976,6790,178
55025343,23,61
55026012,98,176
55026069,7128,146
55026114,59,146
55026536,154,176
55026614,460,176
55026805,145,176
55027368,125,176
55027887,120,176
55028135,82,176
55028539,106,176
55028942,31,176
55028973,137,176
55028989,261,176
55031365,12764,196
55031783,6350,178
55033197,5902,146
55034931,59,43
55036859,54,43
55036915,60,43
55036977,175,43
55037155,257,43
55037414,423,43
55037814,3141,205
55038095,6554,205
55038165,3696,178
55039097,4085,146
55040734,192,1
55040955,5307,205
55041059,745,1
55041617,13604,61
55041918,3690,178
55042445,6369,1
55043080,8314,61
55043180,3657,146
55043883,10498,62
55044649,7251,205
55045615,3698,178
55045859,43,76
55045927,2662,76
55046264,9894,205
55046628,3150,58
55046834,4076,146
55047064,1284,201
55048238,17,47
55048277,759,47
55048800,5506,26
55049038,414,47
55049167,11553,13
55049352,3697,178
55049640,354,47
55049807,40,58
55049883,8871,58
55050647,10,168
55050662,1366,168
55050743,306,168
55050755,144,47
55050907,7321,146
55051019,6801,47
55051375,7043,61
55051505,348,210
55051902,7522,205
55052823,1752,168
55053102,7327,178
55053218,6956,26
55054136,8064,26
55054379,9516,62
55054434,139,210
55055126,231,210
55055316,7317,1
55056158,6936,205
55056778,1345,99
55056815,116,24
55057055,898,24
55057125,689,210
55058226,6532,146
55058372,8731,61
55058962,423,99
55059520,103,99
55059650,657,99
55060458,2264,99
55060575,4752,178
55060797,76,201
55060879,25,201
55060906,8,201
55060992,8,201
55061064,15521,201
55061075,308,30
55062611,3018,26
55062947,786,99
55063095,13699,205
55063185,6221,58
55063753,122,210
55063881,13671,62
55064621,13323,71
55064754,6819,146
55064932,112,210
55065335,8247,178
55065473,6229,26
55065479,10625,26
55065554,260,76
55065613,293,210
55065954,11076,205
55066744,9,210
55066921,81,210
55067207,26,61
55067232,11392,61
55067479,54,61
55067803,3870,1
55067858,303,30
55067869,60,30
55068269,22973,134
55069462,552,210
55069625,1473,58
55071304,4546,58
55071465,106,210
55071571,2168,146
55071625,1056,210
55071644,8314,70
55073039,52,206
55073171,252,30
55073242,239,206
55073469,2163,210
55073711,288,47
55073809,9089,206
55073894,8363,178
55074058,308,47
55074424,195,47
55074983,54,47
55075059,115,47
55075225,298,47
55075633,61,47
55075745,51,47
55075847,110,47
55075981,82,47
55076105,61,47
55076796,9075,205
55077381,92,47
55077511,68,47
55077556,7913,62
55077591,67,47
55077679,125,47
55077866,333,47
55078370,10152,205
55078409,168,47
55078678,138,47
55078808,11157,61
55079265,10,47
55079329,135,47
55079502,127,47
55079655,300,47
55079766,239,210
55079955,254,47
55079991,25698,70
55080026,62,196
55080212,425,47
55080268,784,210
55080504,1467,210
55081409,1393,210
55081743,2586,1
55082270,4890,178
55082828,1370,210
55084002,291,210
55084264,2881,26
55084760,10268,1
55084850,52,209
55085012,47,209
55085345,49,209
55085465,15491,62
55085564,51,209
55085725,49,209
55085862,10335,205
55086052,48,209
55086805,55,209
55086963,8926,26
55086976,94,209
55087192,48,209
55087216,8154,178
55087344,102,209
55087521,92,209
55088969,6673,205
55090036,7171,61
55091273,24,61
55091286,2501,134
55092770,12620,196
55095410,4198,178
55095556,1417,13
55097989,11190,1
55098899,4366,13
55099288,52,96
55099568,52,96
55099646,6120,178
55100630,10156,134
55101248,343,176
55102312,12,176
55102660,10,176
55103266,4220,13
55103890,448,176
55104844,13221,61
55104869,37,61
55105383,12343,196
55105412,49,196
55105716,6412,70
55105792,5548,178
55107486,4325,13
55111398,3692,178
55111816,4282,13
55115138,3698,178
55116101,10048,13
55117679,11633,196
55118012,12856,61
55118875,3690,178
55121331,97,43
55122613,3963,178
55123339,57,43
55123398,46,43
55123446,497,43
55123945,362,43
55124309,412,43
55124915,17,201
55124958,7,201
55125012,17591,201
55125282,2476,71
55126151,9735,13
55126594,3680,178
55127494,11203,1
55130294,3686,178
55130342,4223,61
55132608,15,206
55132637,3813,206
55133731,15037,134
55133885,10488,205
55134036,4542,178
55134325,7701,205
55134434,4500,58
55134505,8375,61
55135889,8092,13
55137824,35,96
55138634,3722,178
55138701,12046,62
55138935,17212,1
55139714,50,47
55141173,753,47
55141785,53,209
55142153,2385,71
55142331,669,47
55142374,3691,178
55142818,7574,61
55143003,6,201
55143033,172,201
55143036,902,47
55143210,342,201
55143245,629,201
55144370,11214,205
55144873,11975,70
55145719,3664,201
55145783,12276,13
55146113,6345,178
55146492,913,47
55147040,9409,206
55148086,34,47
55148135,147,47
55148289,157,47
55148768,68,201
55148857,192,201
55149037,761,47
55149390,1070,201
55149477,4,110
55149762,43,96
55149901,255,47
55149995,1916,134
55150159,1498,47
55150373,7973,61
55150744,8580,62
55151429,179,30
55151839,305,47
55152504,4261,178
55152590,522,47
55152956,3491,206
55153257,27,47
55153284,1934,47
55155359,170,201
55155369,4108,47
55155381,4116,201
55155570,438,176
55155582,2153,205
55155968,39,58
55156020,3844,58
55156137,3438,210
55156767,43,31
55156786,2638,178
55157731,161,176
55158145,3927,206
55158304,1120,61
55159325,3372,62
55161413,128,96
55163334,157,176
55165574,3352,62
55168598,5,176
55168638,139,176
55168927,4174,62
55169753,106,176
55170507,106,176
55171261,6645,1
55171410,57,176
55171783,55,176
55172871,25982,205
55173616,40,13
55177524,8712,146
55177883,12,70
55178004,13,70
55178042,12748,196
55178052,461,1
55178075,9781,70
55178477,16641,13
55178562,15757,146
55178646,1848,146
55178676,11227,1
55179273,12858,61
55179298,26,61
55187863,9243,70
55190741,11920,196
55192081,12689,61
55195153,8717,13
55197112,5287,70
55202684,11650,196
55203872,16542,13
55204772,12309,61
55207731,101,43
55209747,40,43
55209789,39,43
55209830,271,43
55210104,198,43
55210307,203,43
55212218,5839,205
55212697,6458,205
55213055,5748,205
55213811,7796,62
55214314,11550,196
55215357,11173,1
55217694,216,178
55217998,3686,178
55219157,5874,205
55220416,18808,13
55221605,11493,62
55221735,8,178
55221739,9,178
55221746,6,178
55221783,40,209
55221800,9,178
55221813,7,178
55221866,5,178
55221878,5,178
55221930,7,178
55221943,7,178
55221998,5,178
55222012,22,178
55222063,7,178
55222078,5,178
55222130,6,178
55222143,7,178
55222195,6,178
55222219,5,178
55222261,11,178
55222284,6,178
55222326,15548,178
55224296,378,13
55224537,71,205
55224672,9712,13
55225030,9673,205
55225865,11494,196
55226787,11204,1
55229962,3054,205
55230386,1386,70
55232049,16698,205
55233017,2712,205
55233095,13058,62
55234704,12105,205
55235731,2826,205
55237360,11734,196
55238249,22276,1
55238561,2619,205
55239225,6393,13
55239382,9221,70
55240239,6749,47
55241182,2831,205
55244015,2641,205
55246151,7714,62
55246659,6338,205
55246811,5800,205
55247269,3722,47
55247517,11396,70
55248316,10195,13
55248606,376,70
55249098,11812,196
55252614,3760,205
55252999,3146,205
55253866,9104,62
55256376,5649,205
55258510,10095,13
55259409,157,176
55260944,30,196
55260961,11695,196
55260990,30,196
55265280,25,61
55265304,12390,61
55268608,9536,13
55271374,22311,1
55272661,11648,196
55272686,28,196
55274375,199,176
55274867,74,176
55275097,212,176
55275928,194,176
55276643,89,176
55277135,10,176
55277603,62,176
55278099,63,176
55278148,8127,13
55278561,62,176
55278762,57,176
55279313,74,176
55282030,24,61
55282777,80,176
55284301,27,196
55284314,11717,196
55284344,23,196
55286279,7831,13
55290434,5585,205
55294113,8683,13
55294131,128,43
55294340,12449,61
55296041,11546,196
55296173,47,43
55296223,58,43
55296284,324,43
55296611,362,43
55296978,244,43
55299175,2591,205
55301487,89,30
55301686,15540,205
55301770,2698,205
55302797,8189,13
55304293,112,30
55304411,351,30
55304464,2988,205
55304602,60,30
55305022,959,209
55305095,14148,62
55305714,8040,206
55306664,7726,178
55306689,60,209
55307086,253,30
55307335,711,201
55307438,3404,205
55307478,874,47
55307529,11515,196
55307700,53,209
55308052,471,201
55308693,10424,13
55308723,58,209
55308744,11764,13
55308770,1048,47
55308861,54,209
55308983,56,209
55309122,56,209
55309243,3316,58
55309539,17101,205
55310868,3257,205
55310989,8868,13
55311671,458,5
55311941,694,47
55312647,240,47
55313068,5668,58
55313330,442,206
55313417,13,47
55313527,221,47
55313824,3853,47
55314129,2968,205
55314448,5449,178
55314466,494,5
55315261,7714,5
55316015,241,30
55316789,1882,47
55317096,6230,205
55319105,11616,196
55319234,4219,62
55319357,1059,24
55319834,293,70
55319858,4615,13
55319919,435,47
55319934,5235,178
55320498,45,1
55320544,1705,206
55320892,230,47
55321131,1016,47
55322430,8,210
55322481,599,206
55322876,945,47
55322992,7867,5
55323329,5665,205
55323452,5742,62
55323466,146,176
55323800,160,176
55323831,1066,47
55324085,1404,47
55324162,143,176
55324772,4484,13
55324780,158,176
55325175,5173,178
55325187,160,176
55325401,59,47
55325461,175,47
55325534,157,176
55325733,506,47
55325983,157,176
55326327,149,176
55326580,150,47
55326634,215,176
55326638,593,206
55326754,3620,58
55326822,48,47
55326957,214,47
55327011,220,176
55327098,6482,13
55327099,28,205
55327172,173,47
55327341,201,47
55327389,218,176
55327399,72,47
55327752,199,176
55327827,200,47
55327855,143,47
55327930,423,206
55328030,149,47
55328112,287,47
55328230,228,176
55328999,776,206
55329149,240,30
55329191,6672,62
55329260,8096,13
55330382,3707,178
55330443,1024,28
55330665,11494,196
55333297,123,47
55333491,213,47
55333754,195,47
55333953,195,47
55334120,4449,178
55334153,10,47
55334256,213,47
55334473,193,47
55334670,219,47
55334832,47,47
55334845,6627,13
55335044,232,47
55335286,219,47
55335519,12,47
55335564,23,47
55335578,24,47
55335616,195,47
55335815,190,47
55335863,6980,62
55335975,421,206
55336009,242,47
55336321,277,47
55336609,223,47
55336620,1068,206
55336833,236,47
55337072,225,47
55337147,63501,206
55337311,203,47
55337356,21216,13
55337518,264,47
55338578,62071,178
55340050,610,47
55342114,195,74
55342205,11922,196
55342842,3673,62
55346446,1238,1
55346774,5061,1
55351622,13608,61
55351888,4113,70
55352208,8558,70
55354141,11913,196
55354173,52,196
55356908,4095,70
55358574,11681,13
55361006,4152,70
55365159,9160,70
55365982,20,196
55366000,12602,196
55374321,24700,70
55378604,12492,196
55380531,130,43
55383466,17678,154
55386060,3417,62
55388781,11842,1
55389474,3361,62
55390323,4377,178
55391098,12408,196
55392834,3387,62
55395422,48,70
55396016,3,110
55396218,3361,62
55397897,16585,205
55397973,4755,205
55399028,12894,70
55399579,3403,62
55400843,11837,1
55402542,115,176
55402943,7,205
55402979,3374,62
55403046,3889,205
55403071,130,176
55403495,169,176
55403507,12155,196
55404533,127,176
55404739,378,176
55404996,207,74
55406353,3482,62
55406930,3560,205
55407669,249,205
55409831,3514,62
55410490,3544,205
55411683,756,168
55412896,11688,1
55413345,3436,62
55413420,452,168
55414032,3835,205
55415670,11783,196
55415995,216,176
55416646,161,176
55416780,3363,62
55417290,175,176
55417863,3860,205
55417980,220,176
55418564,205,176
55420142,3365,62
55420662,126,176
55420864,106,176
55421439,147,176
55421721,3974,205
55421779,115,176
55422358,110,176
55422923,142,176
55423752,144,176
55424582,289,176
55424931,17116,1
55424942,73,1
55424980,298,176
55427452,11690,196
55439143,11878,196
55441821,11,70
55442362,256,1
55442403,8,70
55442473,7,70
55442746,163,70
55442975,1538,1
55444206,4310,70
55444376,169,70
55444799,22736,1
55444897,16096,70
55451059,20,196
55451076,11639,196
55462663,12192,196
55463440,10078,61
55463448,13417,61
55463526,4506,61
55463576,58,61
55463635,1477,71
55466931,111,43
55467656,11537,1
55467668,75,1
55468939,101,43
55469044,51,43
55471576,3398,71
55471587,30,71
55471967,1728,205
55472857,10318,205
55473811,22811,205
55474890,12528,196
55475548,219,71
55475769,124,71
55475907,331,71
55478340,45,71
55478448,415,71
55478873,8432,61
55479053,117,71
55479147,646,71
55479199,24,71
55479226,11533,1
55480537,44,71
55480639,5379,71
55483171,6026,205
55487242,6318,61
55487388,11984,196
55488059,4018,62
55489150,216,176
55489192,5106,205
55489402,279,176
55490146,261,176
55491311,2962,1
55491326,5,176
55491447,5,176
55491527,6,176
55491556,125,176
55491816,204,176
55492076,3761,62
55492224,813,71
55492285,236,176
55492814,226,176
55493278,281,176
55493526,7193,61
55493779,227,176
55494136,1035,70
55494278,4586,205
55494334,11559,1
55494701,233,176
55495102,240,176
55495575,169,176
55495835,5243,62
55495869,224,176
55495928,2804,70
55499118,6,70
55499329,1506,70
55499370,13546,196
55500656,4185,61
55502369,32617,70
55504778,8026,61
55506290,29637,146
55506962,1722,1
55507267,576,70
55507377,553,146
55508429,1245,13
55508780,16533,1
55509957,4336,13
55512742,7091,61
55512902,13259,196
55512998,74,196
55514292,4317,13
55518609,4376,13
55522991,4471,13
55526177,12802,196
55527464,10680,13
55534988,10093,70
55538146,8733,13
55539031,12585,196
55545084,6350,70
55546876,4508,13
55547808,5656,205
55549283,12642,61
55551393,4330,13
55551437,5818,70
55551561,12164,196
55553331,92,43
55554831,17979,205
55555061,6819,205
55555284,68,61
55555369,48,43
55555667,153,205
55555724,4363,13
55557258,2764,70
55558791,113,31
55558833,3270,13
55559213,545,43
55559654,4316,178
55559761,402,43
55559922,362,201
55559965,4608,201
55560091,19291,13
55560166,820,43
55561495,411,205
55563082,1358,13
55563223,22360,13
55563241,436,206
55563994,15573,178
55564349,217,206
55565143,14,178
55565603,1042,201
55579592,6,178
55579662,6,178
55579727,5,178
55579793,6,178
55579857,5,178
55579923,5,178
55579988,5,178
55580053,5,178
55580085,31,30
55580118,5,178
55580183,5,178
55580213,1935,206
55580219,193,99
55580248,7,178
55580312,6,178
55580527,40,99
55580647,4435,26
55580857,3109,13
55580898,1251,22
55581121,955,201
55582091,1489,201
55582836,994,22
55583734,304,47
55583872,51,30
55583963,2587,13
55584048,288,47
55584158,8,25
55584430,137,201
55585162,6651,201
55585812,8710,70
55586546,2771,13
55586702,5441,22
55587483,863,99
55588308,3035,26
55588543,1319,201
55589122,346,47
55589252,1066,99
55589313,4898,13
55589355,11096,61
55589476,365,47
55589865,372,47
55590670,9773,1
55591225,44,47
55591979,181,47
55592278,173,47
55593483,12,210
55594204,14,210
55594207,7676,13
55594522,8809,70
55594666,18439,13
55595254,15,210
55595487,17,210
55596085,101,47
55596198,189,47
55596306,19,210
55596533,208,47
55596639,11,210
55596891,161,47
55596944,84,210
55597054,96,47
55597057,131,210
55597201,261,47
55597215,192,210
55597519,1661,210
55598144,197,47
55599609,192,47
55599815,292,47
55600163,4743,47
55600383,7422,61
55601090,7,210
55601882,5141,13
55604313,12,210
55604784,11,210
55605088,9,210
55605979,5,5
55606245,891,5
55606440,503,206
55606992,11,210
55607458,1577,206
55610364,2260,206
55610519,11650,196
55612821,7231,206
55612906,1168,70
55613105,7614,13
55613194,11503,1
55614308,5148,70
55614467,13983,61
55621921,16535,13
55622186,11612,196
55622231,64,196
55627074,4689,70
55631763,4836,70
55633756,77,196
55633771,13589,196
55635845,5740,205
55636071,8398,205
55636603,4832,70
55639731,226,43
55641436,11229,70
55641500,5825,13
55641855,60,43
55641918,46,43
55641976,7882,205
55641981,593,43
55642576,428,43
55643009,322,43
55645288,22629,205
55645373,708,5
55647278,62,30
55647731,86,30
55648646,85,30
55648944,5967,61
55649379,90,30
55650015,3652,205
55650270,82,205
55650964,87,30
55650996,4470,13
55651546,383,30
55652056,87,30
55652503,140,30
55652667,8430,70
55653029,834,99
55653666,2975,205
55654848,7974,61
55655462,4532,13
55656051,568,99
55656639,6334,205
55657081,635,99
55658238,36,99
55658563,535,99
55659987,4222,13
55660131,1173,22
55661100,8678,70
55662817,7657,61
55662864,2180,22
55662971,3875,205
55664051,363,99
55664203,4710,13
55664321,11521,1
55665156,6464,206
55665709,13,210
55666952,886,99
55667007,310,22
55667100,6864,205
55667224,91,205
55667330,19,210
55667359,222,22
55667608,170,22
55667726,6850,13
55667893,12,210
55668168,13,210
55668219,850,22
55668442,248,99
55668912,4633,13
55668918,17,210
55669324,223,99
55669367,17,210
55669521,1143,22
55669525,9,210
55669781,8912,70
55669933,413,99
55670078,11,210
55670456,9522,61
55670475,21,210
55670983,1035,22
55670989,717,99
55671317,11,210
55671733,72,47
55671796,236,47
55672116,1588,99
55672563,231,47
55672572,13,210
55672899,147,47
55673098,13,210
55673221,1587,22
55673378,11,210
55673547,4843,13
55673692,13,210
55673801,1727,99
55674346,10,210
55674538,218,3
55674628,4811,13
55675028,16,210
55675445,16,210
55675842,393,210
55676396,26857,1
55677141,15,210
55677459,39,210
55677883,52,210
55677891,206,210
55678185,32,210
55678337,50,210
55678391,14248,13
55678696,20734,70
55678725,219,210
55679140,198,210
55679424,291,210
55679442,9632,13
55679768,94,47
55679866,82,47
55679958,11123,61
55690012,25111,13
55699432,17507,70
55703438,22583,1
55716538,30,196
55716566,11396,196
55716663,59,196
55716954,13152,61
55720604,10073,70
55730680,2255,70
55731050,1356,22
55731509,12176,196
55732421,1268,22
55735645,11426,1
55737525,23,25
55739855,6993,205
55740017,3531,205
55740292,58,54
55740749,1277,54
55741180,1998,99
55741613,148,83
55742020,2270,211
55742951,12,47
55742988,277,47
55743275,35,47
55743408,87,30
55743634,349,95
55744863,2543,99
55745195,24,13
55745276,1841,54
55745669,7226,146
55745744,20,47
55745774,5039,205
55745804,2609,146
55745963,1626,95
55745992,17,47
55746116,17,47
55746441,75,47
55746554,157,47
55746686,663,47
55746850,4550,205
55747097,6904,1
55747637,348,95
55748693,932,22
55748768,3,110
55748877,369,95
55749634,4237,22
55750221,90,30
55750421,64,47
55750546,2123,47
55750811,3947,205
55751402,8579,205
55751977,5659,178
55752547,327,176
55753521,162,176
55753526,1808,58
55753756,434,176
55753880,395,22
55754385,9421,206
55754483,75,176
55754763,5734,205
55755727,4569,58
55755995,189,210
55756442,196,22
55756991,152,210
55757327,8,210
55757641,3932,178
55757750,7439,61
55757888,205,176
55758208,11402,1
55758340,13,210
55758359,109,176
55758643,19,210
55758688,95,176
55759062,95,176
55759164,100,210
55759246,2406,99
55759548,93,176
55759792,92,176
55759925,819,54
55760146,12,210
55760496,6969,205
55760636,13,210
55760893,316,176
55761084,144,95
55761543,836,54
55761770,1826,58
55761790,145,95
55761967,311,95
55762293,71,95
55762582,3694,178
55762611,11,210
55762712,12,210
55763574,23,210
55763595,32,210
55763851,295,176
55763937,17,210
55764150,2186,58
55764168,70,95
55764378,342,95
55764508,13,210
55764728,371,95
55764731,21,210
55765128,8109,61
55765472,93,176
55765954,106,176
55766075,16,210
55766232,179,176
55766257,9,210
55766326,3701,178
55766610,110,176
55766844,13,210
55767080,98,176
55767391,14,210
55767464,6414,205
55767765,495,176
55768029,14,210
55768053,1217,201
55768196,13,210
55769178,13,210
55769384,224,176
55769438,658,201
55769772,18,210
55770033,392,176
55770063,3681,178
55770439,13,210
55771062,17,210
55771365,94,176
55771840,244,176
55772728,214,176
55773176,7574,61
55773518,12,47
55773702,40,47
55773770,30,196
55773770,175,47
55773800,4595,178
55773875,6640,205
55774136,1709,47
55774956,7346,1
55775568,11,47
55775620,164,47
55778439,3842,178
55778694,444,83
55780121,45,83
55780165,39,83
55780202,31,83
55781375,9018,70
55782290,6546,178
55783017,14434,70
55783787,619,176
55785852,73,196
55785864,12782,196
55785940,61,196
55786972,13369,61
55788857,6121,178
55791343,6424,70
55793275,21209,70
55795000,12324,178
55796778,629,176
55797745,674,176
55798581,775,176
55798650,12900,196
55800339,13445,61
55800628,844,176
55800640,1019,176
55801860,793,176
55802051,1005,176
55802306,11351,205
55802638,4034,205
55802736,897,176
55803159,964,176
55803840,22,176
55804066,477,176
55804669,560,176
55805055,714,176
55807345,10856,178
55807803,605,176
55808626,1071,176
55810931,1435,176
55811533,11816,196
55812531,148,43
55812671,31,176
55813405,226,176
55813668,1272,176
55813819,12270,61
55814490,55,61
55814576,64,43
55814643,77,43
55814722,460,43
55818248,3680,178
55818684,1927,205
55820225,6,179
55820509,11775,1
55820899,5813,205
55821047,8390,205
55821936,21,61
55821956,9660,61
55821991,71,61
55821991,3685,178
55822400,4569,201
55822954,88,30
55823120,1082,22
55824555,10846,201
55825740,3671,178
55825770,8,99
55825797,951,99
55826439,511,58
55827067,4426,54
55827544,9373,201
55829326,27,210
55829425,3694,178
55829441,10973,205
55829530,1168,95
55829799,3881,205
55830586,6050,205
55830612,21,210
55830756,19070,205
55831119,26,210
55831129,25,210
55831363,159,95
55831576,23,210
55831599,9394,61
55831788,973,99
55832031,301,206
55832356,11,210
55832647,13,210
55832737,15,210
55833171,6312,178
55833439,3474,13
55833503,692,99
55834034,10622,206
55834206,5287,99
55834335,7023,1
55834600,19,210
55835027,85,30
55835266,25,210
55835273,3,83
55835598,89,30
55835819,21,210
55835975,3,83
55836011,20,83
55836022,25,83
55836046,12,210
55836356,17,210
55836499,10,210
55836673,60,61
55836826,22,83
55836912,3091,13
55836991,17,83
55837032,41,47
55837050,949,22
55837164,14,210
55837413,14,210
55837530,144,47
55838026,950,22
55838298,20,210
55838785,54,210
55839393,21,95
55839515,3684,178
55839522,21,210
55839640,1064,95
55839878,27,210
55839998,3101,13
55840640,19,210
55840779,22,210
55840967,1264,95
55841077,7072,205
55841108,2662,99
55841416,2175,1
55841577,23,210
55842909,1520,58
55843095,13564,13
55843256,3681,178
55843992,10983,96
55844202,24,210
55844671,4087,54
55844772,27,210
55845521,17,83
55845940,9918,61
55846083,14,83
55846096,183,83
55846262,16,210
55846278,3227,83
55846519,1355,58
55846791,22544,1
55846826,24,210
55846995,3687,178
55847122,394,201
55847228,1370,201
55847407,4915,201
55847485,88,210
55847727,1550,54
55847888,1616,58
55848275,5997,205
55848365,23,201
55848459,123,210
55848575,5117,22
55848596,47,201
55848659,45,201
55848752,37724,201
55849222,20,47
55849339,182,47
55849398,275,54
55849531,168,47
55849751,36,47
55850082,18,83
55850488,732,211
55850511,10,83
55850733,6735,178
55850883,11710,206
55850990,178,83
55851067,1584,58
55851440,2630,83
55852231,19380,201
55852668,1154,58
55853512,8,80
55853838,431,58
55853943,9,80
55854261,1666,80
55854273,6815,205
55855039,439,176
55855380,59,80
55855552,1512,47
55855821,9135,61
55855858,850,176
55856247,12632,80
55856653,7868,13
55857480,3698,178
55858994,599,176
55861088,4953,205
55861215,4046,178
55862232,5,176
55862290,643,176
55864521,5748,13
55864895,8170,61
55865312,5285,178
55865827,804,176
55866472,603,176
55866880,793,176
55867164,983,176
55868247,642,176
55869640,22608,1
55870613,4157,178
55871531,6652,201
55872530,338,176
55872934,11741,196
55873084,684,176
55874216,9426,70
55874831,3711,178
55877416,54,80
55878568,3675,178
55881060,30,61
55881089,12664,61
55882305,3672,178
55883642,9659,70
55884678,11580,196
55885980,3684,178
55889715,3676,178
55892360,7851,205
55892516,11411,1
55893304,9230,70
55893451,15,178
55893516,924,178
55893580,910,178
55893644,917,178
55894490,909,178
55894556,940,178
55895400,915,178
55895466,903,178
55896300,11754,196
55896371,905,178
55898931,166,43
55901004,63,43
55901070,84,43
55901156,409,43
55901568,412,43
55901983,296,43
55902537,7793,70
55903956,4894,1
55904970,204,76
55905426,3682,178
55905772,4349,205
55905882,1191,201
55906556,7736,13
55907792,8733,201
55908008,5356,201
55908953,7786,61
55908994,1829,54
55909162,3674,178
55909446,10891,96
55909732,87,30
55910117,4914,205
55910209,232,47
55910331,7893,70
55910405,19987,205
55910464,141,47
55910544,1874,58
55910739,150,47
55911324,25,47
55911547,191,47
55912186,53,22
55912844,137,205
55912886,1327,54
55912900,4430,178
55913003,263,47
55913272,231,47
55913568,49,47
55913894,444,211
55914122,91,47
55914251,2088,54
55914288,14306,13
55914473,390,206
55914955,58,47
55915029,4681,205
55915146,1670,22
55915235,1759,206
55915446,117,47
55915587,29,80
55915874,13250,201
55916015,35,80
55916055,3775,54
55916678,11516,61
55917362,4347,178
55917393,66,80
55918227,8795,70
55918541,2666,58
55918726,113,47
55919098,196,47
55919205,155,47
55919363,27,47
55919391,1342,47
55919492,78,80
55919707,8580,205
55921765,3683,178
55921838,187,80
55923331,1250,26
55923936,1289,26
55924206,1064,26
55925303,10677,26
55925502,3703,178
55926835,53,96
55926942,4501,96
55927131,8,74
55927212,8839,70
55927508,11,74
55927785,62,80
55927956,1472,58
55928129,8977,61
55928283,7573,205
55928300,10,74
55928300,71,205
55928859,7,74
55928983,4022,201
55928986,14,209
55929082,90,209
55929182,16,209
55929208,133,209
55929399,2112,201
55929418,4299,178
55929594,13,47
55929605,24,209
55929650,9,47
55929677,16,209
55929699,826,47
55929948,34,209
55930169,1462,58
55931333,122,30
55931402,490,47
55931706,2150,58
55931859,165,209
55931900,307,47
55932098,108,30
55932153,872,47
55932418,570,47
55932506,184,209
55932519,58,209
55932639,227,30
55932642,972,80
55933250,364,201
55933283,90,30
55933310,8016,201
55933322,743,47
55933342,7963,201
55933758,5310,178
55933865,53,80
55934242,88,30
55934382,522,76
55934400,213,80
55934980,904,58
55935181,2227,80
55935855,113,95
55936017,210,95
55936394,1083,76
55936523,64,95
55936604,502,95
55936960,923,47
55937011,397,80
55937088,4321,61
55937343,4330,70
55937502,380,80
55938208,2007,80
55938326,212,58
55938557,158,58
55938763,989,47
55939124,4857,178
55939804,1067,47
55940382,781,80
55941175,1153,80
55941348,3910,61
55941676,4262,70
55941719,383,47
55941793,376,80
55942121,119,47
55942287,62,47
55942414,186,80
55942476,277,80
55942684,398,47
55943447,114,47
55943710,41,47
55943982,22,196
55943984,1546,47
55944003,5506,178
55944409,17390,13
55945196,8740,61
55945579,214,47
55945940,4321,70
55946959,206,47
55947524,2840,47
55949545,4771,178
55950264,15047,70
55950364,1473,47
55954364,4380,178
55955649,11913,196
55956482,943,96
55957861,12121,61
55957935,33,47
55957946,23,61
55958055,11,47
55958198,10,47
55958226,386,80
55958258,28,47
55958573,74,47
55958753,1315,47
55958762,9159,178
55958867,1588,96
55959022,711,80
55960015,10659,47
55960123,6580,47
55960600,535,80
55961258,1060,80
55962441,520,80
55963108,1665,80
55963340,2016,96
55964844,795,80
55965061,1183,80
55965313,21491,70
55966349,483,80
55967565,11769,196
55967974,3677,178
55969981,12346,61
55971709,3579,178
55975328,3685,178
55979064,3680,178
55982330,12444,61
55982805,3679,178
55985331,76,43
55986540,15,178
55986605,931,178
55986670,914,178
55986734,960,178
55986810,6084,70
55987034,227,97
55987248,60,61
55987314,47,43
55987350,352,97
55987363,44,43
55987409,269,43
55987579,912,178
55987680,282,43
55987937,4618,205
55987965,295,43
55988040,8232,205
55988072,5719,205
55989993,11774,196
55995901,4678,61
55997932,3342,205
56000518,4731,61
56000579,429,1
56001162,607,1
56001769,11625,196
56001842,36,196
56001884,232,1
56002137,38,209
56002575,62,209
56002678,227,1
56002847,58,209
56002979,64,209
56003294,63,209
56003307,182,1
56003863,5458,70
56003990,168,1
56004242,13288,70
56004417,3119,70
56004474,161,1
56004539,9970,13
56005051,188,1
56005219,6656,61
56005371,588,80
56005457,1020,80
56005567,198,1
56006736,1074,1
56006945,210,80
56007253,1838,47
56007297,777,80
56008086,6510,80
56008340,1115,1
56009264,317,54
56009322,4609,70
56010161,219,54
56010461,458,54
56010689,18,96
56010739,281,96
56010928,536,54
56011818,8458,61
56012327,3146,47
56013396,12044,196
56013468,59,196
56014510,9800,13
56014627,22318,80
56015011,31,54
56015490,3104,47
56016575,6578,96
56016918,83,54
56017053,6527,70
56017466,43,96
56017693,515,54
56018590,2834,47
56018623,27,96
56019307,28,96
56019540,27,96
56019731,26,96
56019863,76,96
56020119,496,54
56020171,31,96
56020230,9690,61
56020276,26,96
56020277,27,61
56020405,26,96
56020532,26,96
56020599,25,96
56021474,27,47
56021611,260,47
56021868,495,54
56021878,3169,47
56022765,544,54
56023578,4128,70
56024312,9503,13
56024581,10071,146
56025038,1614,47
56025441,11886,196
56026656,473,47
56027176,2073,47
56027698,3907,70
56028381,6720,96
56029282,3053,47
56029834,24,61
56029855,4936,61
56031610,4610,70
56032368,11195,47
56033621,5178,47
56033819,7791,13
56034732,10155,61
56035238,7881,96
56037328,11985,196
56038838,3327,47
56041522,9507,70
56041612,8655,13
56042180,3358,47
56043919,39,97
56045540,3325,47
56047177,12307,61
56047714,19440,96
56048590,11198,47
56048892,3331,47
56051122,9601,70
56051773,8803,13
56052239,3338,47
56055583,3338,47
56058923,3340,47
56059529,12267,61
56060547,11733,196
56060574,4383,13
56060725,4245,70
56062265,3336,47
56064962,4490,13
56065604,3394,47
56069002,3351,47
56069211,9088,70
56071730,70,43
56071782,20,196
56071782,21,61
56071801,13113,61
56071817,11486,47
56072403,3610,47
56073697,87,43
56073701,4454,13
56073787,49,43
56073838,286,43
56074126,382,43
56074510,368,43
56076046,3366,47
56078157,4473,13
56078224,7610,70
56079447,3429,47
56079671,8909,70
56080917,9634,96
56082631,9851,13
56082859,4391,47
56083185,7610,205
56083248,7436,205
56083443,13240,196
56083715,9802,61
56085060,57385,206
56085835,4625,70
56086272,16443,205
56087290,6725,47
56090463,4191,70
56090794,3231,205
56091544,8096,70
56093125,22639,70
56093456,7137,61
56093983,11908,47
56094022,7628,205
56094654,4459,70
56099117,4055,70
56099849,11294,47
56100529,5647,61
56101104,11486,96
56101395,6655,13
56101642,9188,47
56101646,7973,205
56104202,15073,178
56104538,2731,96
56105926,13174,47
56106114,6632,61
56106839,41,210
56107216,8028,70
56107405,505,96
56108035,40,210
56108051,5734,13
56108199,12950,196
56108231,530,96
56109618,6473,205
56109992,3976,210
56110854,6980,47
56111528,3960,80
56112522,36,80
56112708,34,61
56112740,7264,61
56113788,5180,13
56114259,18,210
56115245,8000,70
56115373,19,210
56116089,3852,205
56116310,27,210
56116401,91,210
56117351,26,210
56117472,95,210
56117822,14084,47
56117904,8,210
56118365,9,210
56118537,6,210
56118695,143,210
56118971,9127,13
56119145,9717,47
56119311,11048,178
56119820,4641,70
56119940,17458,205
56119947,8095,61
56121153,12868,196
56121195,90,210
56121670,89,210
56121780,219,210
56123247,14785,70
56128100,9287,13
56128785,1478,58
56128911,9770,47
56130392,10902,178
56132456,11367,47
56133029,26,61
56133054,14047,61
56137390,9466,13
56138035,14312,70
56138676,7740,47
56141352,7857,178
56145284,11801,196
56146398,7191,47
56146852,6,176
56147014,64,176
56147129,11801,61
56147170,5,176
56147209,58,176
56147929,100,176
56148034,304,176
56148598,526,176
56149241,7181,178
56151514,130,176
56152349,10121,70
56153634,8849,47
56156466,6155,178
56156690,309,176
56156724,6140,47
56157494,33,176
56157781,32,176
56158131,140,43
56158911,12343,61
56162971,3683,178
56164279,19517,205
56165009,16762,201
56165223,1494,201
56166410,832,201
56166645,3,110
56166887,3680,178
56166905,7848,201
56167098,4223,70
56168588,2039,22
56170561,9970,61
56170623,3690,178
56171226,1748,5
56171319,4612,70
56171441,713,21
56172252,8276,178
56172257,1048,21
56172324,406,5
56173663,1197,21
56174343,2535,201
56174360,18147,178
56174786,17509,70
56174879,492,21
56174967,7542,146
56174978,374,146
56175018,7610,146
56175638,35,21
56175916,49,205
56175931,16506,70
56176222,37,21
56176357,21,210
56176821,15545,80
56176829,48,205
56177149,12,13
56177249,121,21
56177380,4133,201
56177383,32,210
56177563,244,210
56177648,43,21
56178009,42,21
56178253,2519,58
56178328,71,21
56178584,72,21
56179858,64,205
56180513,11929,61
56180582,11925,178
56180773,34,21
56181460,31,21
56181536,10829,205
56181605,26,21
56182012,10429,95
56182311,10126,13
56182431,39,21
56183989,37,21
56184893,3775,211
56188733,3850,205
56190496,3692,178
56190621,21,178
56192137,6831,80
56192556,6,178
56192618,6,178
56192685,5,178
56192750,5,178
56192815,5,178
56192880,6,178
56192947,5,178
56193014,6,178
56193079,6,178
56193145,6,178
56193211,5,178
56193276,6,178
56193343,13,178
56193414,8,178
56193483,6,178
56193548,5,178
56193573,862,5
56193614,5,178
56193684,6,178
56193749,5,178
56193815,5,178
56193880,7,178
56193945,5,178
56194010,5,178
56194076,5,178
56194142,5,178
56194159,59,176
56194207,8,178
56194275,5,178
56194341,6,178
56194406,5,178
56194472,6,178
56194537,6,178
56194604,6,178
56194625,60,176
56194670,7,178
56194735,5,178
56194801,6,178
56194867,6,178
56194934,7,178
56194987,1603,95
56195003,5,178
56195068,5,178
56195134,5,178
56195160,4051,58
56195200,5,178
56195265,6,178
56195330,5,178
56195395,6,178
56195461,5,178
56195502,89,176
56195527,8,178
56195593,5,178
56195659,5,178
56195725,5,178
56195791,5,178
56195857,6,178
56195924,5,178
56195954,3666,210
56195989,5,178
56196054,5,178
56196120,6,178
56196185,6,178
56196215,3687,178
56196250,5,178
56196315,5,178
56196381,6,178
56196447,5,178
56196512,5,178
56196524,186,176
56196580,7,178
56196645,7,178
56196711,5,178
56196777,5,178
56196842,6,178
56196910,5,178
56196975,5,178
56197041,5,178
56197107,6,178
56197172,5,178
56197238,5,178
56197305,5,178
56197311,61,178
56197371,5,178
56197419,1365,54
56197439,6,178
56197505,5,178
56197570,5,178
56197637,6,178
56197702,5,178
56197768,5,178
56197835,6,178
56197901,5,178
56197967,5,178
56198033,5,178
56198100,5,178
56198168,5,178
56198233,5,178
56198299,5,178
56198364,5,178
56198430,5,178
56198498,5,178
56198563,6,178
56198628,5,178
56198694,5,178
56198760,5,178
56198828,5,178
56198893,6,178
56198960,6,178
56199025,5,178
56199396,4239,70
56199561,3889,70
56199955,9056,178
56199959,9056,178
56200850,89,176
56201370,378,176
56201909,5,47
56201973,389,47
56202065,1575,47
56203636,4052,70
56203856,6426,47
56204199,220,210
56206698,10642,1
56207691,9987,70
56209063,2978,178
56209067,2972,178
56209191,6331,61
56212135,8032,178
56212222,8363,178
56215192,12052,196
56215742,12197,61
56217596,11068,47
56217599,6620,47
56218195,8752,70
56218545,19440,1
56220210,11994,178
56220213,8,178
56220214,8,178
56220592,11332,178
56220636,8,178
56221265,164,176
56221618,181,176
56222502,77,176
56222744,72,176
56224204,7065,47
56225697,63,176
56225736,23,176
56225986,1957,96
56226164,124,176
56226633,93,176
56226883,14,176
56227130,13,176
56227229,11714,196
56227397,14,176
56227880,14,176
56227957,12151,61
56228074,13,176
56228437,11,176
56228673,13,176
56229093,11,176
56229615,12,176
56231291,4617,47
56231982,8,178
56231984,7312,178
56232047,8,178
56233091,79,205
56235900,4313,47
56238983,11807,196
56239085,5653,205
56239328,7224,178
56240146,12108,61
56240223,4349,47
56244531,126,43
56244588,3207,47
56244948,3008,205
56246557,3699,178
56246781,7743,1
56246898,12,205
56247333,6848,205
56247809,2286,47
56249733,17758,205
56250128,4396,47
56250275,5676,178
56250453,3977,178
56251943,17369,201
56252027,17264,201
56252718,45,5
56252719,20,61
56252737,9715,61
56252764,35,61
56252832,514,5
56253596,3093,5
56253668,14084,70
56254780,5311,22
56255216,8680,1
56255448,4642,178
56255451,7375,54
56256012,5494,178
56256565,11156,205
56256607,7892,211
56257316,1336,70
56257524,263,47
56257800,4264,47
56258121,4165,47
56260367,4617,178
56261423,4914,70
56261668,3857,178
56261689,779,5
56262374,8891,61
56262455,73,61
56264666,1275,5
56265005,3691,178
56266344,8485,70
56267593,14,54
56267721,6774,205
56267876,10,54
56268741,3701,178
56270267,11,54
56270555,998,5
56270822,12,54
56271209,7351,61
56271304,9,54
56271759,3063,71
56272306,11,54
56272480,3686,178
56273074,12,54
56273720,13,54
56274128,30,54
56274495,6390,205
56274832,4719,70
56275225,1666,201
56276216,3689,178
56276449,8,54
56276646,20,54
56276949,7754,201
56276955,7810,201
56277278,3,110
56277828,24,54
56278355,19,54
56278403,16,54
56278540,7026,61
56278654,262,54
56279097,796,54
56279773,4625,70
56279954,3687,178
56280181,56,54
56280306,196,54
56280714,2332,211
56280749,158,54
56280881,6726,205
56281051,67,54
56281323,61,54
56281547,95,54
56281814,50,54
56282670,9322,1
56282949,11,54
56283064,51,54
56283689,3708,178
56283929,640,47
56284046,539,5
56284138,37,54
56284401,11060,70
56284479,735,47
56285540,7360,61
56285633,48,54
56285748,80,47
56285794,40,54
56285831,594,47
56287146,840,47
56287244,212,47
56287428,4798,178
56287605,5947,205
56287642,434,47
56287988,820,47
56288438,1516,47
56288646,13,176
56288828,6,176
56289429,8,176
56289461,79,210
56289831,9,176
56290023,1883,47
56290146,419,210
56290191,628,47
56290440,515,71
56290539,12,176
56290851,13,176
56290957,18,176
56291064,12,176
56291353,13,176
56291477,13,176
56291613,11,176
56291801,17,176
56291953,8,176
56292116,9,176
56292239,52,210
56292248,4966,178
56292259,14,176
56292291,927,210
56292382,13,176
56292648,11,176
56292888,7795,61
56292902,12,176
56293031,13,176
56293090,12,210
56293226,11,176
56293551,6759,205
56293623,1534,210
56294386,11,176
56294536,9,176
56295464,9165,70
56296743,8,176
56297246,5443,178
56297286,363,47
56297588,8,176
56297711,619,47
56297721,9,176
56298068,16,176
56298257,17,176
56298365,1254,47
56298682,13,176
56298835,17,176
56298960,17,176
56299020,1666,47
56299297,10,176
56299381,9,176
56300099,9,176
56300421,9,176
56300691,15,176
56301241,14,176
56301344,11949,196
56301529,8,176
56301844,14,176
56302727,4659,178
56303060,586,54
56303517,9,80
56303800,103,54
56304250,48,54
56304632,7406,70
56304794,153,54
56304824,9,176
56304912,17067,1
56305141,574,54
56305184,9,176
56305462,9,176
56305601,12022,61
56306540,80,54
56306594,9,176
56306650,145,54
56306909,6,176
56306995,290,80
56307423,3909,178
56307648,8,176
56308734,12,176
56308987,14,176
56309381,162,80
56309975,11,176
56310260,6,176
56310426,9,176
56310622,174,80
56310728,11,176
56310955,8,176
56311082,14,176
56311203,8,176
56311338,4030,178
56311349,10,176
56311456,10,176
56311779,10,176
56311964,11,176
56312100,14,176
56312252,23,176
56312262,169,80
56312529,12,176
56313047,14,176
56313144,172,80
56313336,22,196
56313359,11932,196
56314125,17,176
56314383,14,176
56314499,15,176
56314948,18,176
56314987,171,80
56315375,3777,178
56315383,26,178
56315667,18,176
56315725,18,176
56316110,19,176
56316302,18,176
56316465,19,176
56316593,19,176
56316709,19,176
56316960,18,176
56317122,18,176
56317333,19,176
56317474,18,176
56317620,22,176
56317680,12028,61
56317705,24,61
56317778,22,176
56317883,17,176
56318007,19,176
56318160,17,176
56318296,16,176
56318494,17,176
56318606,28,176
56318710,19,176
56318850,17,176
56319019,9,176
56319172,3792,178
56319228,8,176
56319405,12,176
56319507,10,176
56319816,11,176
56319960,12,176
56320187,11,176
56320325,12,38
56320339,11,38
56320347,12459,205
56320352,12,38
56320382,10,176
56320538,10,176
56320640,9,176
56322578,58,176
56322859,54,176
56322968,3825,178
56323153,30,176
56323563,298,176
56325233,13448,196
56326189,5413,71
56326824,3696,178
56329695,15338,61
56330559,4056,178
56330932,61,43
56332892,64,43
56332948,4332,205
56332958,49,43
56333009,406,43
56333418,430,43
56333850,499,43
56334658,20,178
56334726,6,178
56334791,918,178
56334855,924,178
56335459,1458,5
56337261,1549,201
56337821,1859,71
56337849,6226,205
56338016,1254,5
56339560,852,201
56339570,10836,95
56339575,6465,205
56339715,5031,95
56339958,147,54
56340116,11142,201
56340534,20,61
56340553,6953,61
56340911,3685,178
56341182,22,54
56341679,10,54
56341854,4628,38
56342497,10,54
56343146,11,54
56343368,47,54
56344018,906,54
56344078,10055,205
56344614,6,178
56344646,3695,178
56345681,1933,211
56346045,7963,205
56346672,5,80
56346838,4,80
56347037,5043,95
56347375,8,80
56347476,8859,61
56347515,5,80
56348373,6,80
56348381,3681,178
56348843,15,80
56349006,7,205
56349472,13619,5
56350064,37,80
56350265,2067,38
56350408,15140,13
56350420,6081,13
56350450,8721,70
56350862,229,80
56351182,13930,95
56351677,195,54
56352118,3777,178
56352432,131,54
56352876,9,54
56353057,164,54
56353097,9,54
56353758,186,80
56353854,166,54
56354010,10920,205
56354134,11003,205
56354378,17,54
56354472,632,201
56355264,547,201
56355300,184,80
56355923,3820,178
56356275,10853,61
56356499,6762,13
56356748,88,80
56356769,446,211
56356831,993,22
56357079,1809,201
56358551,2757,211
56359171,1660,70
56359298,73,54
56359780,3872,178
56360229,1216,201
56360568,16,95
56360834,4986,70
56361162,3152,38
56363134,20,54
56363262,5813,13
56363647,19,54
56363699,4407,178
56364042,357,54
56364493,797,54
56364725,1522,47
56364739,875,47
56365137,4104,205
56365821,8888,70
56366704,25,54
56366905,7,80
56367318,22,61
56367336,8389,61
56367407,26,80
56367574,186,54
56367771,20,54
56367878,22,54
56367910,25,80
56368122,19,54
56368161,3682,178
56368370,93,80
56368475,2229,95
56368570,18,54
56368628,16,54
56368648,422,95
56368842,87,80
56369075,4361,13
56369172,18,54
56369200,8238,95
56369241,7923,205
56369278,114,54
56369411,18,54
56369890,30,80
56370100,451,38
56370593,29,80
56370864,20,54
56370950,284,38
56371646,52,80
56371897,3830,178
56372029,446,38
56372045,32,54
56372200,62,80
56372287,31,54
56372476,54,54
56372691,30,54
56372755,102,80
56372807,33,54
56373060,157,54
56373431,4754,13
56374582,12,176
56374709,19799,70
56374831,1419,176
56375611,50,61
56375660,5743,61
56375753,4142,178
56377164,4717,205
56378183,4513,13
56378263,80,210
56378339,902,210
56379911,3852,178
56381343,6622,61
56383038,1054,201
56383766,6548,178
56384470,341,201
56384480,808,201
56385408,16372,201
56387121,7398,38
56389354,13697,196
56389830,157,54
56390329,7631,178
56390478,260,54
56392973,14,54
56394513,22726,70
56394858,17,54
56395009,16,54
56396032,600,80
56396682,13803,61
56397044,6,176
56397113,10,176
56397262,265,80
56397367,15,176
56397976,5969,178
56398087,10,176
56398114,120,80
56398606,98,176
56398998,21,176
56399101,20,176
56399692,12,176
56399930,21,176
56399980,7287,38
56400222,726,176
56402106,473,176
56403031,12921,196
56403997,3675,178
56407269,2032,38
56407733,3997,178
56409323,485,176
56410495,12178,61
56411034,143,176
56411771,3964,178
56412040,189,176
56412270,10,205
56412344,194,205
56412442,4762,205
56412455,146,176
56413487,134,176
56414167,134,176
56415747,18,178
56415812,6,178
56415878,5,178
56415942,64,178
56415952,12843,196
56416014,1226,178
56416080,1163,178
56417331,125,43
56423068,72,176
56424118,1260,201
56424424,3686,178
56424897,25,21
56432630,16,54
56432963,1201,38
56433721,15,54
56434380,158,54
56434510,9701,38
56435027,222,54
56435632,207,54
56435709,23,21
56436052,24,21
56436118,121,54
56436247,14,21
56436250,33,54
56436268,692,38
56436343,3849,178
56436514,68,80
56436574,20,21
56436787,31,21
56437066,224,13
56437104,10,54
56437152,34,80
56437236,3740,95
56437666,10,54
56438041,28,80
56438101,19,21
56438475,17,21
56438772,34,21
56439100,14,80
56439136,3980,61
56439194,59,21
56439489,157,54
56439917,11,80
56440201,3882,178
56440475,14,80
56440522,15,54
56441069,30,54
56441097,8019,146
56441266,25,80
56441774,232,54
56441888,13,80
56442135,302,95
56442241,35,80
56442830,1033,211
56442923,15,80
56443053,4280,61
56443295,3772,95
56443672,1219,211
56443879,14,21
56444122,5590,178
56446024,12,80
56446184,9657,38
56446656,535,211
56447272,4002,61
56447495,10,54
56448019,10,54
56448233,2003,211
56448307,41,80
56448468,8,54
56448578,3721,176
56448700,20,54
56448735,15,54
56449358,4412,70
56449574,19,80
56449809,17,54
56449856,3680,178
56450017,589,47
56450074,299,95
56450112,629,47
56450155,12,54
56450220,424,47
56450235,9,54
56450282,33,80
56450633,2234,95
56450741,72,176
56451037,25,54
56451253,19,80
56451265,4467,61
56451771,26,54
56452011,1963,211
56452199,85,80
56452419,25,54
56452525,78,176
56452536,23,54
56452836,2017,211
56452878,24,54
56453230,25,54
56453351,27,54
56453521,33,80
56453529,71,176
56453597,3685,178
56453735,26,54
56453785,491,210
56454057,26,54
56454075,10,210
56454285,4273,13
56454378,22,80
56454949,782,210
56455482,9,176
56455715,5056,61
56456061,7,176
56456290,5,176
56456956,24,80
56457005,16,54
56457096,7531,38
56457141,6,176
56457340,3705,178
56457374,17,54
56457456,7,176
56457619,211,210
56457656,27,54
56457768,18,80
56458000,133,210
56458159,13,54
56458425,14480,70
56458466,15604,70
56458472,13,54
56458613,181,210
56458740,3510,13
56459052,8,176
56459084,5,54
56459178,7,176
56459347,6,176
56459466,14,54
56459778,16,54
56459814,8,176
56460075,76,176
56460165,17,80
56460490,82,176
56460706,7907,61
56461094,3944,178
56462031,93,54
56462686,11,54
56462773,11,54
56462917,11,54
56463020,381,210
56463057,104,54
56463380,104,54
56463698,9,210
56463731,48,210
56463861,49,210
56464070,13,54
56464288,117,54
56465075,3686,178
56468550,7171,61
56468810,3705,178
56469978,7227,38
56471651,46,80
56472333,17,80
56472546,6329,178
56473282,4703,80
56473548,20,54
56474418,20,54
56474972,20,54
56475216,12239,196
56475515,20,54
56475866,19,54
56476172,21,54
56476588,20,54
56477208,7183,38
56477251,19,54
56477616,12136,70
56478167,20,54
56478251,7591,80
56478309,20,54
56478930,20,54
56478935,7314,178
56479512,127,54
56479826,161,54
56480635,133,54
56481468,167,54
56482177,137,54
56482624,102,54
56483074,392,176
56483360,146,54
56483986,395,176
56484392,3,38
56484776,398,176
56485268,146,54
56485800,342,54
56486221,12544,61
56486281,6900,178
56486733,27,54
56487111,422,54
56487350,23219,176
56487452,11703,196
56487894,964,54
56489613,10,176
56489753,9458,70
56490189,85,176
56491042,130,176
56491226,7370,176
56493220,8942,178
56493918,7192,176
56498734,12529,61
56499212,12231,196
56499214,9641,70
56502193,7378,178
56503731,72,43
56505710,61,43
56505773,58,43
56505833,196,43
56506031,349,43
56506382,449,43
56507788,125,5
56508857,9472,70
56508887,11,21
56509599,3717,178
56512701,22,61
56512721,4536,61
56512816,1293,21
56512824,497,21
56513335,3688,178
56514134,339,38
56514818,1175,13
56514889,875,38
56515339,8,21
56515776,2792,211
56516158,23,54
56516613,8,21
56516912,21,54
56517073,3703,178
56517196,4183,61
56517279,8,21
56517610,25,54
56517997,23,54
56518332,11167,70
56518590,22,54
56519261,85,54
56519956,576,54
56520295,24,54
56520754,15,21
56520812,3741,178
56520973,584,54
56521376,4547,61
56521671,11,21
56522300,13,21
56522493,22,54
56522694,12,21
56523020,7226,38
56523059,12,21
56523491,2026,211
56524608,3682,178
56525326,1163,13
56525861,4672,61
56525971,772,54
56526488,4348,13
56527040,182,54
56527469,210,54
56527939,1103,54
56528345,3684,178
56528543,37,54
56528638,1109,176
56529400,53,54
56529500,9407,70
56529564,3301,211
56530025,22,54
56530171,80,54
56530256,3748,176
56530470,7450,61
56530837,4440,13
56531661,8,210
56531682,1383,211
56531723,14,210
56531792,25,54
56531897,19,54
56532085,3705,178
56532262,51,54
56532273,39,54
56532562,24,54
56532728,1791,54
56532819,6791,211
56532875,8,210
56532939,9,21
56534016,8,21
56534360,7,21
56534656,21,54
56534726,7,21
56534774,35,54
56534929,374,54
56534933,1817,176
56535269,81,54
56535279,4384,13
56535417,2711,176
56535517,14,21
56535832,5508,178
56536504,371,54
56537462,25,21
56537526,1030,80
56537553,391,54
56537598,36,54
56537697,113,176
56537810,1389,176
56537857,6448,61
56538488,1747,176
56538709,3903,80
56538758,22,54
56538827,20,54
56538910,9834,70
56538928,20,54
56539666,4432,13
56540030,6359,176
56541378,3713,178
56541697,23,54
56541761,80,54
56541900,58,54
56542043,94,54
56542062,3814,176
56542502,13,13
56542609,9,13
56542823,10,13
56542898,10,13
56543025,10,13
56543162,24,13
56543187,5,210
56543289,20,13
56543831,56,54
56544100,10743,13
56544244,5193,61
56544757,2635,80
56544765,54,210
56545114,3691,178
56546084,90,210
56546554,70,210
56547194,107,210
56548474,10,210
56548744,9127,70
56548855,3824,178
56548916,92,210
56549225,60,210
56549365,72,210
56549412,5443,61
56550236,91,210
56550440,64,210
56550446,29,210
56550626,57,210
56552713,4050,178
56554843,8569,13
56555970,7210,38
56556034,6435,80
56556810,7766,178
56557874,19724,70
56560441,487,54
56560879,317,54
56561024,13053,196
56561079,53,196
56561467,621,54
56561960,14111,61
56562026,63,61
56562636,491,54
56562719,6279,80
56563086,64,54
56563181,41,38
56563414,4455,13
56563715,63,54
56564579,5940,178
56567096,60,54
56567842,279,54
56567867,4483,13
56570543,21,178
56570608,6,178
56570673,907,178
56570737,911,178
56570801,907,178
56571647,912,178
56571713,912,178
56572357,4379,13
56572501,912,178
56574035,13041,196
56576017,13320,61
56576151,61,61
56576736,4386,13
56577601,26667,70
56581124,7630,13
56587076,13128,196
56588757,4021,13
56589337,12319,61
56590131,70,43
56592014,58,61
56592074,69,43
56592145,39,43
56592188,261,43
56592451,335,43
56592780,4101,13
56592789,371,43
56596879,4168,13
56597429,4399,61
56600207,12855,196
56601052,6048,13
56601766,4915,61
56604270,6390,70
56605301,3351,176
56606350,10691,70
56606378,9722,70
56606615,7676,61
56607101,6430,13
56610178,1823,176
56610638,114,54
56610660,8894,70
56611210,187,54
56611833,39,54
56612705,51,54
56613063,12038,196
56613534,6015,13
56614242,25,54
56614265,5473,61
56614312,27,54
56614631,73,54
56615652,23,54
56615838,45,1
56615852,948,188
56616616,15,54
56616727,164,54
56617474,2443,188
56617774,184,54
56618273,184,54
56618834,143,54
56619327,1269,176
56619674,4075,61
56620682,3066,80
56621578,21,54
56622181,81,54
56622414,134,54
56622612,22,54
56622622,50,176
56622717,300,54
56622979,21,54
56623637,17,54
56623677,302,54
56623716,4414,61
56624161,300,54
56624213,6394,178
56624403,49,176
56624599,18,54
56625087,303,54
56625137,53,176
56625144,11975,196
56625163,34,188
56625191,27,196
56625207,836,188
56625844,53,176
56625937,8892,70
56626057,19,54
56626085,50,176
56626209,301,54
56626464,7836,80
56626472,21,54
56626771,409,188
56626835,21,54
56627150,296,54
56627784,21,54
56627871,201,210
56627963,138,54
56628011,125,210
56628102,4179,176
56628122,4408,61
56628180,823,210
56628437,291,54
56628970,21,54
56629022,301,54
56629871,93,54
56630276,64,54
56630638,8,178
56630654,6484,178
56630687,80,54
56631029,298,54
56631637,318,54
56631650,16,54
56631697,15,54
56632467,5524,61
56632547,9,176
56632564,16,54
56632652,15,54
56632743,303,54
56632797,2088,176
56632857,648,176
56633232,17,54
56633345,301,54
56633362,1280,210
56633519,27,54
56633558,201,210
56634056,473,176
56634083,21,54
56634100,22,54
56634322,54,54
56635212,84,210
56635297,424,210
56635868,39,54
56635933,55,54
56636116,417,210
56636423,109,54
56637125,11923,196
56637143,6,178
56637156,72,196
56637156,3694,178
56637930,4538,61
56639196,23,54
56639630,24,54
56640159,38,54
56640879,6,178
56640888,3818,178
56644575,547,22
56644733,6,178
56644797,6,178
56644862,3856,178
56644864,12,178
56644926,7,178
56644989,7,178
56645050,6,178
56645113,7,178
56645174,7,178
56645237,6,178
56645301,6,178
56645362,6,178
56645425,6,178
56645486,7,178
56645549,7,178
56645612,7,178
56645674,6,178
56645737,6,178
56645798,7,178
56645861,6,178
56645923,6,178
56645985,7,178
56646048,6,178
56646109,6,178
56646172,6,178
56646235,7,178
56646296,6,178
56646359,7,178
56646420,6,178
56646483,7,178
56646546,6,178
56646607,6,178
56646670,6,178
56646734,6,178
56646800,6,178
56646864,7,178
56646928,7,178
56646992,7,178
56647056,6,178
56647122,7,178
56647186,6,178
56647250,6,178
56648464,28,176
56649003,12091,196
56649098,1475,176
56649499,671,176
56650248,12774,61
56651949,10087,70
56652000,184,176
56652175,16,176
56652533,7,176
56652702,4057,80
56652895,367,176
56653977,181,176
56654372,166,176
56655280,2046,176
56657741,4265,176
56661095,11748,196
56662037,9759,70
56663023,11949,61
56671798,9268,70
56672845,11868,196
56674974,12539,61
56676531,57,43
56678411,46,61
56678459,82,43
56678543,39,43
56678584,435,43
56681070,7781,70
56682865,4014,61
56684713,12224,196
56686817,5222,61
56688854,8635,70
56697000,9552,13
56697115,39,54
56697491,8626,70
56698175,83,54
56700913,80,54
56701088,78,54
56701365,3,54
56701414,21,54
56701829,79,54
56702707,78,54
56702933,227,210
56703645,176,176
56704728,1695,176
56704797,167,176
56706118,4343,70
56706553,9570,13
56706848,43,176
56706891,4306,176
56707097,3364,176
56708592,14,210
56710464,4345,70
56710908,14,176
56711353,31,210
56713159,31,210
56713394,36,210
56713568,195,176
56713768,25,210
56714052,316,176
56714268,24,210
56714563,39,210
56714574,28,210
56714811,4387,70
56715000,21,176
56715158,23,176
56715338,71,210
56715565,23,176
56715761,19,176
56715986,18,176
56716081,34,210
56716124,8949,13
56716489,883,210
56717456,13,176
56718051,23,176
56718351,312,176
56719067,366,176
56719175,102,176
56719200,4472,70
56719616,88,176
56719916,302,176
56720374,307,176
56720598,372,176
56720983,165,210
56721040,184,176
56721320,341,176
56721363,34,210
56721412,60,210
56721560,115,176
56721792,26,210
56721942,12,210
56721963,24,210
56722184,21,176
56722514,17,210
56722535,44,210
56722650,204,176
56723272,44,210
56723674,9569,70
56724245,36,210
56724257,95,210
56724477,25,210
56724785,12,210
56724803,25,210
56725074,7498,13
56725845,369,210
56727913,2803,210
56728749,698,210
56730351,55,22
56731756,260,54
56732575,7688,13
56732958,2309,80
56733244,5068,70
56734153,13203,61
56736681,2279,80
56738315,5223,70
56740264,7528,13
56743539,5022,70
56747358,12807,61
56747795,7698,13
56748564,8220,70
56753712,9138,61
56755493,13385,13
56756786,7252,70
56757552,5713,205
56758056,11738,196
56760167,12526,61
56762931,54,43
56764041,7455,70
56764496,8206,205
56764692,8446,205
56764835,55,61
56764878,111,43
56764991,39,43
56765032,218,43
56765252,483,43
56765738,241,43
56768880,17086,13
56769889,2271,5
56771124,3701,178
56773887,4944,61
56774691,16,21
56774719,1618,22
56774862,3686,178
56775962,9101,205
56776176,12,21
56776474,203,54
56776943,8095,13
56776966,26863,13
56777623,8,21
56778433,396,54
56778600,3689,178
56778815,8386,61
56781265,54,54
56782039,75,209
56782345,5097,178
56782356,39,54
56784110,2583,62
56784148,37,54
56784570,217,80
56784828,6200,80
56784972,730,5
56785060,4637,205
56785141,36,54
56785394,37,54
56785970,863,13
56787174,7682,61
56787200,5512,13
56787202,70,61
56787466,3700,178
56788440,26,54
56789192,27,54
56789212,68,84
56789258,7920,22
56789695,4328,205
56789733,11,74
56790409,360,211
56791203,3692,178
56791376,27,54
56791885,30,54
56792324,34,54
56792709,4510,13
56793076,34,54
56794021,11640,205
56794145,1179,5
56794189,25,54
56794787,8195,61
56794943,5918,178
56795171,216,62
56795354,4479,80
56795600,71,62
56795754,1604,5
56795757,1192,62
56797142,377,62
56797215,4415,13
56797571,506,211
56797905,91,211
56797919,432,5
56798103,914,211
56798377,1613,62
56799412,57,54
56799717,932,176
56800736,6918,205
56800837,55,54
56800908,3687,178
56800931,96,54
56800965,28,54
56801145,1581,176
56801154,174,54
56801629,4405,13
56801665,200,54
56801880,407,54
56802213,2287,80
56802919,7504,61
56803102,27,54
56803192,42,205
56803674,25,54
56803999,178,54
56804647,3709,178
56804712,182,54
56805189,199,54
56805794,171,54
56806203,4349,13
56806215,192,54
56806551,70,54
56806934,35,54
56807262,196,54
56808384,7164,178
56808715,1853,80
56810365,8584,61
56810550,4765,13
56810750,4827,80
56813264,1054,210
56815610,5828,178
56817112,4481,80
56817754,104,54
56818286,99,54
56819199,100,54
56819509,101,54
56819692,11753,196
56820516,102,54
56821212,28,54
56821452,4298,178
56822425,956,80
56822535,100,54
56823018,99,54
56823027,11870,61
56823120,101,54
56823279,99,54
56823397,130,54
56823604,98,54
56825607,923,80
56825789,4072,178
56828025,103,54
56828195,99,54
56828347,101,54
56828464,101,54
56828582,40,54
56828682,102,54
56828869,104,54
56829088,411,176
56829128,103,54
56829260,102,54
56829421,102,54
56829546,101,54
56829730,103,54
56829885,4910,178
56829914,102,54
56830078,104,54
56830226,102,54
56830420,103,54
56830582,110,54
56830799,2441,80
56831266,105,54
56831402,105,54
56831491,11789,196
56831529,70,196
56831674,105,54
56831738,18049,70
56834825,3836,178
56836331,28,176
56837376,73,176
56838155,73,176
56838268,71,176
56838435,73,176
56838680,3793,178
56838770,7555,205
56839049,72,176
56839438,42,176
56840046,43,176
56841434,44,176
56842478,3673,178
56843236,11815,196
56843337,12501,61
56845957,2366,176
56846213,3687,178
56846594,4468,13
56849330,77,43
56849788,8734,70
56849949,3864,178
56851303,34,61
56851338,57,43
56851371,4265,205
56851397,50,43
56851449,308,43
56851759,409,43
56852171,320,43
56853866,24,178
56853931,6,178
56853996,946,178
56854062,951,178
56854127,931,178
56855634,5790,205
56856002,4288,13
56858137,2928,22
56858227,681,22
56858524,8656,70
56859775,7710,61
56860100,1670,24
56860279,31,178
56860285,4487,13
56860346,6,178
56860410,6,178
56860509,3688,178
56861421,6982,205
56863091,1425,24
56863964,1237,24
56864207,3699,178
56864767,4757,13
56865016,2309,54
56865451,7,55
56865588,1866,211
56866831,11990,146
56867008,11419,146
56867179,8440,70
56867475,8542,61
56867533,26,54
56868400,4008,205
56868561,3711,178
56869490,29,54
56869519,4487,13
56870468,25,54
56870899,240,38
56870998,2538,62
56871027,24,54
56871956,24,54
56872407,4568,205
56872605,55,54
56872719,4606,178
56873339,224,54
56874001,3717,13
56874183,212,54
56875085,29,62
56875134,1421,62
56875926,171,31
56876093,2073,61
56876197,1885,211
56876714,390,31
56876924,88,62
56876963,1115,205
56877064,419,62
56877422,2407,178
56877518,27,62
56877562,842,62
56877681,529,173
56877717,2818,13
56878431,1285,62
56879085,521,173
56879087,740,80
56880299,6308,80
56880930,4100,178
56881636,5694,70
56882243,1543,211
56882952,2942,176
56885513,8640,13
56885563,8070,146
56885571,3333,146
56885738,277,211
56886316,12579,61
56888008,4280,211
56888343,451,173
56888409,1126,61
56889106,5391,178
56889463,8678,210
56892286,11,173
56892656,7,173
56892959,8,173
56893083,7,173
56893240,9,173
56893533,8,173
56893590,11,173
56893646,9,173
56893656,42,173
56893697,8,173
56894147,6776,13
56894527,3574,178
56896866,324,71
56897176,9015,71
56898142,5171,178
56898834,13945,61
56899708,6444,62
56902226,13388,70
56903322,7503,178
56906156,11975,196
56907363,9026,71
56907519,5093,71
56910846,6063,178
56911192,9993,70
56911255,13941,70
56913367,12174,61
56916929,3678,178
56918123,11743,196
56920664,3688,178
56921187,10073,70
56921304,12033,13
56921483,128,205
56921666,15970,205
56921885,13809,13
56921960,3387,205
56924403,3684,178
56925542,12275,61
56928146,3695,178
56929864,11851,196
56931262,9366,70
56931883,3676,178
56932271,61,71
56932309,2833,71
56935617,3986,178
56935730,183,43
56937833,65,43
56937960,49,43
56938015,343,43
56938361,496,43
56938860,429,43
56939653,3679,178
56940631,7921,70
56941026,5171,205
56941083,2844,71
56941947,4842,61
56942260,90,5
56943391,3686,178
56943646,4783,5
56946194,7227,205
56947128,3691,178
56948480,2325,5
56948553,8842,70
56950818,227,5
56950866,3689,178
56951518,11395,205
56951675,10725,13
56951727,7542,13
56953418,6653,205
56954604,3693,178
56954651,1240,198
56956789,4085,61
56957398,7911,70
56958341,3693,178
56958965,306,5
56960069,4365,205
56960140,4757,5
56960811,4374,61
56960933,11,13
56962077,3690,178
56962953,1576,80
56964432,4982,205
56965123,4012,61
56965312,8695,70
56965842,4560,178
56967042,4506,80
56967416,1063,62
56967638,8,47
56968841,1354,210
56969072,4251,61
56969412,6445,205
56970025,162,40
56970230,770,40
56970422,4650,178
56971274,1428,40
56972099,3910,58
56972709,374,40
56972718,12,40
56972747,12,40
56972796,11,40
56972829,8,40
56972864,11,40
56972923,79,40
56973074,1335,40
56973174,3016,211
56973180,4225,80
56973316,4751,61
56974008,8336,70
56974890,62,205
56975123,3594,178
56975406,1208,211
56976672,221,22
56978029,4387,61
56978182,319,188
56978739,3757,178
56979102,109,188
56979752,82,188
56980327,70,188
56982127,468,188
56982348,7907,70
56982353,2541,61
56982534,3818,178
56982791,48,188
56982924,38,188
56983162,45,188
56984366,1423,40
56986390,3682,178
56990124,3685,178
56990257,15249,70
56992607,12535,196
56993862,3723,178
56994594,37,61
56994630,13836,61
56997599,5936,178
56999194,11368,70
56999427,2047,70
57003559,7062,178
57005143,12823,196
57005509,14927,70
57009387,10,13
57010664,3688,178
57013505,5205,13
57014401,3686,178
57016783,3654,71
57017967,13030,196
57018142,2297,178
57019194,13610,61
57021813,14,13
57022130,47,43
57022346,1229,110
57022855,13101,110
57034340,2464,178
57036364,58,43
57036437,51,43
57036496,173,43
57036672,331,43
57037005,306,43
57037165,176,76
57037452,1449,80
57038389,80,5
57039018,4431,178
57040623,24363,70
57040716,11207,70
57045266,1273,13
57045599,3146,80
57046410,3185,62
57047130,4305,13
57047164,2117,211
57049577,1223,5
57050295,3763,178
57050318,1417,38
57050542,1466,76
57050770,9,212
57051437,4215,13
57051688,2286,210
57052059,700,210
57052234,707,211
57053454,259,76
57054095,3688,178
57054446,8905,58
57055653,4289,13
57056018,345,188
57056603,6293,61
57056829,444,188
57057362,141,188
57057480,260,212
57057614,75,188
57057769,117,188
57057789,7,178
57057833,57,178
57057989,3681,178
57058027,176,188
57059943,4192,13
57061006,1241,211
57061729,3688,178
57061758,98,188
57062640,254,188
57062864,4909,61
57063512,8,38
57064138,10722,13
57065467,3727,178
57067717,4183,61
57068370,690,188
57069202,4379,178
57069271,182,188
57070214,7342,70
57071653,8969,71
57072159,1361,210
57073600,3749,178
57073634,9,74
57074069,8,74
57074399,11,74
57074752,8,74
57074862,8627,13
57074949,8,74
57075226,8,74
57075628,9,74
57076094,8,74
57076248,8,74
57076516,8,74
57076741,11,74
57077008,9,74
57077214,9,74
57077399,3691,178
57080189,12054,196
57081134,3680,178
57081328,12955,61
57083492,33653,13
57084868,3692,178
57108531,225,43
57111237,53,43
57111292,39,43
57111334,179,43
57111515,273,43
57111790,262,43
57112544,2810,71
57115133,4314,61
57116551,12123,61
57117258,1869,5
57117445,3693,178
57118072,8,212
57118188,254,212
57118323,190,62
57118674,8,212
57118941,729,62
57119340,239,212
57119370,79,61
57119387,5321,61
57120224,7917,58
57121186,3696,178
57122724,2216,38
57122993,2479,38
57123196,1155,13
57123348,236,188
57123352,4210,70
57124350,9485,13
57124707,5620,61
57124924,3698,178
57125776,405,211
57125908,90,38
57125968,6568,38
57126661,662,211
57127082,1224,211
57127520,214,188
57127944,494,188
57128563,4275,70
57128604,293,188
57128660,3685,178
57129684,425,188
57129823,243,212
57130308,3998,61
57130356,1253,5
57130394,1204,5
57130483,241,212
57131039,1241,188
57132089,241,212
57132396,4697,178
57132506,941,188
57132574,1348,210
57132657,219,76
57132840,4296,70
57134061,1239,76
57134093,740,146
57134241,4213,61
57134956,4030,13
57134964,6,146
57135185,61,209
57135264,121,209
57135662,99,209
57136067,77,209
57136133,6,146
57136216,577,76
57136225,2385,5
57136605,1413,146
57137155,3702,178
57138254,611,76
57138344,12818,70
57138393,4081,61
57139136,806,76
57139350,560,188
57139748,2077,38
57140895,3660,178
57140922,169,76
57141471,332,5
57141834,42,188
57141882,393,188
57142413,4296,61
57142942,87,76
57143045,274,76
57143341,478,76
57144271,252,76
57144571,5,178
57144636,929,178
57144761,4140,13
57144929,195,76
57145374,3678,178
57146646,3967,61
57147006,699,188
57147619,91,95
57147756,257,212
57148202,80,188
57148567,94,188
57148831,256,188
57149020,10465,38
57149110,3678,178
57149237,13011,13
57149352,61,188
57149474,33,188
57149708,70,188
57150059,172,188
57150548,4407,61
57151139,123,188
57151644,212,188
57151915,211,188
57152324,363,188
57152767,26,188
57152844,3737,178
57153416,261,188
57154894,4681,61
57155601,13593,70
57156641,3766,178
57157226,61,188
57157894,66,188
57158567,70,188
57158715,2025,188
57160437,4011,178
57160441,1519,188
57160786,585,188
57161508,11,188
57161587,7,188
57161830,547,188
57162250,8921,13
57162445,1087,188
57163560,2287,188
57164072,10476,38
57164473,3933,178
57165672,11849,196
57166281,1288,188
57167017,12711,61
57168447,3677,178
57169196,14511,70
57171171,4250,13
57172181,3687,178
57174548,10504,38
57175424,4155,13
57175915,3682,178
57177521,10585,196
57179582,4231,13
57179651,3681,178
57179728,8749,61
57183388,3673,178
57183709,4828,70
57183814,4174,13
57185054,5193,38
57187064,16,178
57187129,6,178
57187193,928,178
57187259,910,178
57187323,44,178
57187989,138,13
57188168,912,178
57188234,908,178
57188298,904,178
57189142,908,178
57189207,956,178
57190052,903,178
57190117,920,178
57190758,4183,71
57190961,905,178
57191025,905,178
57191929,907,178
57191993,908,178
57192837,908,178
57192903,910,178
57193747,908,178
57193813,947,178
57194657,907,178
57194722,930,178
57194930,83,43
57195567,905,178
57195632,950,178
57196536,908,178
57196600,955,178
57196860,70,61
57197444,934,178
57197509,31,178
57198414,956,178
57198479,26,178
57198498,11791,196
57198543,907,178
57198607,923,178
57198622,4183,13
57198641,9,205
57198757,87,84
57199212,783,61
57199310,12106,61
57199391,907,178
57199513,957,178
57199926,24,13
57199982,6630,205
57200358,904,178
57200423,929,178
57201268,914,178
57201332,922,178
57201458,7239,61
57202237,908,178
57202301,916,178
57203145,909,178
57203210,937,178
57204055,904,178
57204120,912,178
57206608,13359,205
57208220,10353,38
57208613,22,61
57208634,11332,61
57210228,1949,196
57214121,21,178
57214186,6,178
57214267,5701,178
57216508,5398,61
57216562,11507,196
57220169,3700,178
57220797,12,13
57220912,525,13
57220957,10,13
57221106,10736,70
57221592,33,70
57221687,9970,70
57223896,3674,178
57225444,6946,61
57227634,7315,178
57227636,7312,178
57231547,11852,196
57231619,36,196
57231697,13,210
57232328,4008,61
57233827,7,210
57234162,5,210
57234428,11,210
57234780,13,210
57234985,7417,178
57234987,7418,178
57235197,14,210
57235665,18,210
57236109,29,210
57236275,4328,61
57236674,27,210
57237362,24,210
57237746,14,210
57238128,13,210
57238897,11,210
57239690,15,210
57240332,18,210
57240573,4281,61
57240603,14,210
57241331,12,210
57241662,16,210
57241877,12,210
57242031,30,210
57242459,7444,178
57242461,7402,178
57242469,35,210
57242635,30,210
57243399,11703,196
57243630,31,210
57244036,12,210
57244836,10,210
57245275,12,210
57245412,8,210
57245709,31,210
57246010,32,210
57246402,32,210
57246878,31,210
57248486,33,210
57248920,10,210
57249267,9,210
57249555,9,210
57249868,3991,178
57250000,12,210
57250153,12,210
57250359,10252,38
57250496,22,210
57250843,87,210
57251114,149,210
57252649,12354,61
57253908,3689,178
57255102,11812,196
57255176,59,196
57257650,3701,178
57260612,10415,38
57261392,3672,178
57265037,12152,61
57265071,3695,178
57266916,11746,196
57266989,61,196
57268812,3676,178
57271028,10438,38
57272494,3674,178
57276175,3643,178
57277048,4573,61
57277155,12142,61
57278663,12068,196
57278737,59,196
57279855,5,178
57279921,5,178
57279986,5,178
57280052,904,178
57280117,904,178
57280177,954,178
57281021,920,178
57281330,68,43
57283244,68,61
57283313,50,43
57283365,39,43
57283407,208,43
57283617,252,43
57283871,229,43
57287451,4565,61
57288315,6176,146
57288456,15893,146
57288566,8943,146
57290732,12941,196
57290806,59,196
57291952,4485,61
57294779,306,146
57296374,4809,61
57296786,3272,61
57301119,4140,61
57303670,12032,196
57305197,4482,61
57305775,7,74
57306203,7,74
57306304,3724,178
57306542,8,74
57309617,3954,61
57310038,3681,178
57313508,4572,61
57313773,3758,178
57315708,12119,196
57316532,138,210
57316892,26,210
57316975,60,210
57317204,74,210
57317569,3717,178
57317975,5,210
57318039,4146,61
57318080,5,210
57318132,7,210
57318209,5,210
57318440,7,210
57318523,9,210
57319105,70,210
57320149,100,210
57320503,114,210
57321306,3689,178
57322123,4737,61
57323555,26,210
57323751,91,210
57324403,82,210
57324678,73,210
57325042,3707,178
57325047,69,210
57325602,92,210
57325951,64,210
57326798,4526,61
57327829,11627,196
57328768,372,210
57328779,4231,178
57328918,438,210
57330291,303,210
57331822,123,210
57333056,3699,178
57336792,3691,178
57338941,12820,61
57339457,12215,196
57340526,3697,178
57344261,3686,178
57347996,3827,178
57351673,11753,196
57351814,12082,61
57351851,909,178
57351853,64,61
57351916,908,178
57351981,907,178
57352825,908,178
57352891,909,178
57353735,908,178
57353800,908,178
57354644,909,178
57354710,909,178
57355555,909,178
57355620,958,178
57356465,905,178
57356530,919,178
57357375,905,178
57357439,906,178
57358344,909,178
57358408,910,178
57359253,915,178
57359319,940,178
57363426,12119,196
57363846,12640,61
57364732,4197,71
57367731,64,43
57368427,9075,61
57368905,337,61
57369722,53,43
57369778,42,43
57369822,241,43
57370065,308,43
57370375,302,43
57371347,145,5
57371472,12934,110
57371502,1308,5
57374111,3950,61
57374739,329,95
57376693,296,95
57377209,9,21
57377505,13,21
57377977,13,21
57378061,5759,61
57378343,14,21
57378420,460,95
57378491,12,21
57378772,14,21
57378817,3055,61
57378964,8018,58
57379114,13,21
57379406,14,21
57379907,15,21
57380193,1116,76
57380208,13,21
57380488,899,95
57381252,10484,38
57382169,1244,61
57382198,5074,95
57383263,1582,70
57383757,5404,61
57383913,7474,22
57384642,9246,61
57385314,852,62
57386579,1247,95
57386700,14,21
57386980,2180,62
57387075,14,21
57387687,153,21
57387713,4260,178
57387942,3979,95
57387983,9259,95
57388130,5,146
57388177,1193,146
57389139,7,146
57389156,4312,61
57390685,218,5
57391222,5,146
57391289,1569,146
57391503,176,1
57391529,1883,146
57392060,547,76
57392121,3967,178
57392278,54,1
57392476,10,205
57392593,755,1
57392893,3296,95
57393412,4293,61
57393766,7318,5
57394288,1646,146
57394362,490,21
57395533,794,1
57396099,3694,178
57396145,46,22
57397030,753,1
57397705,4131,61
57398609,192,95
57399838,3775,178
57400182,1470,1
57400452,325,76
57400736,168,61
57401612,543,36
57401818,4090,61
57402423,117,76
57402850,96,76
57403019,426,1
57403246,16449,36
57403342,2481,22
57403639,3701,178
57405027,1723,211
57405846,4505,61
57407126,1223,211
57407376,3694,178
57407845,1481,70
57410291,3976,61
57411111,3706,178
57412822,61,196
57414207,4202,61
57414848,6805,178
57415999,107,71
57416107,5460,71
57416416,162,1
57416742,2541,1
57416831,96,210
57417231,2038,210
57419450,8350,210
57419561,6169,1
57420285,25,210
57421121,66,210
57421715,8079,178
57421774,13,210
57421950,24,210
57422217,25,210
57422525,25,210
57422938,420,22
57423293,10300,38
57423586,8434,71
57424305,136,210
57424440,25,210
57424470,3895,210
57424860,12057,196
57426848,11751,61
57428964,16,210
57429845,3689,178
57433582,3688,178
57433597,10224,38
57437319,3689,178
57438601,12515,61
57441054,3684,178
57443822,10345,38
57444791,3735,178
57448588,3683,178
57449854,12931,196
57451115,13808,61
57452323,3711,178
57454131,196,43
57456063,3936,178
57456064,70,61
57456235,51,43
57456289,49,43
57456340,200,43
57456543,271,43
57456816,373,43
57457468,103,21
57457739,60,21
57458082,56,21
57458576,59,21
57458827,8813,36
57459197,60,21
57459592,60,21
57459940,803,21
57460043,3694,178
57460112,840,1
57460170,5024,61
57462338,7647,146
57462365,136,21
57462671,173,21
57463471,747,5
57463544,165,21
57463779,4083,178
57464065,87,1
57464344,67,206
57464780,844,1
57465132,4602,61
57465512,9,206
57465536,923,206
57465618,1259,146
57466042,777,71
57466492,1333,71
57466873,113,54
57467210,19,54
57467249,199,1
57467474,220,54
57467636,165,21
57467824,849,1
57467927,2889,146
57467940,31,54
57468053,5199,178
57468130,5480,5
57468194,8786,36
57468320,216,54
57468345,169,21
57468665,4583,71
57468811,30,54
57468815,108,21
57469493,222,54
57469707,176,21
57469723,1630,211
57469731,5816,61
57469735,1620,1
57470239,977,21
57470832,1738,146
57470865,12913,206
57471394,995,211
57471522,52,64
57471623,1251,64
57471763,890,21
57473301,3614,178
57473636,491,1
57473857,1345,64
57474170,637,1
57474578,743,211
57474808,301,1
57475110,1416,1
57475133,4196,21
57475330,1849,64
57475511,5945,61
57476922,5,178
57476986,5,178
57477051,5,178
57477221,3685,178
57477513,1417,1
57477877,1879,40
57479701,5556,64
57479754,931,95
57480963,4364,178
57481395,7255,61
57481676,3482,40
57481815,4169,71
57481900,7355,210
57482005,2107,54
57482545,138,1
57482686,530,1
57483000,8779,36
57483650,199,80
57485210,579,99
57485239,1265,21
57485296,2598,64
57485375,3686,178
57486056,21078,70
57486534,1228,5
57486842,171,99
57487696,26,99
57487902,1159,64
57488019,316,99
57488585,4483,61
57488800,980,99
57489072,926,64
57489184,1803,178
57489676,3526,36
57489954,10588,38
57489988,11,210
57490026,3043,64
57490164,354,1
57490214,538,99
57490386,39,210
57490519,4473,1
57490768,497,99
57490827,212,80
57491171,51,178
57491250,3741,178
57491391,25,210
57491436,114,80
57491595,99,80
57493036,4869,61
57495393,26,210
57497834,4354,61
57497988,68,80
57498924,655,210
57500910,8397,71
57501305,26,210
57501374,79,210
57501600,123,210
57501842,22,210
57501866,34,210
57501963,58,210
57502129,4455,61
57502835,197,210
57504030,1289,64
57504669,96,210
57505292,89,210
57505510,23,210
57505809,597,210
57505991,73,1
57506418,45,1
57506469,545,64
57507102,3647,210
57507134,17694,70
57507180,71,1
57507559,124,1
57507786,15,1
57508752,10,70
57509104,6467,70
57509776,161,1
57509940,312,1
57510166,10728,38
57510300,363,1
57511178,52,1
57511426,62,1
57511529,17,1
57511718,88,1
57511835,98,1
57511957,115,1
57512078,25,1
57512114,13253,196
57512298,4214,1
57515936,13772,61
57516480,4395,13
57520907,4287,13
57524830,6496,70
57525196,4505,13
57525366,12543,196
57525444,58,196
57529704,10689,13
57529710,12649,61
57531328,6311,70
57536871,3033,71
57537913,23,196
57539945,17,61
57540394,8360,13
57540531,76,43
57541999,2736,110
57542502,49,43
57542553,39,43
57542594,181,43
57542777,265,43
57543044,231,43
57543438,733,1
57544147,6657,5
57545252,2847,1
57545965,1477,40
57546084,229,21
57546811,4468,61
57548045,25,40
57548075,1023,40
57548482,1119,21
57548757,8333,13
57549102,1889,40
57549155,966,5
57549724,723,21
57550829,454,36
57551217,4150,61
57551980,951,1
57552259,59,178
57552352,1331,178
57552841,3709,99
57552889,1589,5
57553205,1731,40
57553467,1580,64
57553600,11246,139
57553734,7236,178
57553973,2269,36
57554531,11773,5
57555302,7043,61
57555573,1529,40
57556491,3876,1
57556853,16145,70
57557088,8253,13
57558573,1222,58
57559398,2859,36
57559778,107,80
57560056,288,80
57560407,65,80
57561025,3819,178
57562061,16,80
57562230,553,58
57562300,120,80
57562303,9405,61
57562491,121,80
57562873,128,80
57563267,3870,1
57563287,160,80
57563475,214,80
57563791,116,80
57563919,452,21
57563941,58,80
57564571,296,80
57564889,4662,178
57564995,109,80
57565346,13312,13
57566634,236,80
57566840,1423,203
57567010,214,80
57567036,232,99
57567319,271,80
57567490,179,80
57567706,129,80
57567931,52,80
57568556,129,80
57568592,1727,38
57568593,40,36
57568600,141,5
57568750,3575,80
57569377,3857,1
57569557,3849,178
57570389,1374,38
57571457,40,36
57571634,5242,36
57571641,4936,61
57571937,3780,58
57573418,3717,178
57573735,3768,1
57574005,737,99
57574847,6,64
57575586,647,99
57576182,105,210
57576572,7445,61
57576818,6566,38
57576834,3059,210
57577160,3983,178
57577413,1404,99
57577554,3974,1
57577722,1468,58
57578277,4,86
57578660,5092,13
57579093,4301,210
57579215,5837,58
57579267,308,99
57579660,52,54
57579952,4063,54
57581205,3848,178
57581314,1868,36
57581721,3398,210
57582823,67,80
57583079,189,80
57583279,255,80
57583316,17,5
57583743,1285,80
57584889,10,210
57589408,728,1
57591446,222,1
57591688,944,1
57592633,249,1
57592737,13257,70
57592961,163,1
57593050,201,1
57593412,190,1
57593602,3191,210
57593647,359,1
57593799,8368,71
57594029,8103,1
57594663,957,54
57595006,6532,38
57602138,363,54
57605575,358,54
57605994,14040,70
57607133,8812,36
57610603,316,54
57611504,248,54
57612441,224,54
57612734,206,54
57613774,183,54
57615543,190,54
57617296,93,54
57622737,2535,71
57626930,114,43
57646622,1368,178
57648775,376,54
57649169,149,212
57649777,5203,36
57651547,7981,38
57651567,5,178
57651581,805,5
57651616,213,47
57651633,7,178
57651740,5,178
57651807,3685,178
57652164,888,21
57652248,3376,5
57652454,13,135
57652527,413,135
57653861,66,21
57654858,6498,38
57655041,647,21
57655286,2387,139
57655548,3671,178
57656520,602,54
57657215,580,54
57657918,192,21
57657949,2836,40
57658218,468,54
57658446,86,21
57658675,113,210
57658719,465,54
57658788,12386,5
57658809,825,210
57659234,3685,178
57659628,9,210
57659717,1361,210
57661021,2174,40
57661852,135,1
57661987,971,1
57662524,120,210
57662726,31,210
57662759,1122,210
57662959,1615,1
57662977,3678,178
57663051,2437,139
57663754,503,5
57663838,8530,36
57664364,17389,54
57664522,8684,70
57666719,3695,178
57668474,2565,139
57670456,3711,178
57673539,37,210
57674193,6114,178
57674419,959,210
57675377,3295,1
57675890,6164,139
57678543,6494,38
57679879,3958,70
57680339,3944,178
57681833,24349,5
57684319,5008,178
57685039,6512,38
57685224,11237,54
57686181,14901,70
57686427,10109,70
57689379,6382,178
57691550,6471,38
57695824,5833,178
57698023,6761,38
57701695,3691,178
57705435,3678,178
57706627,9845,70
57707997,5993,71
57709170,3677,178
57712906,4018,178
57713331,63,43
57715265,46,43
57715313,49,43
57715364,214,43
57715580,206,43
57715789,627,43
57716466,9478,70
57716740,12346,5
57716943,3591,178
57717166,4238,61
57717195,12632,61
57717244,12011,196
57717711,75,5
57718848,3834,1
57720561,3717,178
57721283,186,21
57721344,3949,61
57721736,30,21
57722471,30,21
57722873,29,21
57723126,34,21
57723609,1346,64
57724115,44,21
57724304,3719,178
57724964,1510,64
57725257,4318,61
57725280,66,21
57725954,8026,70
57728045,3699,178
57728116,1277,47
57728160,45,21
57729323,1253,146
57729573,4017,61
57729696,33,21
57730504,34,21
57730577,4295,38
57730936,53,21
57731359,17,1
57731650,35,21
57731783,3714,178
57732463,1753,36
57732938,316,1
57733070,2005,64
57733526,4336,61
57733983,8736,70
57734406,308,36
57734805,595,36
57735530,3718,178
57735658,8,1
57735732,119,1
57736910,1820,36
57737795,2378,64
57737800,3944,61
57739008,71,21
57739268,3690,178
57740103,1701,5
57740394,34,21
57741233,33,21
57741681,4293,61
57741819,75,21
57741859,5767,38
57742106,1857,5
57742223,63,21
57742240,11,1
57742730,3615,70
57743006,3690,178
57743166,9,1
57743319,8,1
57743421,48,21
57743424,8,1
57743469,8,1
57744099,187,21
57744657,14822,5
57745572,3116,26
57745948,4029,61
57745976,61,61
57746545,9,21
57746746,4193,178
57747409,137,5
57747584,1286,64
57747719,15,38
57748374,13,21
57748889,3552,64
57748993,330,21
57749305,1183,21
57749915,4317,61
57750189,133,210
57750366,597,210
57750675,40,21
57750741,283,21
57750968,3877,178
57751292,355,21
57751433,483,21
57752251,240,21
57752885,170,21
57752993,34,210
57753081,75,210
57753340,276,210
57754109,265,21
57754211,4005,61
57754482,1583,26
57754722,59,54
57754887,3692,178
57754949,515,210
57755398,271,54
57756013,7835,26
57756156,36,54
57756254,62,54
57756506,2704,54
57758153,4351,61
57758626,6706,178
57759136,73,210
57759226,8,38
57759265,70,210
57759706,1654,210
57760299,8779,36
57760364,5759,210
57762302,10,1
57762443,5581,61
57762529,18,1
57762994,25,1
57763056,506,208
57763255,21,1
57763581,17,1
57763899,19,1
57763917,217,208
57764177,25280,5
57764383,16,1
57765347,12,1
57765374,4196,178
57765511,17,1
57765868,17,1
57766079,16,1
57766206,61,1
57766573,62,1
57766756,62,1
57766831,95,1
57766925,60,1
57768864,8166,70
57769592,3687,178
57770349,12005,196
57773329,3890,178
57775076,12850,61
57777030,8258,70
57777323,3689,178
57781060,3717,178
57782354,12274,196
57784841,3695,178
57785289,8268,70
57787926,12700,61
57788661,3720,178
57792399,3685,178
57793558,15741,70
57794629,12987,196
57794702,60,196
57795262,6005,71
57796141,3689,178
57799734,46,43
57799878,3971,178
57800628,13601,61
57801008,8762,36
57801649,36,61
57801688,56,43
57801748,72,43
57801823,201,43
57802027,276,43
57802306,425,43
57803855,3686,178
57807145,4125,61
57807590,3684,178
57807617,12616,196
57809050,242,54
57809302,17022,70
57809542,258,54
57810527,239,54
57811008,8775,36
57811194,77,61
57811209,4704,61
57811327,3675,178
57815063,3691,178
57815912,4397,61
57818799,3683,178
57820231,12147,196
57820282,4977,61
57820310,59,196
57822538,3690,178
57825212,4031,61
57826273,3694,178
57826326,8783,70
57829180,4385,61
57830009,3681,178
57832382,12656,196
57833500,4232,61
57833749,3679,178
57833777,241,54
57834234,55,54
57834342,55,54
57834618,289,54
57835110,18720,70
57835410,290,54
57836306,62,54
57836977,260,54
57837487,3687,178
57837670,4831,61
57840618,51,54
57841224,3727,178
57842350,269,54
57842454,4279,61
57842748,14,36
57843569,273,54
57844239,1481,54
57844962,3687,178
57845055,12819,196
57845283,6822,36
57845761,2587,54
57846673,4199,61
57848701,3680,178
57851048,50,54
57851134,35,54
57852437,3675,178
57853534,2780,54
57853834,5944,70
57854698,2120,26
57855944,7968,26
57856172,4436,178
57857053,1506,54
57857326,23873,5
57860239,1581,54
57860275,11835,61
57860630,3687,178
57864366,3688,178
57864883,2257,54
57867160,2550,54
57868104,3677,178
57871840,3720,178
57872093,21,61
57872112,12319,61
57875576,3681,178
57879314,3872,178
57883229,3675,178
57884431,12204,61
57886134,71,43
57886964,3890,178
57888102,50,43
57888179,47,43
57888230,183,43
57888416,258,43
57888677,333,43
57890880,3684,178
57892131,4239,61
57894616,3666,178
57894837,12505,5
57896307,3880,61
57896420,6855,36
57898292,3685,178
57900123,4271,61
57902027,3716,178
57904332,4217,61
57905658,15779,146
57905747,12038,146
57905764,10892,178
57907504,2084,5
57907523,12740,5
57908485,4601,61
57910106,319,54
57910597,2777,54
57913024,4344,61
57913574,273,54
57913865,1715,54
57915615,473,54
57916667,6159,178
57917230,4508,61
57918237,4282,54
57921019,170,210
57921711,4880,61
57922275,85,210
57922625,82,210
57922869,282,210
57922872,4490,178
57923164,865,210
57923642,1392,210
57934132,23,188
57934222,1253,188
57935779,8416,71
57945302,11763,61
57967831,5602,71
57972532,78,43
57974475,87,43
57975481,150,1
57976177,8802,36
57976276,3699,178
57976735,1560,54
57978141,16,1
57978280,14,1
57978304,5029,54
57978644,15,1
57978751,15,1
57978880,239,1
57979732,3886,5
57980017,3678,178
57980332,15,1
57980461,178,21
57980530,14,1
57980839,217,21
57981264,15,1
57981420,15,1
57981500,230,1
57982167,2158,1
57982186,205,21
57983487,476,21
57983756,3722,178
57984332,33,21
57985034,30,21
57985038,2203,1
57985111,39,21
57985539,29,21
57985720,6262,26
57985737,2145,40
57986236,34,21
57986809,45,21
57987318,8836,36
57987376,65,21
57987498,3768,178
57987523,946,54
57988008,29,21
57988077,4486,40
57988512,52,21
57988863,55,21
57990486,62,21
57991170,14217,70
57991190,82,21
57991269,3757,178
57991566,76,21
57992112,164,21
57992912,36,21
57994519,55,21
57995072,3680,178
57996946,112,21
57997526,102,21
57998180,109,21
57998582,128,21
57998772,4501,26
57998828,5462,178
57999151,107,21
57999963,115,21
58000294,2677,64
58000576,156,21
58000759,6533,210
58001204,4828,36
58001476,177,21
58001767,924,210
58002292,3503,210
58002654,1514,54
58002700,1500,40
58002908,2563,5
58003177,18,177
58004324,6445,178
58004397,62,177
58006258,91,21
58006559,3940,26
58006625,10,177
58006943,38,177
58007261,253,61
58007278,12108,61
58007431,3196,40
58007524,4550,61
58007946,3911,80
58009755,15266,5
58010187,8849,36
58010317,1377,54
58010637,436,40
58010803,4176,178
58012010,4078,61
58012829,10,177
58015024,4444,178
58016026,4337,61
58018239,34,210
58018268,3300,210
58018666,3561,210
58019487,5398,178
58020302,5102,61
58020652,14114,26
58021142,1386,40
58024909,3864,178
58025219,2681,40
58028960,4172,178
58029020,2602,40
58029733,24441,5
58031909,1351,40
58032411,12601,61
58033179,3772,178
58033691,311,40
58036977,3688,178
58040713,3684,178
58044450,3691,178
58045012,11757,61
58048187,3684,178
58051926,3682,178
58055666,3691,178
58056770,12551,61
58058930,73,43
58059401,3902,178
58060813,60,61
58060878,54,43
58060934,50,43
58060986,185,43
58061173,254,43
58061429,335,43
58061802,95,21
58061891,3713,5
58061950,2422,5
58062028,26,36
58062077,3752,36
58063318,3738,178
58065616,160,5
58065832,4234,61
58066877,12406,5
58066932,3357,5
58067115,3704,178
58067432,86,177
58068104,371,177
58068895,1528,177
58070029,4294,61
58070067,37,61
58070853,3688,178
58070903,1509,54
58071700,9983,36
58071763,365,177
58072142,31,177
58072700,1513,54
58074190,55,177
58074294,3876,61
58074529,3761,80
58074593,7010,178
58074717,937,177
58075713,5890,177
58075786,33,21
58077490,1306,5
58078107,4434,61
58079677,95,21
58079952,3952,26
58080521,125,80
58080810,17,80
58081016,91,21
58081492,17,80
58081642,1781,177
58081646,3688,178
58081783,165,21
58081879,10855,70
58082119,967,5
58082478,3927,61
58082860,151,21
58083681,112,21
58084241,1698,177
58085167,425,5
58085384,4027,178
58085873,16,1
58086341,2922,61
58086971,9,177
58089332,2580,22
58089434,4042,26
58089436,939,178
58089469,134,21
58089735,76,21
58090093,3750,36
58090123,18,1
58090432,15,1
58090487,3730,178
58090588,77,21
58090952,51,21
58091178,53,21
58091499,33,21
58091817,1038,80
58092220,68,21
58092246,6,210
58092596,5,210
58092737,4,210
58092969,4,210
58092988,4890,40
58094227,4293,178
58094761,9930,70
58096248,576,22
58097013,1302,177
58097433,4224,61
58098480,2378,22
58098567,3694,178
58099818,11861,196
58099929,355,196
58100066,50,210
58100143,6,210
58100766,94,210
58101141,58,210
58101596,4017,61
58102304,3738,178
58102459,92,210
58102751,193,5
58103078,322,5
58103540,95,210
58104031,40,196
58104071,114,210
58104309,8828,36
58104565,94,210
58104693,9478,70
58105553,4389,61
58106102,3833,178
58106436,95,210
58108105,29,1
58108390,22,210
58108507,28,1
58108599,28,1
58108719,86,1
58108808,87,1
58108897,90,210
58109959,3684,178
58113695,3692,178
58114228,2282,22
58115820,11845,196
58115892,60,196
58116553,8870,70
58117431,3684,178
58117769,5689,26
58118103,11901,61
58121172,3699,178
58124907,3683,178
58125434,7910,70
58125534,3737,36
58127666,12188,196
58128643,3675,178
58130006,12661,61
58132380,3681,178
58133345,8802,70
58136116,3677,178
58139853,3691,178
58139856,13800,196
58142149,8265,70
58142666,14141,61
58143588,3685,178
58145330,69,43
58147210,59,61
58147270,57,43
58147323,36,178
58147330,46,43
58147378,253,43
58147390,6,178
58147454,12,178
58147520,952,178
58147585,909,178
58147634,313,43
58147650,756,178
58147949,344,43
58148495,739,178
58148560,74,178
58149339,3688,178
58150417,8872,70
58151516,4318,61
58151719,1356,40
58152186,10150,22
58153076,3687,178
58153814,421,21
58154632,351,21
58155445,21,21
58155481,167,21
58155764,206,21
58155811,4935,61
58155835,103,61
58156153,66,21
58156241,2966,21
58156813,3686,178
58159290,4500,70
58159464,3728,40
58159629,59,21
58160412,46,21
58160553,3656,178
58160681,5763,61
58161001,54,21
58161711,539,21
58162332,2766,26
58162398,88,21
58162770,3696,22
58162823,310,21
58162955,17,1
58163057,27,1
58163304,23,1
58163550,23,1
58163793,12005,70
58163911,573,21
58164221,45,1
58164232,3662,178
58164278,25,1
58164495,18,1
58164759,175,21
58165101,584,21
58165326,25,1
58166056,17,1
58166334,985,21
58166434,8035,61
58166505,60,61
58166935,35,1
58167073,255,1
58167247,12330,70
58167278,24,64
58167573,122,21
58167824,121,1
58167917,3659,178
58168048,170,21
58168338,138,21
58168436,1251,40
58168700,156,21
58170245,1345,146
58170307,109,1
58170587,117,1
58170817,112,1
58171259,66,1
58171335,25,1
58171376,17,1
58171510,150,22
58171581,30,1
58171599,3655,178
58172091,1784,26
58172332,17,1
58172597,16,1
58173116,5403,40
58173315,18,1
58173377,103,1
58173896,5992,26
58173970,61,26
58174076,103,1
58174414,9359,61
58174483,110,1
58174751,103,1
58174990,2962,22
58175288,3661,178
58175800,9018,70
58175883,216,196
58175911,170,196
58176046,102,1
58176292,102,1
58177610,276,196
58178969,3674,178
58178984,888,146
58179083,70,1
58179168,687,24
58179833,11,146
58179875,313,1
58180162,86,22
58180339,945,1
58180703,6,146
58181282,744,1
58181695,211,196
58182182,839,196
58182713,3655,178
58183503,274,24
58183758,5284,61
58183779,62,61
58184568,36,61
58184821,34352,70
58185028,1214,146
58186053,1252,61
58186390,3666,178
58188979,6424,61
58190068,3893,178
58190221,7314,26
58190995,174,1
58191590,143,1
58192012,171,1
58192273,956,1
58193629,1739,1
58193985,3663,178
58195384,2366,1
58195392,4114,61
58197661,3660,178
58200286,352,1
58200805,359,1
58201173,4712,1
58201337,3657,178
58204140,13377,196
58205012,3647,178
58208687,3671,178
58209481,14262,61
58212364,3650,178
58216039,3654,178
58217517,12444,196
58219176,7978,70
58219714,3650,178
58223391,3656,178
58223799,13189,61
58227072,16,178
58227137,6,178
58227201,6,178
58227265,910,178
58227329,910,178
58227395,910,178
58228239,910,178
58228306,877,178
58229150,810,178
58229965,12382,196
58232039,110,43
58235558,3909,178
58248928,55,43
58248986,49,43
58249037,213,43
58249042,65,21
58249252,293,43
58249285,8313,64
58249295,67,21
58249547,361,43
58249549,7020,22
58250155,1564,146
58250271,8,146
58250367,5335,26
58250405,296,1
58250769,1440,1
58251165,16,21
58251567,294,22
58252328,61,21
58252492,1522,1
58252557,72,24
58252670,20,21
58252862,4430,178
58252959,4291,61
58252971,17,21
58253111,530,24
58253332,329,21
58254016,7,1
58254152,2758,1
58254725,387,146
58255145,25667,146
58255712,228,21
58256002,130,196
58256228,189,21
58256579,5325,22
58256795,106,196
58256862,40,196
58256928,26749,146
58257208,4410,61
58257250,2110,168
58257315,86,196
58257324,5260,178
58257377,3583,1
58257594,672,21
58257657,5865,196
58258269,583,210
58258497,501,21
58258811,7744,64
58258852,934,210
58259437,11,40
58259468,13,40
58259595,179,40
58259761,291,83
58259787,264,40
58259793,414,21
58260067,35,40
58260085,1536,83
58260107,13,40
58260183,245,40
58260208,114,21
58260595,102,40
58260634,111,21
58260843,99,21
58260923,263,210
58261082,279,40
58261135,72,21
58261560,74,21
58261566,334,168
58261581,4534,61
58261914,7251,22
58262043,1478,168
58262435,100,83
58262502,1270,40
58262561,1230,21
58262567,4805,83
58262690,8475,178
58262794,42,210
58263116,98,40
58263449,951,22
58263502,217,196
58263615,5784,26
58263869,195,21
58263994,1026,196
58264238,81,40
58264666,28,210
58264750,50,40
58264804,625,21
58264846,2215,40
58265311,1978,196
58265344,60,210
58265546,571,21
58266077,151,210
58266112,5194,61
58266221,1069,21
58266601,1800,64
58267314,2523,40
58267488,2377,83
58268112,220,1
58268501,222,1
58268650,4890,196
58268827,1359,64
58269207,4798,22
58270056,586,22
58270457,152,64
58270826,678,83
58271187,7933,178
58271267,4840,61
58271307,29,210
58272070,267,210
58272271,56,83
58273272,267,83
58273324,717,21
58273523,6845,196
58274267,307,21
58274657,158,21
58274928,1026,21
58276042,4097,61
58278725,148,210
58279137,3925,178
58279972,168,40
58280130,4088,61
58280209,479,40
58281938,210,1
58282511,14,1
58282679,3238,22
58282768,13,1
58282982,13,1
58283116,6121,178
58283555,7051,40
58283870,14,1
58284726,13,1
58284898,15,1
58285402,20,1
58285664,21,1
58285756,252,21
58286116,23,1
58286448,18,1
58286652,283,83
58286667,96,1
58286785,95,1
58286880,142,1
58287033,133,1
58287252,1719,83
58287492,22231,1
58289259,3893,178
58290193,120,83
58291185,95,83
58291254,1276,40
58292977,369,83
58293186,3741,178
58293271,11943,61
58294140,460,83
58296020,11595,196
58296983,3730,178
58298835,107,83
58299232,228,83
58300720,6472,178
58300908,284,83
58301191,1278,83
58302470,15,83
58303049,6795,83
58305214,12392,61
58307224,5593,178
58307616,11627,196
58310640,1246,83
58312829,3660,178
58316505,3665,178
58317607,88,61
58318132,130,43
58319245,11861,196
58320158,1,43
58320160,47,43
58320167,73,1
58320179,3881,178
58320211,45,43
58320240,121,1
58320258,198,43
58320363,82,1
58320443,504,1
58320459,262,43
58320724,348,43
58320759,275,21
58320833,118,1
58321141,232,1
58321271,775,21
58322170,228,21
58322581,127,21
58323053,363,21
58324084,4424,61
58324097,4328,178
58324163,165,21
58324802,188,21
58325093,1248,40
58325790,107,21
58325902,40734,146
58326037,4,146
58326390,1274,40
58326892,243,196
58327135,22380,146
58327219,445,196
58327239,67,21
58327445,61,21
58327705,666,196
58328396,1264,21
58328405,1541,21
58328438,7569,178
58328442,4220,61
58328580,1843,196
58330212,74,21
58330424,609,196
58330701,195,21
58331350,116,21
58331359,1237,40
58331855,953,196
58331944,195,1
58331954,234,99
58332141,136,1
58332230,2567,168
58332301,132,1
58332610,4817,61
58332663,6497,26
58332728,164,21
58332807,777,40
58332921,3842,196
58332936,15202,22
58333027,90,21
58333265,302,1
58333626,86,1
58333650,351,40
58333700,1696,40
58333744,493,1
58334024,2201,21
58334617,301,1
58334949,141,1
58335557,323,168
58335648,1141,196
58336034,9478,178
58336794,4576,196
58337403,21,61
58337419,4381,61
58337467,3442,40
58337468,73,61
58337850,11,1
58340056,245,64
58340143,149,1
58340972,128,1
58341309,1446,196
58341735,109,1
58341740,4957,61
58341847,121,1
58341972,173,1
58342145,181,1
58342257,4963,40
58342833,6483,196
58342882,2740,21
58342941,163,1
58343635,43,54
58344122,3891,64
58344216,147,1
58344258,726,22
58345551,5791,178
58345859,2871,21
58346634,4593,61
58346698,60,61
58347002,122,1
58347015,46,54
58347393,45,54
58347635,133,1
58347915,97,1
58348114,55,54
58348645,3646,64
58348872,894,22
58348930,58,54
58348943,413,21
58348983,352,21
58349254,4073,196
58349491,141,1
58349529,1259,21
58350098,110,54
58350189,1917,26
58350305,140,1
58351166,4609,61
58351398,6984,178
58351833,138,1
58352036,135,1
58352213,2869,21
58352236,21,54
58352287,2278,26
58352313,17,1
58352388,18,1
58352439,119,1
58352744,21,54
58353316,4965,196
58353327,31,54
58353940,51,54
58354214,2780,64
58354362,21,54
58354541,1825,177
58355223,187,21
58355458,194,21
58355712,2203,61
58356272,23,54
58357552,876,61
58357653,568,26
58358289,83,61
58358391,6268,178
58358398,56,196
58358456,5582,196
58358561,86,61
58358653,3859,61
58359589,22,54
58360613,4883,26
58361230,22,54
58362242,21,54
58362488,84,61
58363992,12366,61
58364010,4431,61
58364719,3660,178
58365313,966,26
58368396,3660,178
58369898,112,1
58370630,120,1
58370749,109,1
58372071,4038,178
58372318,25,70
58372594,7,70
58372862,7,70
58373419,9,70
58373501,7,70
58373736,9,70
58374101,129,83
58374372,178,83
58374812,283,83
58375342,445,83
58376167,3661,178
58376298,12176,61
58378437,11912,196
58379842,3671,178
58383517,3657,178
58387191,3653,178
58388475,12778,61
58390350,11958,196
58390865,3659,178
58394540,3658,178
58398216,3653,178
58401253,23,61
58401890,3662,178
58402309,11911,196
58402382,60,196
58404530,90,43
58405564,64,178
58405628,942,178
58405694,911,178
58405757,31,178
58406519,52,43
58406577,42,43
58406603,910,178
58406622,237,43
58406670,908,178
58406735,907,178
58406862,350,43
58407214,301,43
58407579,909,178
58407645,910,178
58408490,909,178
58408556,909,178
58409401,909,178
58409467,961,178
58410312,905,178
58410378,919,178
58410785,4615,61
58411224,904,178
58411288,905,178
58412192,910,178
58412256,910,178
58413102,910,178
58413167,946,178
58414013,910,178
58414078,924,178
58414222,11965,196
58414924,904,178
58414990,918,178
58415336,3946,61
58415834,904,178
58415898,905,178
58416802,908,178
58416866,908,178
58417711,908,178
58417776,906,178
58418620,912,178
58418686,939,178
58419220,4219,61
58421412,24,54
58422059,22,54
58423377,4177,61
58423724,21,54
58424199,22,54
58425411,44,54
58425802,45,54
58426187,12721,196
58426398,46,54
58427491,4337,61
58430482,179,210
58431315,6,83
58431339,719,83
58431408,46,54
58431424,217,210
58431650,387,210
58431786,4046,61
58432106,1432,210
58434318,340,83
58434821,668,83
58435608,1260,83
58435770,5251,61
58445532,5273,80
58445995,6,201
58445999,4,201
58446018,5,201
58446086,14,196
58446158,4158,61
58468432,20,83
58577331,59,43
58581146,8594,178
58587567,48,83
58587582,37,83
58587621,48,43
58587671,61,43
58587734,282,43
58588018,301,43
58588038,3476,64
58588321,474,43
58589123,117,1
58589240,139,1
58589395,1151,201
58589405,380,201
58589415,512,201
58589439,8142,38
58589760,326,201
58590025,370,201
58590034,370,201
58590422,6435,201
58590427,5203,201
58590532,155,1
58590536,146,99
58590730,341,99
58590945,1177,54
58591069,200,1
58591298,133,99
58591471,387,99
58591557,2869,64
58591636,4217,61
58591839,30,54
58591906,436,201
58591946,4066,201
58591949,5236,201
58592212,238,54
58592218,750,99
58592798,229,80
58592962,217,1
58593188,353,99
58593795,851,99
58593906,19,54
58593963,1121,54
58594133,436,54
58594244,401,1
58594554,100,1
58594671,190,1
58594800,145,99
58594946,556,99
58595104,1316,54
58595682,350,99
58595811,4454,61
58596188,3655,178
58596402,27,212
58596451,1316,54
58596537,581,99
58597423,29,212
58597550,27,212
58597581,14,38
58598040,193,1
58598689,2368,168
58598883,272,1
58599040,50,212
58599298,51,212
58599305,245,1
58599753,2385,1
58599862,4094,178
58600108,1324,54
58600587,630,212
58601426,1337,201
58602105,110,99
58602176,802,40
58602190,25,61
58602575,1310,54
58602581,1084,99
58602662,35,61
58602757,10,210
58602760,2596,64
58603107,1016,210
58603322,74,61
58603960,4154,178
58604202,798,210
58604331,2423,99
58604762,41,36
58604865,373,36
58605086,94,210
58605202,3085,1
58605860,557,64
58605893,452,210
58606544,106,210
58606968,207,188
58607184,112,188
58607701,1438,54
58607740,62,210
58608123,3712,178
58608240,199,210
58608905,24,54
58608915,38,61
58609034,26,61
58609177,55,54
58609188,1497,168
58609220,858,54
58609356,24,61
58609387,1272,64
58609521,616,212
58609618,18,38
58609811,69,38
58610128,72,38
58610154,117,54
58610698,6,83
58610703,58,83
58610792,1701,83
58611070,76,61
58611234,1219,64
58611756,43,54
58611787,38,61
58611827,156,54
58611866,5872,178
58612025,144,54
58612406,17,212
58612469,18,38
58612492,4485,83
58612498,273,212
58612552,37,61
58613290,1288,36
58614261,10,1
58614449,7,1
58615009,8,1
58615197,5142,1
58615228,23,38
58615336,21893,38
58615430,26,38
58616059,137,54
58616716,145,54
58616975,3161,83
58617549,142,54
58617765,3658,178
58618543,142,54
58618755,848,54
58619346,279,168
58620019,75,61
58620331,1563,54
58620488,28,61
58620499,37,61
58621439,3669,178
58625113,3663,178
58626023,136,1
58626160,106,1
58626267,1227,1
58626679,459,36
58627585,63,1
58627648,79,1
58627728,61,1
58627791,7,1
58627883,47,40
58628178,145,1
58628400,241,1
58628739,36,1
58628786,4605,178
58628817,187,1
58629482,1398,1
58629828,119,210
58629932,8444,1
58629955,1163,83
58632551,52,83
58632603,198,83
58632880,6102,83
58633423,7203,178
58634938,1170,54
58636155,169,54
58637354,271,54
58638981,10464,83
58639195,273,54
58639643,1167,54
58640645,9532,178
58641397,655,54
58641862,806,80
58642073,262,54
58642751,224,54
58642873,14877,80
58644172,205,54
58646066,1171,54
58647286,180,54
58647704,140,54
58648104,270,54
58648421,185,54
58648872,290,54
58649389,281,54
58649806,320,54
58650214,7036,178
58651318,150,54
58653395,328,54
58653979,325,54
58654708,281,54
58657260,7,178
58657324,8,178
58657389,7,178
58657453,904,178
58657519,910,178
58657583,922,178
58657772,164,80
58658428,908,178
58658495,963,178
58658496,10376,80
58659339,904,178
58659405,908,178
58660310,910,178
58660375,911,178
58661220,910,178
58661287,910,178
58662131,910,178
58662198,930,178
58663043,911,178
58663110,44,178
58663731,11183,43
58663955,915,178
58664022,941,178
58668392,41,61
58669108,4735,178
58669566,19,70
58670255,70,21
58675676,3936,61
58675691,12348,61
58675788,12076,196
58677270,989,99
58677953,8038,38
58678403,7517,1
58678499,607,177
58678606,1143,99
58679216,451,177
58679500,67,210
58679667,416,177
58679797,1049,99
58680191,353,177
58680393,152,21
58680554,1757,64
58680566,260,177
58680877,2671,99
58680995,4618,61
58681008,141,210
58681455,585,177
58681464,41,210
58681688,293,212
58681713,33,210
58681803,4537,178
58682119,130,21
58682336,4410,64
58682378,169,177
58682535,49,210
58682862,73,210
58683127,17,212
58683971,1202,38
58684472,1756,40
58684567,43,210
58684611,251,210
58684960,186,210
58685551,4171,61
58685666,360,21
58685670,43,210
58685991,6587,38
58686183,23,210
58686188,80,21
58686196,647,21
58686219,541,210
58686313,1505,43
58686364,16,212
58686385,3693,178
58686442,284,212
58686518,1323,36
58686733,3911,1
58687086,75,21
58687202,305,21
58687295,120,177
58687832,12,13
58687895,179,13
58687924,22,21
58688100,542,21
58688124,1280,13
58688950,1227,99
58689346,3134,21
58689617,13,13
58689629,4473,13
58689660,4909,61
58689783,219,40
58690119,3720,178
58690290,453,212
58690515,209,40
58690844,291,40
58691496,154,177
58691593,390,40
58692084,75,40
58692243,5295,1
58692431,1310,40
58692500,81,210
58692640,637,21
58692926,89,54
58692979,884,210
58693185,376,54
58693800,69,177
58693855,3654,178
58694032,164,177
58694059,769,212
58694104,9990,13
58694147,572,21
58694500,3960,61
58694824,433,21
58695211,71,40
58695305,88,40
58695338,285,177
58695383,427,21
58695413,1227,40
58695764,2609,99
58696031,1846,36
58696433,4711,21
58696743,1616,168
58697209,18,40
58697536,3657,178
58697990,118,177
58698147,70,1
58698207,268,54
58698297,12982,38
58698434,4301,61
58698501,389,1
58698768,86,177
58698896,2928,1
58699169,89,177
58699261,1020,54
58700645,77,177
58701202,87,177
58701218,3655,178
58701375,378,177
58701881,500,177
58701928,4802,1
58702673,4144,61
58702848,4728,134
58703061,130,177
58703818,116,177
58704095,9455,13
58704434,146,210
58704894,3669,178
58705038,151,210
58705924,3264,21
58706754,4279,61
58707607,27,54
58707850,969,54
58708568,3647,178
58710437,131,210
58711002,5414,61
58712243,3654,178
58713554,8309,13
58714314,4197,1
58715610,9,210
58715916,3677,178
58717039,7,210
58718495,67,54
58718595,1033,54
58719363,7,210
58719651,3687,178
58720088,7,210
58720281,10,210
58720884,12,210
58720895,11770,196
58721865,8883,13
58721967,1662,54
58722172,12920,38
58722374,12,210
58722654,13,210
58722929,8,210
58723250,12,210
58723325,20,61
58723342,12547,61
58723384,3659,178
58723408,59,61
58723688,12,210
58724019,1653,54
58726688,1740,54
58727058,3667,178
58730732,3774,178
58730750,8021,13
58732606,11931,196
58734526,3653,178
58735870,11963,61
58738199,3650,178
58738774,8738,13
58741873,3662,178
58744537,13058,196
58745546,3654,178
58747512,7672,13
58747835,13705,61
58749220,3833,178
58750131,158,43
58752172,47,43
58752221,48,43
58752272,240,43
58752515,303,43
58752537,11128,1
58752820,328,43
58753436,392,21
58753841,1375,21
58754527,2951,70
58755187,8020,13
58755664,2759,21
58757007,188,1
58757198,24,21
58757376,1307,1
58757385,3929,61
58757416,31,21
58757417,25,61
58758013,23,21
58759405,1391,96
58760501,27,21
58760856,2200,21
58761252,4684,61
58761382,24314,146
58763209,17208,13
58763305,9971,134
58763788,155,21
58763950,6315,1
58764041,337,168
58764116,947,212
58764155,4167,21
58764284,3175,38
58764529,1992,168
58765164,13043,146
58765210,1389,96
58765588,32,21
58765873,4219,61
58766228,11,178
58766282,6,178
58766322,6029,178
58766381,2292,40
58766690,791,99
58767523,310,99
58768361,41,212
58768765,3050,21
58768794,571,64
58768841,63,40
58769292,940,212
58770054,5667,61
58770255,1108,54
58770273,42,1
58770590,2357,64
58770862,423,212
58771181,275,1
58771794,36,21
58771871,31,21
58772031,231,1
58772117,457,40
58772179,170,21
58772213,24,210
58772815,562,21
58773502,4886,178
58773613,7000,21
58774188,7010,134
58774368,1234,38
58774395,550,212
58774710,1587,64
58774716,25,210
58774810,183,1
58775327,200,1
58775656,5064,61
58775751,197,1
58775957,82,210
58776380,1210,210
58776389,1436,64
58776510,177,1
58776785,195,1
58777271,196,1
58777592,180,1
58777959,205,1
58778445,3667,178
58778627,197,1
58778870,4633,1
58779906,3896,64
58780417,8825,13
58780658,5441,61
58781687,6489,134
58782122,3661,178
58782304,2477,21
58782403,2473,134
58783586,3127,5
58784164,1590,210
58784759,597,1
58784889,7215,134
58784955,5016,64
58785369,6733,1
58785486,208,40
58785504,509,99
58785797,3649,178
58785959,8,210
58786036,6993,61
58786124,312,40
58786630,238,40
58786957,70,40
58786984,9,210
58787044,8,40
58787081,101,40
58787261,28,40
58787479,8321,38
58787989,102,210
58788730,15,210
58789221,211,54
58789302,20,134
58789518,3654,178
58790130,226,168
58790140,9,210
58790143,208,54
58790240,5,210
58790310,6,210
58790342,12,210
58790419,8,210
58790489,1552,168
58791003,9,210
58791323,1870,64
58791589,10,210
58791891,10,210
58792328,5748,13
58792382,29,210
58792967,4909,61
58793105,278,168
58793123,145,210
58793158,140,54
58793191,3685,178
58793533,95,210
58794220,46,210
58794749,49,210
58795131,11,210
58795151,59,196
58795310,23,210
58796734,42,1
58796756,1668,54
58796821,4592,1
58796927,4235,178
58797815,3911,61
58798078,5403,13
58798710,88,188
58798929,1170,188
58799230,114,210
58801209,3649,178
58801296,1214,188
58801556,187,212
58803482,23026,13
58804883,3650,178
58808133,13292,196
58808556,3653,178
58811520,14830,61
58812229,3662,178
58815912,3653,178
58820300,1089,54
58821425,12509,196
58822784,23,54
58822876,68,54
58822992,3948,54
58823691,2794,54
58826353,12084,61
58833937,11486,196
58839978,3797,178
58840102,830,21
58840608,12013,61
58841014,39,21
58841422,825,21
58842240,36,21
58842499,1271,40
58842681,4113,61
58843201,57,21
58843413,296,21
58843833,4343,178
58843869,1257,40
58843980,616,21
58844684,314,21
58845390,238,21
58845559,175,209
58845761,125,21
58846124,1407,40
58846132,613,21
58846248,52,209
58846301,89,209
58846426,18,134
58846754,8094,38
58846772,6360,61
58846795,487,21
58846796,44,61
58846801,1678,1
58846912,96,209
58847461,5057,21
58847951,1607,64
58848231,3652,178
58848299,10,212
58848430,17,212
58848495,17,212
58848921,80,168
58848941,11115,1
58848972,27,168
58849013,921,168
58849310,563,40
58849964,304,212
58850058,980,40
58850726,5385,134
58851155,200,40
58851376,593,212
58851907,3648,178
58852420,588,212
58852484,1429,40
58853068,4336,61
58853520,1708,168
58853932,210,40
58854234,1288,40
58854839,689,99
58854848,8042,38
58855586,3665,178
58855594,36,40
58855664,236,40
58855803,15,212
58856206,269,212
58856400,1515,40
58856771,269,212
58857272,3116,134
58857340,5453,61
58858426,529,212
58859069,299,212
58859135,5086,21
58859262,3664,178
58859751,304,212
58861256,15,21
58861568,4048,134
58861998,9,210
58862215,5,210
58862361,13,210
58862728,7,210
58862791,5136,61
58862824,12,210
58862937,3664,178
58863133,233,99
58863376,14,210
58863698,20,210
58864051,8121,38
58864395,9,210
58864626,27,210
58864895,584,212
58866211,85742,64
58866258,33270,146
58866475,17,21
58866614,4359,178
58866841,16,21
58867077,1970,188
58867352,11164,1
58867619,412,168
58867631,53,210
58867862,4254,61
58867968,6990,134
58868221,54,210
58868232,2004,168
58868418,105,21
58868779,1152,21
58869720,1025,212
58869957,20,21
58870367,168,21
58870705,9,210
58870846,50,210
58871010,3729,178
58872054,4457,61
58872281,47,210
58872797,876,212
58872921,5456,134
58873124,33,210
58873611,33,210
58873689,1343,38
58873747,530,212
58874281,32,210
58874558,317,212
58874744,3800,178
58875218,311,212
58875529,40,210
58875579,1013,38
58875679,9,210
58876449,4030,61
58877017,310,212
58877151,10,210
58877362,720,38
58877505,11011,54
58877725,27,210
58878598,3754,178
58878620,10,210
58879061,1822,1
58879473,2742,134
58879669,25,210
58879833,327,168
58880151,12,210
58880248,24,210
58880415,4819,61
58880863,2041,54
58881411,9,210
58881451,42,210
58881474,11179,1
58882393,7049,178
58885206,20,61
58885227,4215,61
58887396,16,64
58887548,1209,188
58891238,13980,70
58891436,1178,70
58897218,21,61
58897236,12070,61
58899552,20,196
58911006,11841,196
58915120,8670,70
58921005,6497,178
58922931,125,43
58923793,8498,70
58924827,61,61
58926616,11175,1
58926855,199,188
58927083,917,188
58927285,724,188
58927566,3867,178
58928998,3946,61
58929022,38,61
58931061,29,21
58931384,77,21
58931480,3784,178
58932118,66,21
58932293,8597,70
58932544,4471,134
58932880,6878,61
58933294,8045,38
58933402,79,21
58933478,312,212
58933512,8195,64
58933599,780,188
58933628,116,21
58933926,121,21
58934432,40,21
58934736,35,21
58934739,1176,188
58935273,3664,178
58935556,80,21
58936499,73,21
58936742,73,21
58937140,71,21
58937541,73,21
58938040,8630,1
58938305,73,21
58938631,68,21
58938771,60,99
58938843,92,99
58938947,5104,178
58939423,145,99
58939449,18,134
58939616,146,99
58939694,4706,61
58939878,465,99
58939894,139,21
58940449,1999,99
58940891,4696,70
58940990,44,21
58941157,136,21
58941406,3666,21
58942941,3978,134
58943107,5166,210
58944064,3669,178
58944187,2551,134
58944336,6029,61
58944963,24,210
58945511,13,21
58946030,37,210
58947075,587,21
58947244,8,210
58947320,7,210
58947738,4040,178
58947745,13,21
58947783,1289,99
58947884,340,99
58948417,10,210
58948481,591,99
58948838,1710,188
58948864,8,210
58949015,6,210
58949824,89,21
58950231,600,21
58950235,2845,1
58950302,4716,61
58950904,129,21
58951368,11017,70
58951403,39,21
58951487,855,99
58951550,794,99
58951694,73,21
58951833,3872,178
58952036,133,21
58952247,174,21
58952849,167,21
58953070,12021,64
58953201,119,21
58953358,22239,1
58953501,109,21
58953540,140,99
58953629,164,212
58953943,122,21
58954125,123,99
58954289,2248,99
58954346,2144,99
58954955,5323,61
58955030,157,21
58955382,361,21
58955579,4349,134
58955616,8178,38
58955750,3673,178
58955969,137,21
58956230,96,21
58956498,84,21
58956719,1103,21
58956740,10,176
58956887,290,176
58957876,20,21
58957962,134,188
58958271,164,188
58958913,11384,21
58958918,4458,134
58959424,117,208
58959484,3675,178
58959831,96,208
58960229,4079,61
58960278,236,80
58960528,233,80
58960711,157,212
58961072,15524,80
58961162,323,212
58961687,4648,134
58962388,8763,70
58962822,554,212
58963222,3670,178
58964247,4335,61
58966529,1408,168
58966956,3662,178
58967490,116,210
58968450,39,210
58968544,4634,61
58968582,33,210
58968724,35,210
58970630,6614,178
58971152,4776,70
58975930,9013,70
58977251,3651,178
58980591,12856,61
58980924,3651,178
58982401,11714,196
58984597,3649,178
58984946,8975,70
58988270,3661,178
58991946,3657,178
58993923,9084,70
58994116,12126,196
58995621,3658,178
58998427,12813,1
58999296,3651,178
59002971,3651,178
59003009,18223,70
59004832,12199,61
59006242,13059,196
59006645,3724,178
59009331,153,43
59010378,923,178
59010443,63,178
59010508,934,178
59010572,916,178
59011388,53,43
59011447,43,43
59011492,184,43
59011653,11183,1
59011678,255,43
59011935,282,43
59015797,5277,61
59019302,12888,196
59021012,4361,61
59021233,29011,70
59023082,167999,1
59025311,4660,61
59027313,17,21
59029959,4703,61
59031596,246,212
59031844,431,168
59031942,217,212
59032242,13446,196
59032270,62,196
59032325,169,212
59032435,1098,168
59033686,168,212
59034236,167,212
59034654,5102,61
59039745,4290,61
59044027,5522,61
59045391,25,210
59045687,13538,196
59046468,29,210
59047035,32,210
59048056,22,210
59048679,472,168
59048950,23,210
59049304,3787,168
59049541,4687,61
59050204,24,210
59050236,7481,70
59050403,78,210
59052210,19,86
59052339,876,86
59053182,50,210
59054221,4998,61
59055072,44,210
59056966,83,210
59059214,4485,61
59059228,11801,196
59059256,60,196
59062014,140,212
59062182,164,212
59063722,121,38
59063845,13071,38
59063950,169,212
59067233,166,212
59071031,11914,196
59071059,62,196
59071411,12511,61
59076912,13027,38
59081139,26,21
59081473,21,21
59082946,11788,196
59083925,12118,61
59083954,61,61
59094735,11817,196
59095732,162,43
59096044,12301,61
59097634,25,61
59097812,57,43
59097876,46,43
59097929,200,43
59098136,279,43
59098423,276,43
59102090,3917,61
59105999,4629,61
59106554,12094,196
59106581,60,196
59109914,1449,61
59110623,4017,61
59112286,1047,188
59114640,4405,61
59115923,707,188
59118191,91,188
59118546,144,188
59118649,12104,196
59119039,5668,61
59121161,17,70
59121169,12715,70
59121276,10036,70
59121819,78,188
59122050,47,188
59124690,7519,61
59130754,12128,196
59130783,60,196
59131307,9749,70
59132190,4805,61
59132216,56,61
59135383,178,210
59136387,20,210
59136834,15,210
59136988,4746,61
59137181,126,210
59139061,803,61
59139495,268,188
59140113,15,210
59140387,22,210
59141058,9255,70
59141729,4385,61
59141779,59,61
59142884,12071,196
59142911,61,196
59144801,1239,188
59145106,36,210
59147555,29,210
59148033,20,210
59148060,18,210
59148735,19,38
59148834,13004,38
59148860,19,210
59149445,92,210
59149546,3225,22
59150315,35867,70
59154051,12892,61
59154956,12038,196
59161834,13076,38
59166944,12115,61
59166995,11872,196
59167023,60,196
59178868,11664,196
59179060,12428,61
59182136,179,43
59184212,56,43
59184275,48,43
59184330,211,43
59184548,295,43
59184851,258,43
59185235,11273,21
59187822,3662,178
59188314,2698,22
59188387,4003,61
59191503,2185,178
59192333,1859,61
59193112,3928,1
59194126,8000,38
59195749,3652,178
59197781,2227,64
59198374,151,212
59198668,256,1
59198916,1777,22
59198979,4168,61
59199465,16,210
59199703,10,210
59199864,25,210
59200977,162,212
59201053,4362,178
59201392,104,22
59201476,163,212
59201511,6198,54
59202010,161,212
59202306,161,212
59202733,162,212
59203096,4019,61
59203147,163,212
59203242,2156,146
59203537,12914,146
59203823,591,146
59204052,151,212
59204997,2940,22
59205093,151,212
59205454,5948,178
59205493,241,212
59205571,3496,1
59207053,4313,61
59208367,14,210
59208532,46,210
59209098,3649,1
59209680,8042,38
59210861,133,212
59211024,150,212
59211253,195,210
59211260,50,22
59211345,4060,61
59211418,5696,178
59211461,161,212
59212387,954,210
59212475,162,212
59212733,1928,22
59213122,3952,1
59213160,9480,54
59214078,311,212
59214129,2714,58
59215283,217,210
59215389,4394,61
59216194,143,210
59216742,5163,13
59216854,5477,58
59217142,4183,178
59217351,3805,1
59217389,649,210
59217631,21,96
59218745,12909,38
59218769,1512,38
59219718,3986,61
59220071,605,146
59220107,367,22
59220471,19,96
59221242,19,96
59221360,3772,178
59221456,11,96
59221731,16320,146
59222004,24,96
59222694,19,96
59222840,17,96
59222885,7839,13
59222977,18,96
59223215,39,96
59223413,38,96
59223701,4350,61
59223704,18,96
59224335,19,96
59224757,21,96
59225068,23,96
59225168,3710,178
59225172,23,96
59225577,21,96
59226182,26,96
59226451,33,96
59227990,4468,61
59228904,3666,178
59230722,8744,13
59231394,8049,1
59232535,11,86
59232581,3659,178
59236257,3645,178
59239432,404,22
59239468,8820,13
59239814,346,1
59239934,3698,178
59240114,12996,38
59240183,4714,22
59240418,12654,61
59240420,374,1
59241597,28,96
59242037,26,96
59242349,47,96
59243669,3763,178
59243680,46,96
59244951,59,96
59245273,16638,54
59245404,68,96
59245835,8673,1
59246040,67,96
59247317,66,96
59247464,6,178
59247528,904,178
59247592,909,178
59247656,946,178
59247922,13,96
59248291,4437,13
59248333,37,96
59248501,908,178
59248566,950,178
59249410,918,178
59249476,913,178
59249701,11852,196
59250380,908,178
59250444,923,178
59251289,909,178
59251354,940,178
59252731,4432,13
59257165,4462,13
59261508,11956,196
59261628,8165,13
59264348,12133,61
59268531,91,43
59269794,4501,13
59270417,63,61
59270510,49,43
59270562,54,43
59270619,250,43
59270871,327,43
59271096,1289,1
59271200,311,43
59272372,8554,22
59272904,1162,1
59273989,3665,178
59274298,4625,13
59274800,4863,61
59275611,9737,21
59275688,17,21
59277664,3666,178
59278925,6299,13
59278943,278,1
59279551,46,96
59279601,4432,61
59279837,9699,22
59280096,15,96
59280266,274,1
59280632,20,96
59280811,273,1
59280850,16,96
59281125,41,96
59281340,3847,178
59281555,14,96
59281679,12,96
59282249,16,96
59282482,1552,134
59282604,21,96
59282623,1980,99
59282809,1786,99
59283683,1516,38
59283996,4982,61
59284987,2821,99
59285158,2649,99
59285173,2604,22
59285197,3908,178
59285225,9622,13
59285932,127,1
59286072,2472,1
59288303,792,38
59288961,4498,61
59288981,60,61
59289114,3945,178
59289449,1129,1
59290689,1556,1
59290908,519,22
59290929,565,99
59290988,1055,99
59291637,4873,38
59291803,239,99
59292128,707,208
59292277,703,1
59292363,1285,99
59292425,1210,99
59293093,3773,178
59293396,4768,61
59293529,126,96
59293746,1159,1
59293751,23,96
59294484,19,96
59294609,20,96
59294850,8244,13
59294906,2265,1
59294965,20,96
59295346,21,96
59295416,164,99
59295676,18,96
59295904,18,96
59296891,3711,178
59297003,16,96
59297227,14,96
59297343,998,1
59297420,14,96
59297707,14,96
59297815,15,96
59297981,11418,22
59297992,17,96
59298128,4238,61
59298166,47,61
59298170,11822,1
59298217,20,96
59298342,12,96
59298368,41,1
59298419,149,1
59298485,14,96
59298569,502,1
59298647,14,96
59298650,3143,58
59298706,14,96
59298985,15,96
59299085,883,1
59300163,178,212
59300312,148,1
59300490,113,1
59300608,4010,1
59300630,3677,178
59300668,16,96
59300978,18,96
59301339,18,96
59301553,1199,22
59301701,18,96
59301991,15,96
59302094,15,96
59302305,5172,61
59302718,19,96
59302888,16,96
59303031,15,96
59303097,8647,13
59303161,15,96
59303306,17,96
59303469,2103,196
59303790,320,212
59304367,3690,178
59304734,169,1
59305024,4329,1
59305183,321,212
59305503,126,38
59305569,82,196
59305591,6,22
59305656,1239,196
59305774,12606,38
59305892,2144,58
59306550,244,208
59306896,122,196
59306909,59,196
59307021,319,212
59307124,196,196
59307330,695,196
59307432,4248,61
59307479,319,212
59308037,329,212
59308066,2404,208
59308105,3660,178
59308218,526,95
59308849,111,95
59309072,209,95
59309437,23,95
59309896,161,212
59311622,4296,61
59311782,3669,178
59313619,61,196
59315457,5991,178
59315916,6087,61
59316613,3833,36
59316769,16469,1
59320620,22239,36
59321224,8832,22
59321478,7160,178
59325494,11719,196
59326215,12571,38
59327989,12492,61
59328643,8,178
59328707,938,178
59328771,909,178
59328835,33,178
59329680,936,178
59329746,910,178
59329810,942,178
59330016,8782,22
59330656,903,178
59330722,1209,178
59331627,1146,178
59331691,959,178
59332838,907,178
59332902,960,178
59333749,945,178
59337213,11801,196
59338792,8531,22
59347321,8665,22
59349015,12186,196
59350221,12829,61
59354931,80,43
59355839,3676,178
59355987,8849,22
59356859,61,61
59356930,49,43
59356981,48,43
59357031,219,43
59357185,39,21
59357249,17,21
59357254,399,43
59358204,5631,21
59358323,2107,36
59358897,301,1
59359197,1181,1
59359573,3667,178
59360444,921,22
59360565,3757,1
59360602,2086,36
59361988,6987,22
59362860,5954,61
59363249,4160,178
59363897,33,21
59364177,1029,61
59364384,2366,1
59364768,18,21
59364843,8823,22
59364958,158,212
59365451,1982,21
59365626,162,212
59366662,2740,54
59366743,94,54
59367467,3674,178
59367886,160,212
59367915,2331,54
59368110,1668,21
59368750,6445,61
59370363,264,21
59370984,5496,21
59371208,3699,178
59371409,558,54
59371540,159,61
59371595,55,54
59371727,3654,54
59372347,105,54
59372781,6,96
59372875,1988,1
59372955,5,146
59373044,12,146
59373068,1458,146
59373661,8912,22
59373859,20,96
59374400,162,212
59374645,16,61
59374918,138,61
59374945,3660,178
59375132,7449,61
59375605,7,96
59375610,1197,61
59375713,2529,1
59375926,8,96
59376613,241,212
59376717,6531,21
59376807,1096,61
59377804,8,96
59377906,403,61
59378392,2002,61
59378621,3673,178
59378889,7,96
59379074,211,1
59379339,77,1
59379471,81,1
59379554,75,1
59379631,50,1
59379682,161,1
59379688,60,1
59379844,2571,1
59381143,2303,146
59381836,215,61
59382051,2248,61
59382148,163,31
59382356,3671,178
59382561,4373,61
59382581,5637,22
59383511,142,1
59383654,5015,1
59385614,6,96
59386038,3679,178
59386076,97,61
59386367,15,13
59386423,15319,21
59386892,4309,61
59387116,29,61
59387259,6,96
59387459,26,61
59388659,2640,22
59388778,929,61
59389686,227,80
59389720,8,61
59389738,249,61
59389777,3789,178
59389815,74,38
59390025,3219,80
59390052,2081,61
59390571,172,212
59391139,3928,61
59391320,804,22
59391777,172,212
59393103,3808,86
59393577,3654,178
59394964,7809,38
59395067,4297,61
59395238,31,61
59395270,25,61
59395518,5492,54
59395888,251,210
59396259,176,210
59396561,36,61
59396709,124,210
59396909,28,61
59396966,91,210
59397254,18,178
59397285,6,80
59397321,6,178
59397385,909,178
59397413,57,61
59397446,249,210
59397450,9,178
59397515,916,178
59397580,27,178
59397681,9644,80
59398056,29,61
59398162,6032,210
59398295,22099,86
59398366,913,178
59398431,46,178
59398497,919,178
59398562,78,178
59398766,53,61
59399109,59,61
59399280,70,61
59399297,4020,61
59399349,922,178
59399432,912,178
59399497,56,178
59400344,923,178
59400410,905,178
59400446,77,61
59400476,44,178
59401949,43,210
59401983,2883,210
59403334,4118,61
59405774,378,22
59405978,342,22
59406526,96,22
59406677,24,54
59406722,660,54
59407093,152,22
59407349,23,196
59407464,11806,54
59416209,8220,61
59417108,15728,70
59419447,34,196
59419479,12531,196
59419548,22,196
59422273,12,96
59431568,33,61
59432020,7720,196
59441334,58,43
59451951,11829,196
59451999,12824,61
59459012,9893,70
59459724,300,31
59460090,53,43
59460145,45,43
59460147,181,38
59460193,558,43
59460252,5850,22
59460292,7002,22
59460658,17,40
59460687,18,40
59461419,9,61
59461606,126,61
59462637,24,21
59462916,7721,38
59464123,4285,61
59466788,12,1
59466844,2782,1
59468388,3934,61
59468487,2691,22
59469619,165,54
59469813,1163,54
59469914,4234,70
59470995,7,96
59471007,263,54
59471229,1574,22
59471311,4066,1
59471331,526,210
59471455,6,96
59471630,6,96
59471936,6,96
59472304,4264,61
59474022,8336,134
59474908,15882,21
59475005,6,10
59475211,4128,70
59475807,32,80
59476019,7,80
59476092,6015,1
59476548,3981,61
59476566,2733,80
59477637,7746,38
59478300,12607,38
59479605,4291,70
59480511,4359,61
59480736,2295,54
59483898,11081,70
59484851,4156,61
59486588,1368,1
59488193,77,1
59488303,824,1
59488989,3924,61
59489177,3295,1
59494980,7755,70
59498166,11738,196
59498971,38,38
59499829,22181,96
59501813,11830,61
59502739,3145,70
59509905,11647,196
59509949,34,196
59521551,11540,196
59527735,75,43
59529570,33,61
59529630,75,43
59529707,47,43
59529756,35,43
59530988,17,21
59531288,15698,21
59533448,4262,61
59533469,35,61
59533861,36,21
59534352,37,21
59534593,34,21
59535152,36,21
59535565,926,21
59535922,7,145
59535961,7,145
59536444,9,145
59536570,18,145
59536609,946,22
59536627,11,145
59536743,7,145
59536816,7,145
59537375,9,145
59537564,1005,22
59537690,4002,61
59538641,7704,38
59540027,68,21
59540548,5942,134
59541500,1999,22
59541674,4309,61
59542533,295,54
59543372,9,80
59543728,1076,54
59544657,6905,80
59545065,524,54
59545965,4083,61
59546346,7778,38
59546359,10841,146
59550030,4571,61
59550049,33,61
59550825,12628,61
59551607,10,80
59551929,4284,80
59553519,62,95
59553975,4227,64
59554035,203,95
59554581,6184,61
59554663,75,210
59554734,4685,210
59555074,184,179
59555086,1792,210
59555705,22,134
59556128,7760,38
59557329,2963,134
59557753,1629,179
59558638,2741,64
59558982,2241,54
59559901,3754,134
59560747,4412,61
59560768,33,61
59561677,155,210
59561767,3220,64
59562056,153,210
59562549,48,210
59562559,46,210
59563215,11,210
59563323,4299,134
59563768,13,210
59565143,4057,61
59565162,34,61
59565419,11895,64
59565554,10,210
59566190,34,210
59568948,13057,38
59569182,4360,61
59569313,2203,177
59569714,243,61
59570292,250,61
59571790,130,61
59572091,194,61
59572455,329,61
59572780,24,196
59572922,2495,61
59573526,15,61
59575793,5065,61
59580840,5007,61
59584279,11785,196
59585840,18216,38
59585842,4953,61
59588756,1212,61
59590385,47,22
59590776,10326,22
59590781,523,61
59591332,3110,61
59594423,3170,61
59596065,8564,196
59596106,33,196
59597593,3148,61
59600743,3121,61
59601379,568,22
59602279,2279,61
59603867,3085,61
59606960,3209,61
59610162,3169,61
59613326,3104,61
59614131,7,43
59616417,3094,61
59619493,3124,61
59622599,3126,61
59625708,3087,61
59628565,25,196
59628576,29,61
59628619,67,61
59628775,3993,61
59638789,3164,61
59639264,67,61
59641377,98,210
59641936,3226,61
59643773,98,210
59644209,89,210
59645278,197,61
59669236,29,61
59669310,91,61
59669333,30,196
59669519,105,61
59717964,54,210
59743057,13,1
59750991,30,61
59751018,85,61
59751320,39,61
59751981,161,61
59753000,43,61
59753024,41,61
59753046,39,61
59753066,44,61
59753088,44,61
59753112,22,61
59753114,28,61
59753187,39,61
59753209,41,61
59753230,39,61
59753250,24,61
59753272,38,61
59753292,41,61
59753312,29,61
59753333,17,61
59753342,17,61
59753351,17,61
59753361,16,61
59753370,23,61
59753412,318,61
59753525,73,61
59754288,51,61
59754913,203,61
59755095,136,61
59755118,33,61
59755241,51,61
59755826,4337,61
59755848,149,61
59756951,154,61
59759052,162,61
59759796,174,61
59760369,176,61
59760401,7717,61
59760421,33,61
59760926,187,61
59761606,175,61
59762093,155,61
59762113,33,61
59763249,155,61
59764713,161,61
59764964,25,61
59765293,161,61
59765932,154,61
59766363,148,61
59767117,3004,61
59767139,155,61
59767159,33,61
59767569,83,61
59767653,296,61
59767674,32,61
59768099,407,61
59768838,8087,61
59776907,7934,61
59786943,15,43
59791737,1570,61
59796752,19,21
59798016,4292,64
59798553,4294,61
59798630,12006,196
59799327,11107,1
59799514,546,22
59799620,6,22
59799678,63,61
59799748,95,61
59799769,33,61
59799847,24,61
59799940,2766,61
59802029,123,210
59802363,521,210
59802676,36,210
59802700,2773,61
59802832,3944,61
59802944,20,210
59803071,23,210
59803092,4953,134
59803502,35,210
59803602,770,210
59803642,14,80
59803838,21419,80
59803851,991,1
59804146,509,210
59804492,4624,210
59804901,504,210
59805313,1009,1
59805469,2863,61
59806419,1644,1
59806531,162,210
59806775,128,61
59806815,279,61
59806828,182,210
59807309,230,61
59808329,4829,61
59808371,265,1
59809000,1814,1
59809041,4273,61
59810640,9187,1
59811377,239,210
59812234,546,22
59812245,272,210
59812855,3214,210
59813144,2644,61
59813293,1536,22
59813308,5446,61
59814129,726,1
59814959,4714,1
59815115,203,61
59815140,1068,22
59815417,5318,196
59815790,3181,61
59816038,33,61
59816227,965,22
59816728,243,61
59816850,12,96
59816953,2904,134
59817158,8,96
59817935,27,210
59818029,121,210
59818283,64,210
59818820,7863,70
59818993,3257,64
59819173,5959,61
59819820,7185,22
59820262,11483,1
59820491,4764,1
59820716,4638,196
59820755,33,196
59820927,300,168
59821312,1664,38
59821450,1608,168
59822309,13099,61
59822442,326,61
59823183,13086,38
59823452,400,61
59824873,1990,64
59825113,3417,61
59825336,3955,196
59825373,33,196
59826683,7764,70
59826729,12217,64
59827407,301,61
59827463,230,168
59827806,2195,168
59827938,521,61
59828521,3294,61
59829271,2564,196
59829468,765,61
59830297,1341,61
59831798,228,61
59831823,31,61
59832040,3306,61
59834449,3123,70
59835329,3184,61
59837809,313,61
59838502,10532,22
59838909,22180,1
59841208,303,61
59841257,4398,61
59842943,297,61
59843434,255,61
59843697,4281,134
59843903,1359,61
59844019,12050,196
59844062,32,196
59845042,12995,38
59845045,12485,61
59845265,4074,61
59845285,33,61
59846228,415,177
59847995,2443,134
59856050,21,196
59856068,12107,196
59857519,13112,61
59857564,32,61
59868177,40,196
59870630,13032,61
59873331,157,43
59873417,1042,22
59873971,374,22
59874351,785,1
59874524,285,22
59875034,6,56
59875127,261,22
59875195,34,61
59875321,64,43
59875332,18,56
59875388,44,43
59875435,207,43
59875564,426,1
59875646,258,43
59875670,3720,1
59875908,239,43
59875990,209,22
59876177,1660,1
59876231,192,22
59876372,35,56
59876434,171,22
59876963,35,56
59877183,59,56
59877225,568,22
59877763,1040,21
59877864,289,22
59877983,884,1
59878154,44,21
59878192,670,22
59879039,7958,22
59879189,380,1
59879473,573,61
59879533,4406,61
59879604,2853,196
59880261,2540,61
59880904,5487,1
59880985,2509,21
59882080,2483,64
59882440,3361,196
59883595,236,21
59883723,347,134
59883757,1802,134
59883844,3578,21
59883914,22,61
59883935,4429,61
59884419,15,80
59884815,8101,80
59885571,7859,134
59885766,17,96
59885784,3088,196
59885982,7,96
59886387,67,64
59886729,13,96
59886826,1754,64
59886988,7648,22
59887395,5599,64
59888345,4808,61
59888836,38,196
59888844,5310,1
59888852,3040,196
59888899,33,196
59889154,9,96
59889332,31,21
59889404,3425,61
59889512,47,21
59890601,39,21
59891791,233,21
59891893,3145,196
59892568,2287,64
59892828,2239,61
59892936,23,80
59893009,8253,64
59893133,6697,61
59893255,9,96
59893311,346,80
59893721,39,134
59893760,32,80
59894397,47,21
59894569,5212,21
59894639,8242,22
59894958,18387,70
59895016,4347,196
59895096,3097,61
59895528,1493,61
59895561,5253,1
59897107,534,168
59897602,3911,64
59897740,2514,168
59898128,799,61
59899345,3934,196
59899822,6079,61
59899864,372,177
59900442,1719,99
59900465,1603,61
59901204,40,110
59901383,7307,64
59901854,7226,1
59902101,876,177
59902210,328,134
59902238,866,134
59902750,50,134
59903139,885,177
59903239,3294,61
59903271,5220,196
59903277,1028,22
59903809,10099,21
59903835,474,1
59903910,31,99
59904144,26,21
59904286,165,22
59904334,2682,22
59904453,60,99
59904462,122,22
59904479,4189,177
59904676,461,110
59904713,699,110
59904890,159,99
59905001,4097,64
59905053,8034,22
59905459,33,99
59905884,105,21
59905910,24,99
59905918,6762,61
59905957,20,61
59905957,911,99
59905994,510,21
59906770,2359,61
59906792,33,61
59907455,1204,134
59907661,856,99
59908463,4320,196
59908949,243,177
59908999,207,38
59909491,434,168
59909547,12909,38
59909576,2709,38
59909677,11635,64
59910098,735,177
59910104,2431,168
59910360,3184,134
59910626,7977,146
59910950,237,177
59911395,154,177
59912216,844,177
59912681,5994,61
59912762,4276,196
59913121,8140,22
59913565,634,134
59914036,1781,61
59914050,79,61
59914368,2754,177
59915988,1481,61
59917021,1465,196
59917917,140,56
59918262,148,56
59918660,4039,61
59918898,2951,196
59918925,45,196
59919054,55,196
59919121,11970,196
59919337,82,56
59919651,54305,70
59922557,8669,22
59923216,929,61
59926062,3264,61
59927943,150,56
59928415,130,56
59928976,151,56
59929309,2973,61
59929453,151,56
59930791,109,56
59931059,97,56
59931086,11771,196
59931260,12760,38
59931354,30,196
59931436,152,56
59931675,20,61
59931694,12341,61
59931806,50,56
59932529,27,56
59932980,26049,96
59933608,2788,61
59934409,7,56
59934476,32,56
59935031,36,56
59935453,36,56
59935991,43,56
59936222,34,56
59936345,32,56
59936474,37,56
59936513,59,56
59936594,11426,64
59936992,62,56
59937289,60,56
59937355,20,56
59937550,20,56
59939960,8721,22
59941849,33,61
59943068,11911,196
59943109,33,196
59954138,12802,61
59954977,12230,196
59959731,75,43
59960129,15489,22
59961577,33,196
59961646,86,43
59961735,52,43
59961756,3888,1
59961789,260,43
59962053,252,43
59962307,304,43
59962472,123,110
59963321,22,110
59963791,16,110
59964424,14,110
59964483,2929,196
59964504,34,196
59964914,56,110
59965499,10183,22
59965581,10158,61
59965995,9687,177
59966022,9656,1
59966447,60,110
59966813,54,110
59967390,8473,196
59969564,304,61
59970185,409,80
59970711,12196,64
59971819,4476,61
59971885,3094,196
59975585,7976,38
59975918,23,134
59976040,21,56
59976190,20,134
59976336,5622,134
59976545,335,168
59976637,11094,1
59976911,6692,1
59976921,2071,168
59978372,4879,22
59978476,2702,61
59978933,3488,196
59980197,4045,61
59981164,164,61
59981440,1212,177
59981505,207,61
59981921,179,61
59982294,178,61
59982403,2907,196
59983522,52,99
59983629,424,99
59983661,3896,1
59984245,4930,61
59985292,3249,196
59985471,9292,70
59986184,7669,64
59986553,262,61
59987003,437,168
59987063,33,61
59987098,217,61
59987499,1779,168
59987923,4817,1
59988033,12469,64
59988103,11109,1
59988333,78,177
59988453,258,61
59988534,3070,196
59989114,60,110
59989150,4848,61
59989314,3918,210
59989513,113,177
59989643,1593,210
59990349,17,110
59990382,242,99
59990844,482,99
59991584,5631,196
59991890,28,110
59991937,6595,80
59992764,4976,1
59992887,355,168
59993270,1583,168
59993285,289,99
59993683,444,99
59993908,349,61
59993977,4592,61
59994290,195,99
59994826,980,61
59994997,154,177
59995459,147,99
59995767,438,99
59995810,2243,61
59996345,557,99
59996948,12705,38
59997156,9101,70
59997193,3651,196
59998034,3106,61
59998166,653,177
59998573,4403,61
59999561,51,177
60000467,80,177
60000828,3185,196
60001142,232,61
60001165,76,177
60001688,338,168
60001737,3144,61
60002971,4745,61
60003993,3023,196
60004863,3101,61
60006259,5107,70
60006999,3310,196
60007723,4387,61
60007766,23,61
60007979,1762,61
60010131,22215,1
60010170,636,61
60011146,1550,196
60011155,5588,61
60011370,5474,70
60011434,1220,177
60012635,1038,177
60013736,2468,177
60016726,3471,61
60016815,9,134
60016847,5034,70
60017337,1123,134
60017453,12879,38
60018139,608,134
60018476,279,134
60018773,190,134
60019354,36,134
60020199,3104,61
60020524,13295,61
60020570,53,61
60021883,7923,70
60023305,3079,61
60026394,3122,61
60029507,3105,61
60029809,8432,70
60032603,3071,61
60033089,33,196
60033821,12277,61
60035684,3096,61
60038782,3101,61
60041883,3094,61
60044979,3075,61
60045277,11888,196
60046097,11957,61
60046130,206,43
60048056,3211,61
60048192,50,43
60048244,48,43
60048294,220,43
60048517,128,43
60049080,30,110
60050952,98,110
60051041,11125,1
60051247,3019,196
60051267,3139,61
60051288,110,110
60052336,3938,61
60052379,22,61
60052380,3814,1
60054248,2947,196
60054405,149,61
60054575,3226,61
60055714,649,134
60056275,4818,61
60056976,7817,1
60057026,1336,134
60057178,3595,196
60057285,12,38
60057534,3716,168
60057759,3446,61
60058380,73,134
60058477,8061,134
60059086,322,99
60059419,1270,99
60059495,1244,38
60059504,232,38
60059706,1823,64
60060754,3382,196
60061096,135,99
60061103,4056,61
60061149,35,61
60061232,453,61
60061709,397,99
60061790,3546,61
60062085,19,145
60062118,15,145
60062463,5006,1
60063946,52,134
60064016,3696,177
60064103,34,196
60064118,3128,196
60064136,420,99
60064758,340,99
60064855,38,134
60065075,37,134
60065132,20,61
60065150,4306,61
60065319,153,61
60065368,2115,1
60065490,3360,61
60065668,761,134
60066502,38,134
60066736,36,134
60066918,37,134
60067118,467,168
60067250,3021,196
60067399,127,110
60067482,11161,1
60068835,257,61
60069200,4376,61
60069456,3875,61
60070253,2889,196
60071168,2220,99
60071658,11,96
60071866,16,96
60071975,6,96
60072139,6,96
60072274,7,96
60072995,5001,64
60073124,3378,196
60073309,24,61
60073332,4543,61
60073377,29,61
60073561,1399,61
60073703,799,134
60073995,23,134
60074208,11,96
60074398,8,96
60074518,22,96
60074784,24,134
60075007,235,61
60075080,36,134
60075210,33,134
60075314,33,61
60075348,151,61
60075501,3308,61
60075658,1003,134
60076130,19,110
60076180,45,110
60076395,107,99
60076499,3322,196
60076708,7920,134
60077290,212,99
60077367,625,134
60077878,4068,61
60077923,33,61
60078006,1284,64
60078168,4503,134
60078681,11175,1
60078801,3531,61
60078810,83,99
60078839,34,61
60079055,548,211
60079160,782,99
60079300,4903,64
60079536,735,211
60079804,3084,196
60079840,32,196
60081326,355,38
60081949,4361,61
60082327,3417,61
60082870,4316,196
60083003,2766,99
60083066,1393,38
60083558,3929,134
60084671,1596,64
60085744,642,61
60086310,4141,61
60086353,31,61
60086483,3038,61
60086503,32,61
60087168,3637,196
60088069,33,38
60088130,20,38
60088136,33,38
60088183,20,38
60088670,8451,38
60089506,3409,61
60090033,590,210
60090102,22306,1
60090127,1809,168
60090399,4571,61
60090511,23,61
60090690,438,210
60090781,3174,196
60093938,3957,196
60095007,20,61
60095024,4573,61
60099875,434,61
60100345,1665,61
60100610,753,38
60101413,69,61
60101559,1397,38
60102076,176,61
60102096,33,61
60103083,3323,61
60103362,13436,38
60105826,12538,196
60106387,3273,61
60106980,13094,61
60109661,5560,61
60111767,16085,70
60111938,9925,70
60112953,21399,1
60115226,6007,61
60116796,13284,38
60118366,12192,196
60120072,12379,61
60121230,6426,61
60121863,9553,70
60127657,3454,61
60130558,2778,196
60131114,3289,61
60131418,9251,70
60132456,12996,61
60132531,70,43
60134380,24,196
60134403,4128,61
60134427,58,43
60134487,75,43
60134564,332,43
60134581,4691,1
60134629,33,1
60134900,492,43
60135394,481,43
60138904,3897,61
60139246,579,54
60139520,3372,1
60140670,7406,70
60141563,3432,61
60141625,2897,196
60142784,4331,61
60143228,911,22
60143735,26,1
60143854,1675,22
60144518,3171,196
60144977,95,61
60145020,418,38
60145152,3840,61
60145177,4635,22
60145416,4115,134
60145683,1212,64
60145758,389,168
60145836,4412,22
60146150,26,1
60146338,1566,134
60147097,20,61
60147116,4072,61
60147635,1605,99
60147668,2944,196
60147738,1263,64
60148079,7912,70
60148976,34,61
60149037,262,61
60149514,8363,38
60149658,6,10
60149760,1638,99
60149830,4848,61
60150291,8304,22
60150359,11294,1
60150498,3798,168
60150593,3201,196
60151175,4761,61
60151233,34,61
60151345,357,194
60151627,1661,99
60152271,4491,134
60152545,92,1
60152907,57,56
60153043,48,1
60153581,31,1
60153790,3000,196
60153918,35,56
60153931,53,1
60154146,45,1
60154662,3366,61
60154828,34,56
60155461,21,1
60155521,24,56
60155531,35,56
60155601,50,1
60155940,28,1
60155953,3992,61
60156005,33,61
60156412,9034,70
60156616,22,56
60156780,3432,196
60156791,31,1
60157092,30,1
60157585,29,1
60158029,3281,61
60158150,827,168
60158175,32,1
60158586,6453,22
60158665,160,1
60158881,119,1
60159007,667,1
60159507,428,194
60159946,4480,61
60159970,614,1
60159989,33,61
60160172,22,196
60160194,3017,196
60161313,3354,61
60163120,4296,134
60163192,3015,196
60164423,3926,61
60164468,33,61
60164663,3420,61
60164776,8508,38
60166188,2980,196
60167632,7915,70
60167770,149,210
60168088,4057,61
60168161,11,210
60168352,5228,61
60168634,3766,134
60168807,12,210
60169152,3715,196
60169168,14,210
60169764,27,210
60170184,31,210
60170547,16468,146
60170907,15508,146
60171327,80,61
60171345,4306,210
60172140,216,61
60172197,8259,134
60172443,3604,61
60172450,4198,134
60172611,632,61
60173516,13454,38
60173564,4605,196
60173583,4252,61
60173600,27,196
60174070,6640,22
60176422,4180,61
60177082,53,210
60177184,475,210
60178461,4295,61
60178969,2858,196
60180584,8344,61
60180711,6619,22
60181202,7731,70
60184579,232,1
60184904,293,1
60185613,97,1
60185705,128,1
60185890,95,1
60186116,102,1
60186235,120,1
60186475,2144,1
60187330,6719,22
60188935,16660,70
60188945,3210,61
60188988,35,61
60189124,12415,196
60191464,13139,61
60191509,33,61
60192160,3308,61
60193901,2426,38
60194052,6613,22
60195467,3303,61
60196339,9,38
60198773,3207,61
60198810,24,61
60200680,6824,22
60201523,12721,196
60201566,36,196
60201979,3330,61
60204602,13862,61
60204648,38,61
60205310,3292,61
60205598,18327,70
60207488,6713,22
60208602,3223,61
60211827,3304,61
60214201,6532,22
60214230,33,196
60214245,13369,196
60214288,41,196
60215133,3316,61
60218430,20,61
60218448,3245,61
60218468,12278,61
60218931,78,43
60220744,6776,22
60220830,21,43
60221693,3308,61
60223927,21059,70
60225016,3298,61
60225024,4778,61
60225067,34,61
60227513,6871,22
60227611,13095,196
60227660,75,196
60228302,3204,61
60229802,4345,61
60231509,3280,61
60234128,23,61
60234150,4783,61
60234214,34,61
60234382,6548,22
60234813,3323,61
60238120,3231,61
60238932,4364,61
60240707,12842,196
60240934,7640,22
60241353,3356,61
60243296,5464,61
60244707,3364,61
60244987,6626,70
60248077,3215,61
60248572,6614,22
60248775,4024,61
60251292,4608,61
60251616,9292,70
60252770,20,61
60252788,4662,61
60252811,362,22
60253017,12603,22
60253568,12479,196
60253609,32,196
60255900,7475,61
60256125,607,22
60257088,7,22
60257428,1947,22
60257450,4026,61
60259864,10639,22
60261481,4737,61
60261888,1288,168
60263125,286,168
60263374,4439,61
60263480,1404,168
60266032,12259,196
60266078,32,196
60266217,4473,61
60267815,3336,61
60270485,2541,22
60271153,3317,61
60274471,3221,61
60275786,6316,22
60276255,15319,1
60277692,4810,61
60278293,12382,196
60278337,53,196
60278498,13106,61
60279683,13756,70
60279746,9985,70
60282093,6749,22
60282504,6274,61
60288774,5349,61
60288846,6511,22
60289730,9819,70
60290676,12186,196
60290723,33,196
60291606,12299,61
60294128,3249,61
60295359,6336,22
60297378,3221,61
60299553,9075,70
60300600,3106,61
60301692,6683,22
60302864,11865,196
60303708,3199,61
60303905,12409,61
60305331,70,43
60306907,3489,61
60307196,33,61
60307243,48,43
60307293,56,43
60307352,223,43
60307577,327,43
60307906,421,43
60308378,6431,22
60308629,7734,70
60310381,3107,61
60311615,4053,61
60311665,32,61
60313488,3226,61
60314745,11883,196
60314806,6350,22
60315672,4420,61
60316364,7836,70
60316715,3215,61
60319288,8358,38
60319929,3107,61
60320097,3786,61
60321162,6466,22
60323038,3261,61
60323880,4448,61
60323926,33,61
60324203,9207,70
60326298,3398,61
60326615,12272,196
60326659,33,196
60327628,6539,22
60328312,22,61
60328332,4323,61
60329250,7629,22
60329687,6018,61
60332562,8287,38
60332657,4612,61
60332701,33,61
60335714,3847,61
60336851,7865,70
60337268,3941,61
60338890,11894,196
60338932,33,196
60339568,3211,61
60340850,8184,38
60341212,4268,61
60342777,3124,61
60343374,6389,22
60345143,2833,210
60345479,3789,61
60345900,3230,61
60346637,1024,134
60348678,4539,134
60348717,9049,70
60349133,3218,61
60349180,33,61
60349273,4495,61
60349314,33,61
60349373,6651,134
60349764,6648,22
60350784,12158,196
60350829,32,196
60352354,3115,61
60353325,3710,134
60353767,4057,61
60355474,3247,61
60358723,3234,61
60358833,7890,70
60361954,3099,61
60362945,12124,196
60362987,32,196
60365054,3195,61
60365467,6356,22
60366178,12365,61
60366728,13575,70
60368249,3218,61
60371472,3125,61
60371821,6408,22
60374612,3224,61
60375067,3167,196
60375113,32,196
60377836,3210,61
60381032,3106,61
60384118,3232,61
60387333,3212,61
60390527,3113,61
60391730,24,43
60393597,25,61
60393621,3196,61
60393747,10211,1
60396819,3225,61
60400046,3130,61
60401523,21,56
60401999,21,56
60402445,20,56
60402790,21,56
60402969,19,56
60403158,3224,61
60403194,21,56
60403336,20,56
60403343,19,56
60403681,20,56
60403952,21,56
60403965,4577,1
60405793,1409,134
60406363,3203,61
60408549,6277,22
60408775,2882,1
60409549,3685,61
60410852,14099,61
60410909,13545,196
60410914,2855,196
60410935,34,196
60410948,4280,61
60411628,67,196
60411796,1015,196
60413132,977,196
60413214,3625,61
60414467,1956,196
60414819,6749,22
60415211,3757,61
60416404,3225,196
60416842,3480,61
60418975,4538,61
60419022,32,61
60419623,3071,196
60419626,6821,22
60420319,6500,61
60421567,6629,22
60422299,128,168
60422676,3066,196
60422713,33,196
60423514,4437,61
60423564,35,61
60424579,21,168
60424648,106,168
60424934,127,168
60424982,113,196
60425252,2783,168
60425738,3231,196
60426826,3205,61
60427942,341,168
60427963,4927,61
60428000,53,61
60428199,6390,22
60428407,3646,168
60428950,3842,196
60430032,3208,61
60432774,3125,196
60432806,37,196
60432806,268,168
60432883,4160,61
60433238,5522,61
60433360,83,80
60433622,482,80
60434214,3850,80
60434588,6889,22
60435092,17891,70
60435879,3141,196
60437045,4794,61
60437701,566,210
60437826,531,210
60438762,4478,61
60439001,3123,196
60439548,1130,210
60439581,1155,210
60441479,6611,22
60442043,13448,38
60442092,3385,22
60443241,4382,61
60447625,3105,61
60448088,6752,22
60450728,3274,61
60451143,13668,61
60451190,33,61
60451228,30,210
60451467,25,210
60451598,32,210
60452425,29,210
60452546,13226,196
60452600,43,196
60452983,18805,70
60453555,36,210
60454006,3238,61
60454841,6826,22
60457247,3111,61
60460355,3224,61
60461673,6823,22
60463583,3253,61
60464812,13743,61
60465772,12770,196
60465818,33,196
60466833,3132,61
60468494,6523,22
60469967,3210,61
60471790,6369,70
60473178,3197,61
60475019,6680,22
60476379,3093,61
60478131,66,43
60478562,14117,61
60478576,12987,196
60479472,4417,61
60480028,85,43
60480115,52,43
60480170,204,43
60480377,263,43
60480642,408,43
60481489,5474,22
60481700,6420,22
60481724,36,21
60483055,3483,196
60483173,128,43
60483787,3450,21
60483870,6957,61
60484719,12412,61
60484764,33,61
60486521,2861,196
60486558,32,196
60487379,37,21
60487974,9178,21
60488123,8866,22
60489362,7905,196
60489384,32,196
60490120,6967,168
60492824,685,210
60499068,8034,38
60500024,409,99
60501021,652,99
60501049,2693,21
60501771,3757,210
60507177,247,1
60507809,1005,1
60508859,1160,38
60509179,22,21
60510256,8310,38
60510333,343,1
60510677,1950,1
60510874,1335,168
60510946,12032,21
60511548,11229,70
60511785,1077,70
60512121,387,168
60512858,4361,70
60515181,7293,61
60515247,3291,196
60515640,7024,61
60516599,5679,80
60517225,4474,70
60517385,41,210
60517994,23624,146
60518073,34564,146
60518566,8402,38
60519537,1034,210
60521055,10,210
60521138,9,210
60521702,4465,70
60521735,246,210
60521916,2459,168
60522287,179,210
60522457,4606,61
60522648,3152,61
60522873,42,210
60522950,477,210
60524213,36,210
60524515,178,210
60524532,124,210
60524857,4697,210
60524970,4523,210
60525815,12743,61
60526169,4395,70
60526929,243,1
60527061,6611,61
60527271,987,1
60528169,3112,196
60528187,2664,210
60530566,10797,70
60530928,3995,210
60531130,13473,38
60531609,6540,22
60538129,6791,22
60538545,7225,61
60538786,12287,196
60540462,12559,96
60541177,13562,61
60541365,9422,70
60544610,13180,38
60544921,6570,22
60545769,4764,61
60550510,4199,61
60550787,7898,70
60551075,11598,196
60551496,6444,22
60554692,3263,61
60557893,3119,61
60557957,6540,22
60557962,33,61
60558689,15472,70
60561039,3201,61
60562675,13527,196
60564237,3462,61
60564482,6451,22
60564530,81,43
60566371,28,196
60566454,64,43
60566521,57,43
60566580,300,43
60566882,333,43
60567217,704,43
60567306,26,21
60567679,3129,61
60567973,4039,21
60569439,3933,196
60570822,242,61
60570931,6701,22
60571045,1205,61
60571097,3365,61
60572146,40,21
60572374,4257,21
60572964,6496,61
60573353,3192,196
60574163,18319,70
60574501,742,211
60575622,3792,61
60575768,232,146
60576542,3232,196
60577236,990,5
60577635,6740,22
60577920,8337,38
60578032,793,168
60579077,3043,168
60579353,3144,61
60579441,6345,61
60579519,28,61
60579769,3564,196
60580928,47,21
60581378,4107,21
60582258,527,168
60582558,3182,61
60582678,495,168
60583316,3947,196
60583353,33,196
60584377,6861,22
60585747,6472,61
60585759,19288,22
60585761,25,61
60585804,6960,61
60585809,20,61
60586706,6219,210
60587236,49,21
60587242,5619,196
60587280,24,196
60587480,4309,21
60588934,709,5
60589446,1994,1
60591240,6819,22
60591859,49,21
60592146,16831,21
60592256,6164,61
60592484,18887,70
60592772,4075,61
60592841,2962,196
60592866,475,5
60592886,34,196
60593785,54,1
60593837,400,1
60595594,208,1
60595790,3401,196
60596636,99,1
60596735,619,1
60596848,4891,61
60596906,34,61
60597388,73,1
60597517,2050,1
60598060,6792,22
60598156,4865,58
60598402,7038,61
60599171,3795,196
60599526,15658,5
60600659,2172,134
60601117,3554,1
60601739,4503,61
60602406,8462,38
60602525,1086,64
60602947,3223,196
60603834,1098,58
60605134,441,58
60605444,4643,61
60605805,687,58
60606153,3193,196
60606224,20,61
60606243,5395,61
60606707,2462,22
60609342,3310,196
60609380,34,196
60610091,3122,61
60611640,4232,61
60611684,32,61
60612635,3350,196
60613215,3203,61
60616418,3211,61
60616963,12027,70
60617166,13390,38
60619036,4395,61
60619625,3106,61
60622734,3311,61
60623740,6399,22
60625200,12525,61
60625983,3199,61
60626161,12541,196
60626208,33,196
60628996,6486,70
60629191,3122,61
60630556,13182,38
60632300,3241,61
60635484,9099,70
60635521,3186,61
60638691,33,196
60638703,3116,61
60638706,33975,196
60638724,26,61
60638750,33,196
60641801,3197,61
60644464,26170,61
60644981,3229,61
60645823,6534,22
60646475,32,61
60648211,24409,61
60650931,43,43
60654359,1241,21
60654483,3177,61
60670115,10,168
60670333,8130,38
60672615,18,38
60673894,136,21
60675847,3265,61
60676029,2836,196
60676051,30,196
60676060,5131,21
60676290,189,99
60676410,63,99
60676834,6316,61
60677634,312,38
60677799,57,1
60678269,3743,1
60678323,3950,38
60678847,2904,196
60679113,3535,61
60679154,33,61
60679656,3606,168
60680617,8434,38
60680995,748,5
60681223,143,21
60681573,15195,5
60681704,208,99
60681730,3194,196
60681752,34,196
60681922,1565,99
60682024,1498,99
60682277,17883,21
60682649,3265,61
60683016,2915,64
60683034,1376,1
60683149,3826,61
60684427,2902,1
60684907,3603,196
60685927,3328,61
60686649,2518,168
60686977,4936,61
60687235,16,99
60687276,83,99
60687916,12405,196
60688277,3683,64
60688491,3347,196
60688807,6518,22
60689016,439,168
60689244,3371,61
60689637,1858,168
60690554,3120,134
60691117,13124,38
60691130,5427,38
60691818,3171,196
60691914,3869,61
60691958,249,168
60692619,3093,61
60694969,2870,196
60695709,3240,61
60695787,4366,61
60697823,3483,196
60698880,791,1
60698953,3322,61
60699666,3166,1
60701305,13153,64
60702197,242,61
60702839,2495,61
60703426,4206,61
60703433,4782,61
60705339,380,61
60705809,914,61
60706955,3854,61
60707040,3186,61
60709083,13135,38
60710223,3246,61
60710227,11783,196
60710270,34,196
60710518,6484,22
60712676,12580,61
60713454,3226,61
60716659,3106,61
60717005,6521,22
60719763,3191,61
60722011,11739,196
60722937,3206,61
60723526,6624,22
60726124,3106,61
60729213,3249,61
60730153,6504,22
60732444,3200,61
60733751,11772,196
60735643,3097,61
60736656,6433,22
60737331,63,43
60738743,4125,61
60738762,33,61
60739193,36,61
60739235,82,43
60740981,13855,22
60742617,3113,196
60742851,6037,61
60743082,10331,22
60743922,4397,61
60745708,2961,196
60746314,150,21
60747494,5769,21
60748323,6585,61
60748651,3085,196
60748888,4060,61
60749351,250,95
60750124,2974,168
60750455,12556,64
60751718,4024,196
60752365,651,61
60752485,23,38
60752961,3630,61
60753423,10412,22
60753504,225,21
60754059,5806,21
60754399,49,145
60754408,2271,58
60754637,594,145
60754905,4038,61
60755399,8208,38
60755725,4944,196
60755762,51,196
60757233,3710,61
60757998,471,168
60758757,1189,168
60758937,4547,61
60760113,907,21
60760142,21506,70
60760651,5368,196
60760687,23,196
60760705,5464,213
60760958,5865,61
60761668,214,145
60762252,121,1
60762431,2013,1
60763031,11243,64
60763105,1662,168
60763261,3905,213
60763359,7368,58
60763496,6531,61
60763556,34,61
60763623,1334,145
60763837,10394,22
60764374,425,22
60764972,173,168
60765999,3410,196
60766020,35,196
60766248,5072,213
60766805,6229,61
60766980,3910,213
60767214,3943,213
60767327,10362,22
60767657,287,1
60767758,2033,95
60767828,15625,5
60767970,952,1
60769085,953,1
60769394,3373,196
60770041,8165,61
60770046,1605,1
60770069,89,95
60770332,91,95
60770529,149,95
60770934,981,95
60771542,9141,58
60772168,56,95
60772617,89,95
60772746,3413,196
60773022,6045,61
60774226,10351,22
60774284,5022,64
60774609,853,95
60774912,822,95
60776141,3121,196
60777571,549,38
60778181,5770,61
60778307,267,38
60778669,13190,38
60779080,3116,61
60779242,3358,196
60782202,4162,61
60782580,3201,196
60783966,4171,61
60784344,7712,80
60786370,5942,61
60792314,3114,61
60794353,12152,196
60794399,33,196
60795430,3222,61
60795534,13078,38
60796546,12046,61
60796592,32,61
60798649,3205,61
60801858,3113,61
60804971,3555,61
60805886,21,83
60805920,869,83
60806507,12047,196
60806552,48,196
60807187,67,83
60807415,510,83
60808528,5826,61
60808610,12427,61
60808651,33,61
60808801,564,83
60809364,1129,83
60810493,3588,83
60814079,480,83
60814352,5557,61
60814559,1194,83
60815753,3683,83
60818555,11573,196
60818600,33,196
60819910,3225,61
60823135,3293,61
60823731,62,43
60825589,36,61
60825629,80,43
60825711,51,43
60825765,219,43
60825987,280,43
60826269,337,43
60826622,436,61
60827061,531,61
60827595,11111,61
60829713,4103,61
60829803,430,1
60830133,11969,196
60830249,949,1
60831453,782,1
60832248,42,1
60832294,814,1
60833106,1877,1
60833814,3788,61
60833858,33,61
60837602,4623,61
60837770,590,61
60838826,1954,61
60841440,479,61
60842098,12254,196
60842144,32,196
60842236,3930,61
60842247,10626,61
60842266,34,61
60846134,33,61
60846150,4370,61
60849883,9821,64
60850520,4136,61
60850562,33,61
60852841,2218,168
60852913,11043,61
60854370,12126,196
60854654,4590,61
60858361,627,168
60859249,4053,61
60859971,3395,58
60860376,2323,168
60861020,8011,64
60863299,4332,61
60863344,23,61
60863940,10691,61
60864719,333,168
60866483,12151,196
60866527,32,196
60867631,3942,61
60867677,33,61
60868723,4257,61
60871576,4263,61
60874629,10749,61
60875837,4002,61
60875879,32,61
60877562,15,38
60877577,8,38
60877658,13029,38
60878616,22,196
60878637,12029,196
60879841,4467,61
60884322,3958,61
60885381,10346,61
60888267,4204,61
60890680,12047,196
60890685,13058,38
60892473,4082,61
60892514,32,61
60895725,10276,61
60896552,4341,61
60896597,33,61
60900896,3938,61
60900939,33,61
60902714,12081,196
60902760,49,196
60904836,4313,61
60906007,10368,61
60909150,4213,61
60910132,200,43
60911988,32,61
60912165,69,43
60912236,42,43
60912280,237,43
60912519,367,43
60912888,263,43
60914797,11700,196
60914842,33,196
60916197,4109,61
60916373,10078,61
60920309,3992,61
60920353,33,61
60924302,4338,61
60924346,33,61
60926453,10269,61
60926497,11781,196
60926545,34,196
60928097,6050,64
60928641,3805,61
60932449,4400,61
60932492,32,61
60935432,5075,58
60935521,6954,64
60936725,10368,61
60936862,3866,61
60938282,11793,196
60940719,4293,61
60942727,14246,64
60944450,4467,80
60945012,3981,61
60946726,3973,58
60947094,10214,61
60948993,4816,61
60949036,33,61
60950076,12361,196
60950121,33,196
60953811,4020,61
60957307,10725,61
60957832,3942,61
60959087,15664,64
60962043,4031,61
60962439,12584,196
60964410,13158,38
60965609,2663,22
60966079,4685,61
60966121,33,61
60968025,10168,61
60970761,4323,61
60970807,33,61
60973242,8883,22
60974763,7168,64
60975018,12873,196
60975069,20,196
60975088,5039,61
60977568,13116,38
60978202,10365,61
60980123,4132,61
60980172,37,61
60984260,4519,61
60984304,33,61
60987896,11900,196
60988569,10381,61
60988783,3934,61
60988824,33,61
60992717,4363,61
60992759,33,61
60996253,626,196
60996531,61,43
60997079,3911,61
60997317,416,61
60998391,34,61
60998429,63,43
60998951,14693,61
60999931,46,110
61000366,87,110
61001532,3084,196
61002281,11477,61
61002331,114,110
61002465,344,110
61002826,63,110
61004403,9375,9
61004596,2851,196
61007435,6442,196
61007469,32,196
61012581,4493,80
61014129,25,36
61014192,3278,21
61015630,18016,64
61015870,50,36
61016057,80,36
61016075,23,38
61016131,7928,38
61016192,1887,36
61017322,27,36
61017823,169,21
61017960,24,36
61018090,3732,36
61018503,3733,36
61019242,2024,58
61019605,2864,213
61022333,1253,36
61022506,1422,213
61022680,5220,58
61023587,1417,36
61023694,11307,36
61026779,7328,9
61027034,121,110
61027231,38,36
61028205,5341,58
61028406,47,36
61029150,5017,36
61029205,10032,61
61029242,4913,61
61029289,3160,196
61029340,4205,61
61032453,3705,196
61032520,548,213
61033382,4110,58
61033987,174,213
61034123,29,36
61034129,3670,9
61034141,5215,61
61034176,21,61
61034342,326,36
61034901,252,36
61035481,4039,64
61036136,2842,196
61036652,1951,80
61036947,7,210
61037345,6,210
61038109,6,210
61038280,13045,38
61038364,5,210
61038631,5,210
61038807,5,210
61038961,2823,196
61039218,10425,61
61039369,4138,61
61040054,6,210
61040500,6,210
61040577,24159,36
61041372,5,210
61041516,5,210
61041769,2904,196
61042057,5349,80
61042458,84,210
61042654,32,210
61042987,35,210
61043114,41,210
61043491,3913,61
61044367,1878,64
61044632,1566,36
61046294,1666,64
61047852,6,210
61047973,4010,64
61048170,5,210
61048584,6,210
61048792,19,36
61048795,6,210
61049175,30,210
61049467,2179,36
61049643,10195,61
61049896,34,210
61050130,29,210
61050625,16,210
61050752,6,210
61050935,5,210
61051080,36,210
61051418,37,210
61051543,28,210
61051611,4003,61
61053669,12255,196
61053711,33,196
61055611,4742,61
61055657,33,61
61059842,10226,61
61060359,3814,61
61064171,4445,61
61064215,33,61
61065923,11976,196
61068616,3963,61
61070067,10314,61
61072584,4365,61
61072626,32,61
61076947,3794,61
61077899,12491,196
61080384,10112,61
61080742,4208,61
61082238,20589,22
61082931,10,43
61083317,100,84
61083514,6169,84
61084796,49,196
61084952,4185,61
61087643,3450,196
61088748,302,36
61088842,4439,61
61090494,12307,61
61090873,349,145
61091075,3083,196
61091233,70,145
61091834,32,10
61092072,8548,54
61092159,65,10
61092257,32,10
61092322,52,10
61093304,4161,61
61093350,33,61
61094137,3084,196
61094713,79,99
61094887,499,36
61095458,41,99
61095720,12175,36
61095812,501,36
61096520,700,36
61096697,11316,64
61097200,3229,196
61097467,5361,61
61097513,20,61
61097532,3,36
61097907,2302,36
61098271,1535,38
61098456,4439,146
61098532,9480,146
61098931,524,146
61100407,2423,196
61101869,565,84
61102190,765,58
61102318,500,5
61102501,6,210
61102799,3754,80
61106650,6,210
61108729,9234,58
61108829,1991,36
61109535,55,99
61110060,656,36
61110255,11178,54
61110283,31,99
61110664,30,99
61110995,4805,36
61111031,31,210
61111236,18,210
61111415,55,99
61111805,2752,36
61111892,6,210
61112077,5173,213
61112380,1589,38
61112523,34,210
61112838,238,110
61113154,2086,168
61113617,13,210
61113690,5,210
61113862,11,210
61114151,329,210
61114659,10459,61
61114694,4302,61
61114745,3251,196
61114766,3481,36
61115570,10665,36
61115850,39,99
61116269,243,5
61116301,7889,5
61116615,582,5
61117712,1100,5
61118008,3350,196
61118320,12,210
61118525,190,210
61118625,7108,36
61118716,34150,146
61118751,645,168
61118760,26722,146
61118887,15,210
61118959,133,210
61118981,4352,61
61118996,3320,5
61119931,38,210
61121068,2456,168
61121086,4306,196
61121658,1668,196
61121948,77,210
61122061,8780,162
61122590,2976,5
61123330,5086,61
61124501,13570,38
61124964,428,168
61125097,10188,61
61125370,3167,196
61125444,418,54
61126589,99,54
61127120,240,36
61128419,4338,61
61128520,3869,196
61128714,150,54
61129072,452,36
61129170,1925,54
61129541,21447,36
61130473,40,210
61131239,202,210
61131917,216,210
61132379,25,210
61132413,210,210
61132603,4840,61
61133312,191,210
61133653,807,54
61135032,303,54
61135286,10536,61
61135414,6927,54
61137444,4028,61
61137977,2887,54
61140990,21,196
61141008,12573,196
61141421,6962,210
61141471,4807,61
61141531,10,38
61141676,108,210
61143857,490,64
61145824,10294,61
61146282,4088,61
61146327,37,61
61150352,22,61
61150373,4475,61
61150415,35,61
61153582,12088,196
61154846,3953,61
61154892,33,61
61158797,4357,61
61159007,10214,61
61163130,28,61
61163157,3866,61
61163203,33,61
61165673,12240,196
61167025,4444,61
61169223,13385,61
61169334,38,43
61170364,1267,22
61170853,5645,22
61171190,53,196
61171473,3942,61
61172087,169,110
61172943,654,110
61173365,9311,36
61174039,162,110
61174584,177,110
61174683,3150,5
61174978,7877,196
61175194,307,110
61175810,6895,61
61176165,337,110
61176820,303,110
61176896,870,1
61183100,233,61
61183128,10271,61
61183558,5326,134
61183706,6562,210
61183740,5964,58
61183963,8747,5
61184053,304,61
61184095,6764,210
61184740,9,61
61185156,2725,168
61185631,7,213
61186170,4645,61
61187311,3108,196
61188394,3713,36
61189680,226,61
61190291,1550,213
61190408,2852,196
61193246,2858,196
61193381,10013,61
61194016,800,5
61194948,3475,5
61196087,3200,196
61196132,276,168
61196246,3746,134
61196327,106,110
61196767,87,110
61197157,20,210
61197313,9,210
61197316,186,110
61197472,10,38
61198530,76,110
61199045,88,110
61199155,20486,96
61199266,2830,196
61199288,33,196
61199802,226,61
61200912,292,5
61202033,1951,54
61202048,2105,64
61202077,2829,196
61202598,11,210
61203198,115,210
61203363,4315,5
61203395,10205,61
61203711,506,9
61204301,5699,58
61204887,2873,196
61206022,46,210
61206163,9,210
61206194,227,213
61206935,149,210
61207739,1491,5
61207742,3195,196
61209173,31,210
61209237,88,210
61209403,595,54
61210006,1626,54
61210688,13562,38
61210920,2955,196
61211112,5712,36
61211321,282,54
61211866,701,54
61212514,4969,54
61213612,10471,61
61213814,40,210
61213857,3014,196
61213936,121,210
61214221,1890,168
61214296,124,210
61215160,127,210
61216852,2946,196
61216896,33,196
61217236,4479,61
61217691,25,36
61217785,195,36
61218272,4461,61
61219787,48,210
61220822,41,210
61220884,16,210
61221655,49,210
61222447,28,210
61222734,4337,61
61224087,10218,61
61226040,292,210
61226414,1685,210
61226625,2342,54
61226642,1200,70
61227069,4364,61
61228341,3955,210
61229095,12052,196
61229501,4080,210
61230167,4601,70
61231435,3834,61
61234303,10339,61
61234771,4310,70
61235269,4113,61
61239083,4291,70
61239383,3769,61
61239427,34,61
61243153,4123,61
61243376,33872,70
61244651,32646,61
61247278,3772,61
61247955,29503,9
61251051,26331,61
61255811,12,43
61256034,9952,61
61271938,2585,54
61275003,1167,146
61277152,5575,54
61277810,1205,36
61277914,1207,24
61278149,444,168
61278404,1010,213
61278438,1198,38
61278585,10553,5
61278710,1213,168
61278786,838,168
61279043,5700,36
61279833,2257,9
61280442,3579,196
61280584,208,210
61280739,85,168
61280821,267,210
61280840,1082,162
61280922,5,168
61280946,528,210
61281262,389,210
61281865,3886,61
61282109,4119,210
61282937,18,54
61282988,2244,54
61283735,919,162
61283878,6982,58
61284003,2834,196
61284906,3240,162
61284927,2924,36
61285018,1361,5
61285758,4231,61
61285769,228,210
61286295,167,210
61286646,203,168
61286676,372,210
61286817,2964,196
61287243,10257,61
61287324,941,210
61287490,193,168
61287980,4183,36
61289764,3630,196
61289981,4104,61
61290267,1813,162
61290886,8382,58
61291128,421,210
61291627,344,168
61291668,4547,54
61291707,576,210
61291776,4569,64
61291815,555,210
61292102,28,168
61292476,13806,38
61292965,374,168
61293291,69,54
61293367,3732,162
61293377,3517,196
61294086,4472,61
61294553,1253,38
61294790,366,168
61294955,621,168
61295016,237,54
61295321,376,168
61295845,31,168
61296540,1773,38
61296876,2980,196
61296906,6,168
61297372,194,168
61297500,10351,61
61297555,690,210
61297959,879,162
61298471,6,168
61298559,3937,61
61298596,33,61
61299290,608,210
61299476,596,162
61299837,2947,196
61299911,3329,210
61302459,20,61
61302479,4355,61
61302767,2980,196
61307285,630,61
61307313,4400,61
61307952,33,61
61309628,10215,61
61311173,4387,70
61311753,7120,22
61312315,4555,61
61314818,12837,196
61314880,32,196
61315561,11619,70
61316852,4692,61
61317005,14524,38
61319092,36,210
61319369,80,210
61319559,23,210
61319845,10937,61
61320338,329,210
61320469,441,210
61320659,342,210
61321112,46,210
61321519,29,61
61321547,3936,61
61321593,33,61
61325483,5319,61
61325528,33,61
61327182,10073,70
61327657,12319,196
61330783,10175,61
61330806,4015,61
61330850,34,61
61334820,4089,61
61337256,4570,70
61338914,3949,61
61338955,44,61
61339305,876,22
61339977,13294,196
61340956,10366,61
61341829,4716,70
61342131,33,43
61342863,5139,61
61344004,34,196
61346547,4499,70
61346921,3513,196
61348147,710,5
61348292,4156,61
61348333,33,61
61350415,3079,196
61351047,4536,70
61351325,10524,61
61351846,284,10
61352147,302,10
61352449,4692,61
61352466,273,10
61352756,268,10
61353040,320,10
61353090,150,110
61353377,285,10
61353470,3259,196
61353496,34,196
61353679,276,10
61353739,5,168
61353779,25,210
61353879,851,168
61353975,96,10
61354379,262,210
61355095,5801,64
61355413,5631,210
61355586,9609,70
61356716,3114,196
61357138,4967,61
61357611,211,38
61357724,746,24
61358202,72,198
61358319,243,168
61358411,2417,198
61358592,12641,58
61358750,3374,168
61359486,571,24
61359607,890,54
61359803,4124,196
61360837,1553,54
61361840,10397,61
61362107,4782,61
61362142,32,61
61363250,750,168
61363617,464,54
61363918,3162,196
61363951,47,196
61364051,1385,5
61364461,117,110
61364955,316,54
61365195,5115,70
61365421,1405,38
61365449,1099,54
61365874,49,110
61366337,46,110
61366584,188,54
61366880,4729,61
61366941,84,61
61367023,85,110
61367076,3151,196
61367333,321,54
61367626,109,110
61367919,2603,5
61367980,275,54
61368735,260,54
61369035,378,54
61369134,31,110
61369404,1829,9
61369549,2707,54
61369822,27,110
61370188,23,196
61370209,2937,196
61370704,30,110
61371607,5203,61
61371648,33,110
61371650,34,61
61372089,30,110
61372123,751,64
61372969,6486,54
61373107,5672,70
61373144,3800,196
61373432,519,54
61373644,29,110
61373798,10454,61
61374273,8,80
61374313,2166,54
61375076,8,80
61375143,6104,58
61376483,4422,61
61376827,3713,54
61376925,3076,196
61376945,33,196
61378160,120,80
61378701,264,80
61378781,5752,70
61379540,8,80
61379900,13730,38
61379980,3256,196
61380001,34,196
61380888,5148,61
61380933,33,61
61382637,69,38
61382843,8,38
61382856,4134,38
61383155,13,38
61383206,33,196
61383223,3296,196
61383266,34,196
61384536,10043,70
61386038,4453,61
61386081,34,61
61386516,3800,196
61390299,2876,196
61390350,26,196
61390488,3986,61
61390742,10327,61
61393498,781,196
61394581,9654,70
61395635,4282,61
61397203,319,162
61399912,4770,61
61400662,26,210
61400886,13790,38
61400984,10,210
61401089,10417,61
61402313,16,210
61402425,210,210
61402689,119,210
61403065,120,210
61403580,10,210
61403592,12725,196
61403638,50,196
61404237,9750,70
61404703,4519,61
61404727,24,61
61404735,6,210
61404993,4,210
61405995,7,210
61406271,4,210
61406562,4,210
61406961,7,210
61407097,5,210
61407595,9,210
61407697,6,210
61407858,6,210
61408008,6,210
61409209,5447,61
61411508,10162,61
61414656,3981,61
61414694,32,61
61416320,11789,196
61418640,4193,61
61418682,32,61
61421668,9992,61
61422832,3786,61
61426619,4290,61
61426663,34,61
61428098,33,196
61428110,11650,196
61428155,34,196
61428530,177,43
61430536,52,43
61430590,44,43
61430636,342,43
61430911,4025,61
61430948,30,61
61430980,285,43
61431267,244,43
61431660,10291,61
61434897,4313,61
61439216,3832,61
61439258,32,61
61439762,12461,196
61441954,10119,61
61442943,5448,36
61443050,6345,61
61444753,11672,70
61444827,1245,70
61446071,4303,70
61449394,6971,61
61449437,33,61
61450377,4188,70
61452768,5,210
61452800,5,210
61453036,5,210
61453290,4,210
61453402,10,210
61454566,9958,70
61454571,8,210
61454699,4,210
61455194,6,210
61455358,10094,61
61455540,5567,36
61455650,11922,196
61455671,34,196
61456164,6,210
61456364,4411,61
61456860,6,210
61456934,4,210
61456990,13,210
61457094,20,210
61457413,39,210
61457841,17,210
61457910,22,210
61458021,59,210
61458165,70,210
61458468,653,210
61459496,2812,38
61460757,4235,61
61460776,33,61
61462890,7552,36
61464166,544,210
61464526,9625,70
61464973,4375,61
61465017,43,61
61465083,2135,168
61466460,7,210
61467554,12362,196
61467597,40,196
61468941,6,210
61469349,4073,61
61469392,33,61
61472345,7943,22
61473164,8,210
61473430,4515,61
61473648,8,210
61474151,8948,70
61474603,10223,61
61477937,5380,61
61477983,34,61
61478626,13,210
61479204,12,210
61479497,212,210
61479730,13,210
61479914,11893,196
61479954,38,196
61479954,38,210
61480022,12,210
61480162,11,210
61481343,22,210
61481634,36,210
61481795,39,210
61481875,24,210
61481952,33,61
61481968,4222,61
61482028,12,210
61482202,12,210
61482401,29,210
61482558,23,210
61482613,23,210
61482660,176,210
61483059,178,210
61483112,8716,70
61484827,10142,61
61486191,4009,61
61486232,34,61
61490198,4402,61
61491809,21,196
61491823,12262,196
61491831,4405,70
61491855,34,196
61492388,24,210
61492534,42,210
61492577,176,210
61493346,30,210
61493608,42,210
61493804,41,210
61494000,41,210
61494604,3878,61
61494973,10295,61
61496240,4216,70
61498479,4307,61
61500458,4268,70
61502791,4144,61
61504082,12256,196
61504124,33,196
61504727,8427,70
61505268,10026,61
61506932,4649,61
61511582,4097,61
61513155,5112,70
61514930,79,43
61515296,10677,61
61515684,4305,61
61516333,13507,196
61516382,32,196
61516775,33,61
61516847,57,43
61516906,55,43
61516963,287,43
61517253,378,43
61517634,339,43
61518270,5099,70
61522120,4383,61
61522165,34,61
61523371,5501,70
61525258,14480,36
61525971,8168,61
61526504,5028,61
61526549,33,61
61528875,10720,70
61529827,21,196
61529844,15240,196
61529889,33,196
61530954,629,162
61531076,34123,38
61531515,21,61
61531533,4673,61
61531577,22,61
61532962,394,210
61536208,6325,61
61539121,99,36
61539410,8,36
61539554,10,36
61539597,12247,70
61539612,9,36
61539755,4691,36
61539845,605,36
61542510,5133,61
61542534,51,61
61544000,432,162
61545093,14409,196
61545132,78,196
61545874,239,162
61547626,5586,61
61547645,35,61
61551847,11542,70
61552334,373,210
61552665,385,210
61552745,448,210
61553204,4649,61
61553212,2373,210
61553224,30,61
61555804,302,210
61556377,306,210
61557847,5608,61
61557866,43,61
61558609,234,210
61559494,12906,196
61559544,84,196
61563440,4441,61
61563483,35,61
61567410,6247,61
61567746,4360,61
61569354,18,9
61569392,7837,9
61572105,4043,61
61572150,35,61
61572403,11887,196
61573641,10078,61
61575573,35,210
61575806,48,210
61576148,4256,61
61576361,2103,61
61576423,52,210
61576476,71,210
61578375,49,210
61578802,68,210
61579121,5,210
61579724,49,210
61580022,61,210
61580422,3934,61
61580425,39,210
61580660,169,210
61581134,201,210
61581336,328,210
61581830,39,210
61582488,107,210
61582817,49,210
61583033,15,210
61583242,221,210
61583638,918,210
61584295,11668,196
61584345,4170,61
61588515,3828,61
61592343,4288,61
61595961,12136,196
61596634,3796,61
61600432,4187,61
61600592,6347,61
61600766,995,61
61600819,7007,61
61601206,608,196
61601330,67,43
61603168,24,196
61603176,33,61
61603237,68,43
61603307,43,43
61603352,242,43
61603596,294,43
61603892,628,43
61606010,1878,196
61607582,3899,61
61610655,6107,61
61611161,2922,196
61612666,280,168
61614064,3031,196
61614411,4607,61
61616745,6051,61
61616880,1524,38
61616888,1181,38
61617077,4143,196
61617930,19541,213
61618057,522,38
61618634,35,38
61618779,1504,38
61619020,4824,61
61619391,1925,210
61620393,806,38
61621181,3240,196
61621490,7,210
61621878,4454,38
61622243,190,162
61622796,6164,61
61623293,54,210
61623545,33,210
61623717,10,210
61623843,5377,61
61624056,12,210
61624087,179,162
61624403,3110,196
61624608,175,210
61624848,144,210
61625341,249,210
61625590,1049,210
61625768,623,24
61626805,20,210
61626901,5,210
61627076,5,210
61627149,4,210
61627287,10,210
61627372,32,210
61627494,2968,196
61627590,32,210
61627908,1431,168
61628280,35,210
61628521,32,210
61628599,31,210
61628687,34,210
61628776,44,210
61628931,163,210
61628961,6219,61
61629219,4076,61
61629273,31,61
61629536,319,168
61629633,199,210
61629851,71,80
61630120,159,210
61630441,3823,196
61630753,7,80
61630913,779,38
61631992,246,38
61632104,59771,146
61632213,53661,146
61632266,6235,58
61632492,303,210
61633312,4689,61
61633317,265,210
61633348,36,61
61633600,536,38
61633843,9,80
61634179,842,38
61634220,1094,36
61634260,5445,196
61634266,13,80
61634341,7144,80
61634946,823,162
61635182,6054,61
61635255,1163,38
61635367,2153,36
61635567,325,210
61635930,1950,210
61636816,807,162
61637994,6685,61
61638416,17,168
61638446,289,168
61638597,3868,38
61638767,15740,70
61638880,331,210
61638895,11219,70
61639424,173,210
61639551,284,162
61639681,4195,196
61640121,1531,210
61641014,482,210
61641242,6227,61
61641613,12216,80
61642236,1709,36
61642683,600,210
61643259,1220,210
61643311,1416,210
61643479,862,210
61643873,4171,196
61643959,3384,36
61644679,6033,61
61644723,22,61
61647470,5951,61
61647528,4283,36
61648023,3457,196
61650712,4111,61
61652155,1546,162
61652430,37,80
61653417,6052,61
61653697,9190,70
61654529,33,61
61654641,321,162
61655068,110,80
61655447,26975,162
61655563,289,80
61655944,9677,80
61656463,176,70
61657370,28806,22
61657936,25,210
61658043,52,210
61658108,23,210
61658432,24,210
61658582,23,210
61658678,4612,61
61658895,73,210
61659069,358,210
61659470,6131,61
61660160,12601,196
61660207,33,196
61661424,46,210
61662037,23,210
61662303,32,210
61662558,41,210
61662640,589,210
61662888,9115,70
61662962,47,210
61663277,4156,61
61663334,49,61
61664833,7,210
61664916,99,210
61665603,6122,61
61665944,375,80
61666471,122,210
61666652,872,80
61667445,22,61
61667446,30,96
61667463,4621,61
61667543,35,80
61667975,294,80
61668293,75,80
61669030,293,80
61669525,146,80
61669861,27,80
61670468,48,96
61671723,6296,61
61672008,9079,70
61672072,4301,61
61672113,34,61
61672768,12761,196
61672809,33,196
61676374,4913,61
61676415,33,61
61678022,6230,61
61681085,11352,70
61681276,4565,61
61681330,36,61
61684198,6077,61
61685527,11889,196
61685849,4309,61
61685891,37,61
61687730,66,43
61689630,102,43
61689735,53,43
61689840,11,110
61690145,181,84
61690161,4029,61
61690181,106,110
61690192,38,61
61690334,6234,61
61691133,48,110
61691273,7964,36
61691823,42,110
61692442,8845,70
61692519,25,110
61693005,2852,196
61693012,26,110
61694273,5223,61
61695370,18871,9
61695838,3119,196
61695858,34,196
61696566,6521,61
61696680,40,110
61696861,136,64
61697011,3680,64
61698267,68,110
61698937,3132,196
61698958,34,196
61699265,3958,36
61699328,63,110
61699479,38,61
61699496,4719,61
61699541,33,61
61700275,3535,24
61700306,4246,168
61700658,7790,64
61700674,4476,58
61700702,7751,64
61701289,12835,70
61702049,5380,196
61702936,11421,162
61703092,10968,61
61703285,560,83
61703844,137,83
61703980,195,83
61704173,155,83
61704177,47,61
61704225,10002,61
61704235,10053,213
61704371,47,210
61704459,58,210
61704861,378,210
61705061,309,83
61705277,8898,36
61705369,415,168
61705598,185,210
61705797,8489,58
61705995,362,146
61706303,192,80
61706351,10543,61
61706532,1976,80
61706841,51,83
61707397,25,196
61707416,6936,196
61707436,82,210
61707511,2890,70
61707659,109,83
61708532,22,96
61709882,11,96
61711163,38,210
61711592,133,83
61714583,94,83
61714675,87,83
61714761,141,83
61714901,93,83
61714993,86,83
61715011,8339,9
61715227,8,96
61715404,3849,213
61715520,17,96
61715896,6311,58
61716233,73,110
61716723,843,36
61717213,9,110
61717547,2129,36
61717602,10,110
61718455,6284,61
61718634,3266,196
61718747,41,110
61719197,3101,58
61719680,75,110
61719692,1597,36
61719948,4394,213
61720129,12,80
61720587,7,80
61721363,8586,36
61721512,8,80
61721819,6,80
61721844,2162,168
61721883,3019,196
61723283,1039,80
61723355,24,135
61723509,320,9
61724183,1388,168
61724497,33,31
61724514,49,31
61724736,4074,61
61724898,2936,196
61724958,10050,61
61727816,3485,196
61728169,1422,168
61728773,142,210
61728813,4458,61
61729205,2807,210
61729873,277,168
61729981,717,36
61730334,585,80
61730718,50,36
61730801,1378,36
61730805,33,36
61731285,2966,196
61731372,22881,80
61732339,4560,162
61733257,4856,61
61734105,4871,162
61734231,3102,196
61735007,10317,61
61737127,6335,61
61737284,4132,61
61738680,57,210
61739209,57,210
61739499,308,210
61741420,3991,61
61741680,218,210
61742092,276,210
61742650,56,210
61742807,80,210
61743638,79,210
61744405,29,210
61744661,10076,70
61744890,49,210
61745028,11067,210
61745369,10104,22
61745411,4574,61
61746119,12726,196
61746297,25,210
61749982,4316,61
61750030,34,61
61754274,4484,61
61754738,11875,70
61758788,4142,61
61758817,30,61
61758852,15611,196
61758894,32,196
61761048,6254,61
61762928,4468,61
61766619,16912,70
61767314,9740,61
61767415,7535,61
61767444,28,61
61777037,34,196
61777238,4647,9
61778009,4128,36
61779359,7577,9
61780058,3145,196
61780431,6379,61
61782149,2961,36
61783189,3841,196
61783209,35,196
61783498,5735,61
61783531,22129,70
61783867,777,211
61785120,4396,36
61785863,3077,58
61786309,750,211
61786798,6617,61
61786956,5279,61
61786988,18763,9
61787009,3217,196
61787244,1225,61
61788156,45,210
61788237,6,195
61788286,5,195
61788498,5,195
61789217,15310,61
61789519,58,210
61789929,61,210
61790098,25,210
61790112,3350,64
61790212,3227,196
61790321,51,210
61790961,53,38
61790997,105,210
61791083,17,210
61791238,285,210
61791730,97,38
61791892,1121,162
61792208,1507,38
61792232,2465,168
61793433,12188,61
61793435,3277,196
61793487,714,24
61793718,12053,211
61793723,12047,162
61794161,4705,162
61794214,1143,38
61795263,86,1
61795409,86,110
61795417,77,38
61795696,512,168
61795985,88,110
61796257,73,38
61796706,3220,196
61797362,204,210
61797627,340,110
61797702,441,210
61799133,1856,210
61799921,2871,196
61802948,6297,61
61803055,6463,61
61805968,25,61
61808689,86,195
61808817,3272,196
61808868,5,195
61808892,24,195
61808917,2853,36
61809123,176,210
61809506,15,195
61809843,4000,210
61810539,14366,196
61812051,2894,196
61812235,6243,61
61812316,146,95
61812437,5584,61
61812481,32,61
61812532,1567,210
61814144,634,210
61814253,31,38
61814623,1794,210
61814939,3480,196
61816509,123,210
61816683,2404,36
61817510,1385,58
61817831,3246,162
61817851,50,162
61818024,6434,61
61818351,3799,210
61818398,2892,196
61818478,6228,61
61819159,10,38
61819182,3914,36
61821059,856,162
61821270,2922,196
61822347,95,210
61822693,1623,211
61822851,7312,22
61823249,1051,211
61824450,4333,61
61824501,36,61
61824709,6336,61
61828469,27379,70
61829040,21201,70
61829405,1683,210
61829737,5268,61
61831040,7268,61
61832480,41,210
61832909,200,210
61835000,6150,61
61835617,15185,196
61838310,6473,61
61841096,44,61
61841141,5260,61
61841202,22,61
61844782,6851,61
61846414,5760,61
61846465,33,61
61850821,24784,196
61850868,33,196
61851634,6514,61
61852179,4015,61
61855849,9081,70
61856198,19284,61
61858153,5975,61
61860026,1517,61
61860530,15,43
61873039,113,1
61873158,2936,168
61875012,7998,38
61877310,10424,58
61878010,5971,26
61878437,337,168
61878531,3017,196
61879817,4968,61
61880006,58,110
61880623,5284,38
61881302,6174,61
61881532,3528,196
61881724,102,110
61882449,120,110
61883373,7953,38
61884083,3311,9
61884374,94,110
61885041,3073,196
61885095,504,95
61885405,224,110
61885461,500,213
61885992,5063,213
61886278,5405,61
61887380,78,110
61888096,2981,196
61889014,1130,95
61890327,80,110
61890666,2839,58
61890879,25,210
61891052,4963,24
61891058,2835,196
61891155,30,210
61891262,127,110
61891460,9494,38
61892788,4444,61
61892912,68,210
61893048,68,210
61893062,53,210
61893303,80,168
61893369,102,210
61893490,291,210
61893512,959,213
61893875,3231,196
61895058,6,99
61895404,1148,198
61897088,2988,196
61897216,4500,61
61898173,10125,70
61898828,1333,24
61900056,3003,196
61900373,417,168
61900847,1670,168
61901715,3972,61
61902533,6062,61
61902676,353,168
61903039,2890,196
61905689,4068,61
61905913,3205,196
61908594,6086,61
61909773,12475,196
61909813,4590,61
61910358,700,196
61911080,10172,70
61914386,3938,61
61914681,6190,61
61918326,4375,61
61918367,33,61
61920870,6030,61
61921253,9513,70
61922230,11938,196
61922273,32,196
61922682,38,61
61922698,4015,61
61922745,33,61
61926686,33,61
61926718,4388,61
61926763,32,61
61926906,6034,61
61930768,8165,70
61931108,3883,61
61931149,33,61
61932936,6227,61
61934154,33,196
61934169,12046,196
61934212,32,196
61934991,4220,61
61938935,8255,70
61939166,6138,61
61939211,4027,61
61939256,20,61
61943240,4280,61
61945308,6127,61
61946215,12018,196
61946930,194,43
61947192,8116,70
61947521,3847,61
61948781,33,196
61948969,49,43
61949021,43,43
61949067,253,43
61949322,297,43
61949622,309,43
61951435,6044,61
61951951,3023,196
61952082,13,110
61952466,541,110
61952798,4538,61
61952840,33,61
61953049,35,110
61953429,39,110
61953729,494,198
61954277,538,198
61954645,71,110
61954954,2989,196
61955310,8051,70
61955869,342,198
61956419,1027,198
61957337,5452,61
61957376,41,61
61957476,6245,61
61957812,958,198
61957925,3239,196
61958714,4,95
61958817,1285,95
61958897,1285,198
61960623,24277,146
61960744,20365,146
61960785,14,1
61960864,11,1
61960969,157,95
61961000,32,1
61961082,476,198
61961129,29,196
61961161,3577,196
61961384,13,1
61961445,9,198
61961522,32,1
61961606,37,198
61961613,19528,22
61961698,1580,198
61961830,301,198
61962243,14,1
61962790,4836,61
61962938,540,198
61963363,19438,70
61963720,6219,61
61963899,7485,213
61964279,15,1
61964699,13,1
61964732,3070,196
61965166,95,198
61966207,54,1
61966327,1817,1
61967624,4460,61
61967782,3583,196
61968176,12,1
61968341,13,1
61968429,623,1
61968693,5021,210
61969944,6460,61
61970185,21,1
61971455,3321,1
61972098,6948,61
61972107,4543,196
61972136,61,61
61972617,204,110
61975113,1838,24
61975464,3399,168
61976165,3220,1
61976412,6677,61
61976626,3948,213
61976643,1804,196
61977507,296,24
61977869,41,110
61978230,56,38
61978386,65,110
61978857,37,110
61979017,137,80
61979032,4748,61
61979323,86,110
61979646,15,1
61979715,124,80
61979853,15,1
61980042,442,1
61980096,14,210
61980138,238,24
61980748,745,1
61980824,624,24
61981346,366,210
61981494,8,80
61981502,226,1
61981549,927,24
61982107,33,210
61982800,7084,70
61982858,158,210
61982916,1208,24
61983086,8815,61
61983790,4519,61
61984956,3028,196
61985882,166,168
61985905,137,80
61985913,208,210
61986120,140,168
61986378,131,210
61986773,10048,61
61986951,17,80
61987243,17,80
61987789,37,210
61987810,495,210
61987967,1921,196
61988012,129,80
61988307,1562,61
61989115,299,80
61989123,35,80
61989592,6,80
61989847,19,80
61992031,25,38
61994136,3867,61
61995893,4318,61
61996332,6436,61
61998817,12844,38
62000213,4059,61
62004188,11908,196
62004275,4473,61
62008431,6254,61
62008747,3982,61
62011661,6021,38
62012733,4206,61
62014683,6132,61
62016096,11687,196
62016941,3929,61
62020819,6246,61
62020869,4171,61
62025038,3882,61
62027063,6158,61
62027788,11946,196
62027829,33,196
62028925,4704,61
62033223,6121,61
62033331,72,43
62033629,4884,61
62035234,71,43
62035307,41,43
62035350,448,43
62039002,4406,61
62039348,6057,61
62039734,12020,196
62043409,3860,61
62045406,6091,61
62047243,28,61
62047270,4541,61
62051495,6277,61
62051753,11922,196
62051813,3986,61
62055797,4296,61
62057773,6100,61
62060093,3854,61
62063676,12171,196
62063876,6198,61
62063950,4488,61
62067923,15467,38
62068068,1664,54
62068441,3954,61
62068482,33,61
62069768,1541,54
62070075,6083,61
62070233,16882,70
62071386,2080,54
62072369,25,61
62072392,4678,61
62073528,3521,54
62075849,12903,196
62075892,33,196
62076158,6219,61
62077052,21,61
62077072,4163,61
62077357,1055,54
62078519,353,54
62081236,4612,61
62081281,33,61
62082377,6236,61
62084747,3903,1
62086119,4118,61
62088192,19321,70
62088611,6126,61
62088728,22,196
62088749,12516,196
62088788,47,196
62090239,4875,61
62092816,8,80
62093323,19,80
62094739,6193,61
62095097,22,61
62095115,4258,61
62095161,33,61
62096210,8,80
62096736,8,80
62097044,8,80
62097477,6,80
62097824,24,80
62098122,20,80
62099378,5026,61
62100933,6163,61
62101272,12854,196
62104402,4493,61
62104448,34,61
62107098,6085,61
62107516,6597,70
62108898,4922,61
62113184,6195,61
62113818,3995,61
62113863,33,61
62114115,9010,70
62114126,11997,196
62117817,3737,61
62119380,6109,61
62119731,74,43
62121647,70,43
62121719,47,43
62121768,295,43
62122066,266,43
62122334,243,43
62124552,10017,22
62126122,12293,196
62126156,4213,61
62128406,8954,70
62130350,4759,61
62130394,51,61
62134506,6108,61
62135111,3821,61
62135165,136,198
62135863,46,198
62135986,490,198
62136801,10257,61
62137024,4226,61
62137110,3497,196
62138420,12183,196
62138914,4263,61
62143180,3918,61
62147098,4120,61
62150601,12220,196
62150973,5050,36
62151218,5979,61
62151465,2243,168
62153149,6216,61
62153900,12055,70
62153934,10472,70
62157201,7970,61
62157326,7677,36
62159365,6136,61
62162854,12823,196
62162875,33,196
62164420,4490,70
62165173,4838,61
62165503,6005,61
62165609,4615,22
62165656,284,22
62170165,4623,61
62170209,33,61
62171510,6350,61
62172042,10434,61
62172767,15390,38
62172853,15340,38
62174787,4247,61
62175616,7626,64
62175660,12196,196
62176019,4647,70
62179052,4514,61
62180667,4541,70
62183387,249,64
62183553,3890,61
62183644,12043,64
62185210,11170,70
62187443,4732,61
62187856,11986,196
62187900,33,196
62191545,6285,61
62192176,3937,61
62192220,33,61
62196116,4331,61
62199842,12741,196
62200445,3914,61
62200490,33,61
62202733,8250,70
62204363,4717,61
62205828,1239,61
62205951,875,196
62206131,66,43
62207967,24,196
62208035,79,43
62208116,46,43
62208164,259,43
62208425,377,43
62208806,395,43
62208999,5802,61
62211109,1254,24
62211427,3143,196
62211449,33,196
62211572,586,1
62211789,110,110
62212777,2027,61
62213503,1607,36
62213523,448,1
62218867,6195,61
62218909,4048,61
62219087,2983,196
62221020,173,198
62222446,350,22
62222517,2401,198
62222840,8230,70
62222884,6249,22
62223194,3035,196
62224147,21,38
62224166,331,38
62224260,5383,61
62224712,3,38
62225726,952,198
62226029,18497,64
62226127,44,80
62226217,3885,196
62226236,43,80
62226407,5947,61
62226703,211,168
62226866,382,198
62226975,532,80
62227058,1691,168
62227190,2463,36
62227618,14,80
62227724,2228,5
62227956,42,80
62229657,3804,61
62229697,2250,36
62230084,2868,196
62230978,333,168
62232112,2249,36
62232354,6641,61
62232378,8439,70
62232384,22,61
62232933,3267,196
62233452,6509,61
62233651,186,1
62234052,16671,1
62234419,952,24
62234520,3171,36
62235464,1187,198
62235847,187,198
62236104,8,198
62236183,3800,196
62236235,85,198
62236854,176,198
62237121,1119,198
62237978,75,5
62238129,2356,36
62238990,6600,61
62239801,1090,24
62239971,4846,61
62239979,4248,196
62240569,2549,36
62240823,16742,70
62242374,32,210
62242486,80,210
62242730,59,210
62242763,986,24
62243390,100,210
62243606,2452,36
62244088,95,210
62244211,3407,196
62244589,595,64
62244806,6172,61
62244897,71,210
62245226,47,210
62245233,12083,64
62245517,124,210
62245682,6,210
62245911,48,210
62246325,65,210
62246628,4694,36
62247282,67,210
62247599,3636,196
62247619,33,196
62247688,65,210
62247859,3540,168
62248095,55,210
62248315,48,210
62248489,68,210
62249010,74,210
62249758,83,210
62249973,439,168
62250444,1004,210
62250964,4362,61
62251025,32,61
62252436,3725,1
62255388,32,61
62256700,10118,61
62260063,3959,61
62263960,11889,196
62264002,22,196
62264023,4269,61
62268291,3867,61
62272161,4108,61
62275850,12225,196
62275892,33,196
62276270,3817,61
62276312,35,61
62280089,4433,61
62284519,4305,61
62288828,4576,61
